Abrocoma_cinerea -57.8991899128778 -25.8579872350313 16.0160437775371 5.48022627087495 -2.8149859430421 -27.6701461854248 5.09847955288003 0.808666112918467 -1.28641014664937 9.82123328124948
Abrothrix_olivacea 13.7577635731642 -11.3723214207735 -14.7695696498321 -4.88308584734905 9.15292751227143 20.1632921181884 -0.801962083271248 10.8796407724336 9.25577830877126 11.1748693190099
Acinonyx_jubatus 9.45938547829109 2.96925956919039 16.8749519587317 26.0883398128848 32.9986656559456 2.8395522255258 -11.4405543514854 -11.442125088639 -6.06364471611937 -3.12266994156863
Acomys_cahirinus -0.616095808463541 -21.7175798059917 2.11558703406927 4.1668038521037 7.11382368771754 1.1295137486187 3.25046128098016 19.9215656187242 1.41362240751093 3.54415106410742
Acrobates_pygmaeus 34.5931788892085 -28.7257941056313 -4.53727887509582 22.9598628127849 -23.1665572375647 0.619642944788644 29.5621248629584 -0.305372329520774 6.82298910775381 4.56123780927977
Adapis_parisiensis -29.2033519280338 -22.5311808462133 6.50193333335574 20.277471268941 9.60485698236334 9.0780168707501 -10.6084414949552 -2.85157536817971 -4.63992906212671 11.4169296886905
Adinotherium_ovinum -66.8028000129364 13.0733600276 -22.2564074276093 -0.113184896739095 14.0146582092744 -8.6276632929127 2.90419382826801 4.27471347832878 7.24793890971189 12.3618826836117
Aenocyon_dirus -24.5779665577075 16.7885982484779 -1.68368098856738 20.2009587116952 25.8543116124779 10.3190090445899 -24.0507179005296 -13.5816615058732 1.36755987644634 4.53974876364723
Aepeomys_lugens 20.8238507091925 -10.4860191467555 -0.0449512434708207 4.18204311774813 8.50866276156401 17.2906616866537 2.47632085989686 13.2295570988207 2.92651336040093 8.87776975995479
Aethalops_alecto -6.86474219789775 -9.88189812208282 -5.40001111962529 9.09398173624345 19.6762853118639 -13.743436151791 -1.71012514813454 8.31971489106073 1.44751992150382 5.94839065649516
Agriochoerus_sp -6.46423759422377 -8.91960578426773 40.5286974802777 -14.1767993251178 7.99581397674068 -15.1347300408099 -8.34248652133076 -1.20999461704631 -10.1938517366173 -0.628536190607504
Ailuropoda_melanoleuca 10.1057284576809 8.99988225705788 7.99654678104104 18.4082040633565 29.2822452320581 3.77435817260301 -5.29427581528546 6.42919943616067 -2.04604372541036 4.71799428149646
Ailurus_fulgens -10.6436438905355 -9.85044838119494 21.3854558052262 38.8840939944681 17.8919760745164 9.17401665914763 -11.2127795825526 2.10010424934216 -3.22721500537988 8.06995254755829
Albacetus_salvifactus 72.7451447637369 34.7571005838795 9.5659195571956 11.4961281329646 -20.9275387151045 -1.55009992798079 -15.8636156416273 -2.44881951886966 -0.072023466177306 -0.821990923935137
Alcelaphus_buselaphus -9.33800556060946 23.0027754542583 -18.3383004807284 20.583562177205 28.1137467606389 -22.6122896973514 -3.79052219913841 -0.208452514158202 -1.20467465813888 -2.78170460524806
Alces_alces -43.6577662271197 17.7612314605379 -0.292814423841269 24.5670792239451 21.3636540679494 24.7638106623104 -12.3570460341793 -7.53711188655356 -11.1105051935524 3.81301310685386
Alouatta_palliata -9.31893962743963 13.4138050196824 3.13637779675925 51.662895945724 26.5187429211906 25.9685259368643 -20.98891929304 -7.41364705415291 5.54536901706243 5.51165266727054
Alticola_argentatus -5.05470913857772 -14.706648745215 -4.02949960274368 2.48985100867186 -8.19824912010949 8.60518695334169 -12.9814369981722 2.71059022496262 3.5526940485602 5.91618537829425
Amblysomus_hottentotus 43.547650250145 49.1753160640916 -11.2269149399585 -4.05577945629005 3.67495536402478 -0.520873943772589 14.2550070992891 15.1616730614687 7.53923089535067 -0.684521901885362
Amynodon_advenus -57.134887506861 -1.35397971747509 12.4393544308436 1.2722638567844 -3.12728313008575 -31.6288517575893 -12.6811797584633 2.39447148067596 -4.97236224786358 10.8087778588057
Anomalurus_beecrofti -34.7062146555065 -18.3907448015198 11.848431533519 18.7655610730384 -0.458176750779443 0.310069805979329 -7.21809344680409 -8.40227402703133 -0.312571391897793 8.04228180182269
Anoplotherium_sp -34.5504372202001 -6.56018403828495 19.7984904528488 -20.6143843810074 9.18025294035005 -20.6963891412228 -13.8286871709488 -4.13396210574804 0.636456905179331 4.83620451770186
Anotomys_leander 29.8281478102725 -9.41062631311945 -2.1092068670977 0.448799374201913 -0.54755811467632 23.2011109182954 -12.34620546718 2.35684639033016 -1.59489887314812 4.89187387200227
Anoura_geoffroyi -26.3545348684367 -9.00847877477925 -20.7645790742211 -11.7537297044222 57.0496323248432 -4.81141895110053 75.3549285451767 -8.16337799265714 -3.1907820635018 23.4689549844768
Anourosorex_squamipes 37.8215691818972 18.0717911749833 -33.7250410439337 -14.5466694692459 -2.03034410936871 10.2390737754753 3.35615047151475 22.6534282352952 1.79429571899522 -1.72954464042536
Antechinus_flavipes 14.9049951326189 -7.55062720081825 -13.3651310359057 -4.80472085435571 -8.50720161251704 10.680534544476 11.8588686959151 2.80807751565578 2.24635104076325 7.2540695203522
Antilocapra_americana -23.1193777892229 10.0919399548999 19.3016011198125 44.6613516189817 40.1546279915905 0.305995668801166 -5.78888051731818 5.03037397696743 -12.2934100657582 2.0299790279541
Antrozous_pallidus 5.9240668927963 -44.582079992357 2.76008158469745 -22.4247473351052 4.74508005092774 -17.3867655791167 -1.98025418352313 20.5522332718503 2.34695034304867 3.46715180473709
Aotus_trivirgatus -1.85910005780662 28.4391838285543 15.0072619795155 33.7085923350625 33.3113444906072 34.8665519374073 -8.37183673567872 -17.1169202698681 8.40365779371517 7.14082077798394
Aplodontia_rufa -4.37856982923696 -21.5848806002282 -13.0032660247491 0.982130474181829 -8.82972079424906 5.6737266571387 1.1354168170223 12.2654636251095 4.14735818532684 13.3466709214914
Apterodon_macrognathus 30.7096338599345 -16.6496554260035 -1.19563945360865 -6.22693885403988 36.933372808897 -19.9826157723551 1.44030368506414 -11.3720045061138 -12.0503789355931 4.60655482340178
Archaeolemur_sp -13.6922364444458 7.50555488108576 -3.41937132865901 51.9139090240177 7.55410150889686 7.21081916890778 -9.57699808124426 0.168538297258871 0.145866973805469 2.9894538358376
Archaeotherium_mortoni -47.3811964704851 -28.4994435958269 16.0041802960575 -10.1234883790215 -1.09583854396149 -8.53380750831915 -11.4260716361827 -12.9488916037683 -7.42761032170355 12.9618713567704
Arctocyon_primaevus 6.95967838267231 -11.7728430953559 -21.713480096504 -11.979297232583 15.3597900310946 -11.739979116597 -19.8718666635318 -5.13652184228251 0.296774080901221 10.1101003311601
Arctodus_simus 10.1461429639134 16.2738784017844 10.4208690090239 16.773838189808 9.21431951823523 -14.7250861597818 -26.513420227582 -5.82442718395932 -5.67379452349623 8.74326607212143
Argyrocetus_joaquinensis 63.1909874233437 45.3126880811065 -11.2561160345203 -12.6856204424177 -51.9243907149348 26.841698598666 -46.1028800569392 -9.98143258335785 -17.1726082976242 8.3928110748208
Artibeus_planirostris 49.4102846026962 -37.8400446701503 5.18349220630127 12.9015775839552 7.81031556097129 4.60561848307965 4.73323559279293 11.8539517816322 -7.32660868324257 13.9318341807842
Arvicola_scherman -8.16382564288594 -4.92859956021157 -18.8683171926217 -9.82244409784626 -12.1284868671953 9.82979732380924 -5.56667258682647 -0.57059973243519 9.27304410772386 13.2748669040514
Asellia_tridens 5.42897423593131 -43.2550187469565 14.1673571081666 3.54435629544695 9.31827161538761 -24.97885771142 10.2426417390747 14.6112967635678 -7.00803343040582 -1.35346541419102
Ateles_geoffroyi -7.19217206095005 39.3031244646659 8.22128026719827 60.1002410628082 17.2405908377707 24.8608296900303 -14.0195947944346 -2.57701996771697 9.43806501692439 -7.11926250397372
Aulophyseter_morricei 57.8033715677011 83.0127463020921 -17.402812924699 -11.1791664125957 -84.1381488962486 17.4775161909703 -19.5269832706732 -3.84826803742477 -13.9967203961259 3.26952790547576
Australopithecus_africanus 8.19160761152593 30.8365729595193 2.47557890466617 67.0932897186361 13.6800941554377 1.80362079784098 -20.8875839498648 -7.7571983503766 11.6443497253574 4.25965421307828
Babakotia_radofilai -29.9710858452842 -1.45266947243313 3.03121144376831 42.2861519594493 11.0332621759867 12.9707620911643 -20.2167189151524 -7.95171743264904 2.25488143231007 6.3892309902324
Baiomys_taylori 5.2012063143647 -13.6801595568965 -3.92824016461833 -2.05699947404075 -0.844834102766094 7.77976117173142 -6.63025995754581 8.71569706181694 2.38140878750648 4.42475323622909
Balbaroo_nalima -17.1398130446444 -23.2649843024725 3.22625257327146 8.88200872385549 6.63826513817214 -1.26947299899822 -7.57150749612183 3.81796415871686 -0.484243389313073 5.2508039506656
Barinya_wangala 2.12856552012652 -12.3899176450105 -5.77323247241876 -13.1093683100139 7.82336138278565 -0.409634605623014 -6.20638905213975 5.78422229605869 -2.87571128470369 6.66037240407591
Barylambda_schmidti 63.4897957773015 -37.1859946052247 15.5775261637678 -16.4449336853644 -14.2957642441129 -8.04629944816896 15.4169374285706 -18.4968366036053 1.95611972468114 19.8314426082456
Bathyergus_suillus -13.9727627717114 -34.7573231544738 -27.2030307979861 -9.23580501821236 -4.60704504655133 -2.40979342639218 -1.90022806305483 5.45426986856314 8.2209729666556 16.1406460377674
Batomys_salomonseni 6.090615842109 -10.8988110216685 -1.78723210882561 7.56055692270341 -2.85950856002942 10.3019335241161 -7.29713495924011 2.26757429522794 -0.249449099266458 7.66404018479908
Beamys_hindei -9.26306267132935 -17.4520585418706 -0.262598818189364 6.94770643974076 4.22438843491313 -3.00605647011991 -2.71861933109201 14.045641564206 4.58145879917218 7.5402709161203
Berylmys_bowersi 7.62285050153699 -17.0424560558107 -0.826994810015994 3.2050425515875 5.7694598476403 3.0462266096453 -7.07607089805423 10.1984595191922 3.5947716835841 5.66045019335331
Bettongia_penicillata 46.4111488030095 118.19473958438 51.5537172106392 -24.1360227361035 69.8847562233982 -42.1900316892743 4.2471529233996 4.54390210995368 -30.5732873561436 45.0177561167204
Bison_bison -8.04284144170253 35.4642269750332 -0.167927120293233 16.5806780912595 26.8294419216323 -5.07846358383709 -8.39654624981834 -3.71089646628866 4.64846043189144 0.755163764490636
Blarina_brevicauda 36.7010863262566 30.1760392047522 -42.2779796707264 -17.628064390238 -6.90381169310871 12.4854121390022 2.20036450984483 23.6639147240192 1.23482166901233 -1.846144154359
Blarinella_quadraticauda 27.4466377107316 16.5255688090062 -39.4392807881383 -21.0101032437105 -10.3925260553847 16.7774395377046 2.92063430335157 8.86245581662368 -5.82522767602803 -0.100968160381671
Borhyaena_tuberata -17.3104595384358 -11.1908345334401 -18.8998429318478 -2.15373047277298 24.7702519038382 -11.8720397840356 -0.761862912844631 3.90860490757866 -10.3224969115907 5.71339106252436
Bradypus_tridactylus 16.8132017846025 10.7111151602776 24.7877091160989 14.8940661024622 10.428913742447 -13.2831677802695 -1.50222801252481 -0.799171114796348 -7.58240712081296 -1.05800076717864
Caenolestes_fuliginosus 17.0621014055779 -9.03767438225788 -18.338416933266 -10.9258429997464 7.37517923498508 12.6025656388485 10.0571454835396 17.5990700869702 5.76071469809168 9.48992595721966
Caenomeryx_filholi -54.3975722905404 -16.0957388660948 14.1633198478401 26.6744587080934 12.5484611673613 -4.06985261531922 -1.87790520771929 -5.88645687793417 -5.20551842524568 7.27203747633886
Callosciurus_notatus -21.9643546250541 -21.3835982234439 3.83073420607981 30.2691529776015 9.29790782590302 0.384518819971556 -7.02929897515248 4.03821272465318 4.34352375080822 10.1707336671271
Calomys_laucha 10.4453024135503 -23.8939154615425 -9.62365199069483 1.97752656640144 10.5248437840751 10.9701264702366 -2.56204658928658 6.41457131310389 8.93611616095507 11.1349457772195
Calomyscus_bailwardi 0.500337295043826 -19.6222641408469 -7.57417986646934 -1.01386905377513 1.12635600287358 12.3251005107348 -6.71723191605452 3.48745586858436 4.86196059055807 6.99518540032867
Caluromys_philander -2.83957702883082 -7.41382221054766 -5.71240051187579 6.4885674679341 -1.54058871952528 12.2932694781757 -6.89489775648118 -0.0865285001462376 -0.774140807024205 -1.48650215874618
Caperea_marginata 40.7850305349606 37.8028452579748 -18.441295657041 6.55752986473957 -46.7426434113273 9.29278664774606 -24.1234702729098 -6.13809317329929 -3.81323506647115 -6.42576485064634
Capreolus_capreolus -37.4002719716449 14.1656255770839 22.8841094360953 45.1227522814074 21.0569784250596 6.04085897029903 4.25638599592183 3.32336062513987 -4.61756019844985 -4.33819471095128
Capromys_pilorides -18.6112165783281 -34.498377689682 -3.61963711072675 -0.392340569531851 -10.1233349650625 7.2852316037355 -6.4656625172678 2.0852382182291 -1.86053508123629 2.45936649236773
Carpocyon_webbi -7.07266803133722 -9.48764175813655 3.44079731786529 20.6843173262685 26.483387817731 5.32254520685386 -16.8491063784525 -7.8895702399622 5.13070695817644 8.84322880620279
Castor_canadensis -16.9423757967811 -14.5568605511421 -7.12165531560998 18.5725168997417 8.66670029324699 2.8820235724526 -12.8010398388638 -1.42391116239794 0.130460013994507 12.9350738148937
Catonyx_tarijensis 34.3672143890159 -36.5408804331044 -2.9025804603024 20.0896049762215 11.5377439768072 -10.4406063407236 -2.56648072899907 10.2799820959301 0.630872579867353 6.99921295616955
Cavia_porcellus -60.1202930985548 -25.6256586726639 16.584034750781 21.4787313100382 7.68767534457728 10.4753162526746 -10.3320921438185 -3.20786867520243 -0.611773386660681 9.37662569074658
Cebochoerus_lacustris -24.1167307898611 -4.80680198226856 29.2002801269507 -23.0051799240487 6.97109408842965 -17.6951896045431 -12.2973044000366 7.90397195766981 0.373820750953333 1.28656802041829
Cedromus_wilsoni -41.9365828190446 -31.1370879298934 10.8665151301386 17.4983095821561 7.70642751654716 4.54167784603581 -9.20760398867775 -3.27349834759129 4.69519989659919 8.04548501912259
Cephalophus_leucogaster -32.9391102471779 -2.1319089761386 2.07710828401403 25.0275858421642 16.5096774978328 5.76561851811659 -7.65857994131245 5.22890997049036 -6.27019265816565 -1.70828253853759
Ceratotherium_simum -52.809861768079 0.824715207305505 -8.92237876328789 16.4629727065812 5.55905718499107 -4.44078082225562 -5.605205130359 -5.60738647118127 -0.0326246808041947 7.56199651104753
Cercartetus_concinnus 3.58657928913661 -21.3913378112173 -8.71139994454151 -1.1545633337247 -4.75791848083159 -5.46940916110937 2.10962347878607 2.80020230974736 1.84223493157681 6.65290645638238
Cercopithecus_ascanius -3.56577884691192 27.0905238112374 -14.4116152388376 37.7782599266344 22.1429797224357 15.6719678169277 -19.8193385144593 -6.28182842918932 6.12207373994777 5.85229616459789
Cerdocyon_thous -3.61620947390803 11.7898731484005 9.98169524061595 27.9061730466626 25.8864350433589 5.13620852229441 -17.3057549427875 1.77276582282678 -3.68550765921821 0.664994763829256
Chadronia_margaretae 8.1240981199769 -5.94253451754924 7.28735875645532 4.64260159177007 9.42194397375924 11.6699026234663 -1.79583571197741 9.00864477837217 -9.38505172515106 5.77378104665193
Chaeropus_ecaudatus -30.8576208144633 -5.32030400499395 -17.8244294322108 5.94355634804972 11.2393088817679 2.69264068142344 0.6372624535014 18.1414073646801 8.26237744135009 8.37000483115689
Chaetodipus_penicillatus -55.4911491067478 -19.4814033301026 -14.0731877098926 7.9967882589336 1.72722129328211 -9.83545514068618 6.8392575619766 6.18156902047517 10.7869320123434 15.687343626263
Cheirogaleus_medius -4.65597166445307 -5.56505188153013 3.21156737119915 26.6473364353912 9.16922019042716 19.5837936998013 -8.53800954114791 -3.22743831893066 3.40659374459663 8.95750922129084
Chibchanomys_trichotis 20.6644954313743 -15.6396193989015 3.65097922007794 3.84338384179583 2.12577407064623 19.3377287042976 -12.599061909824 9.46535295006054 1.24871428458385 2.39408174243959
Chinchilla_lanigera -90.774163456269 -15.8802693477749 -0.807434357954375 37.1503050293537 13.8226399557356 -10.3685090847 4.40604930376777 -1.16321381488543 -11.8092198747099 7.3675069875953
Chlamyphorus_truncatus 66.0245669747052 37.8805116671527 -25.3926892408495 -4.64565620940005 0.348006180334385 19.4306904418891 6.21355827039658 35.3916109005147 -3.46782322236032 -2.38381607787855
Chlorocebus_aethiops -8.56746330199603 31.4652934875715 -12.7848875360474 38.6089026619576 18.0315517913839 14.7525940044537 -22.3412634861088 -11.5893114070423 6.73479937823194 3.63456037141505
Choloepus_hoffmanni -3.77397607727697 -4.65068426731502 -24.4659701620601 18.1996136056207 0.0257858862181312 -16.7174882494013 1.30117709478988 0.99158862996477 2.48194825088334 6.3260714824375
Chrysochloris_asiatica 37.1443993163968 51.8024142242179 -28.5322206222919 -14.4522819989678 -3.78237409864787 4.07415560312076 14.3901451397944 15.9928745798981 8.49360286636887 -3.58472110836545
Civettictis_civetta -16.3616732613451 -6.24249958841905 20.3223404465202 9.3448928744605 28.7180653594369 0.497959615223666 -21.2663694738808 -11.4570148144593 -5.36901800291603 8.4260977595786
Clethrionomys_glareolus -3.15914231449069 -7.58143638060255 -2.81874293748735 1.66974538591553 -13.1999568848931 5.95565279838556 -11.6734399829174 3.1794762364836 4.13515819899715 5.79269810116927
Colobus_angolensis -5.76200226276554 24.0975935292156 -4.05521603103482 51.259184707799 24.9700682280401 31.4624839156105 -13.0136811515288 -10.103695272203 3.32645351190871 0.422657204605134
Condylura_cristata 11.7534768307911 -6.73538185210129 0.0631071758275991 4.43455193809163 -2.4148444433324 19.8421339174258 10.2989526348625 -1.57624986606162 0.753734555589585 -0.896286531173472
Cormohipparion_occidentale -39.5984901933588 -4.75505475567888 6.43244438865999 19.7565413040234 29.5664890012397 15.348027049286 -11.7105253249057 3.83828077764163 -0.0795445356098561 9.78486981534489
Craseonycteris_thonglongyai 50.1733665812736 -49.9801069944497 13.9976197203493 0.731970750950628 9.95693274906091 -17.1390092860033 17.9159469720126 27.40164755248 -12.2907751179097 -0.381917823001258
Cricetomys_gambianus -5.75115097169718 -27.0950883858912 -4.12661016807076 1.28508484984969 5.35077678707004 2.51316578565687 -8.12548988755612 18.2469334218721 5.22192852681833 6.56858736127571
Cricetus_cricetus -3.40015319567634 -6.57683241601961 -23.8826001805355 -4.69075364421247 1.83307944130788 4.54156846526885 -13.7108893744807 6.63934980938647 5.05951741685101 11.5336295041097
Crocuta_crocuta 3.69324549522747 21.6226210429625 13.1044019809032 23.3997966612799 34.6744732200356 0.481542627144605 -15.9107596372004 -18.047454002042 -4.36380867990272 4.97255763779592
Cryptoprocta_ferox 1.87329418829362 -8.91195881081232 21.5941634159847 17.2003910273717 14.3758105513554 15.2138653770151 -17.1645169791708 -3.8706947037095 -1.81109917907136 5.37115360182472
Ctenodactylus_sp -34.8284450492468 -33.4911225165271 2.06987415595027 5.11677767471376 2.72403303789229 -20.6371927547158 -5.76651744897938 5.14275758258123 4.38004909326635 5.63938519547721
Ctenomys_conoveri -32.7546294335135 -27.5830920212287 -21.891812117909 -1.52671696906722 2.37560916586085 -2.38674282053496 7.8511287949838 -1.55636557916454 -6.24240808192137 8.45413854114045
Cuniculus_taczanowskii -35.2643146419337 -27.3849101872536 6.51740223965094 -2.65956891628445 1.71485749356289 5.10145123430473 -7.09602786529753 3.98839245156189 6.47721570264443 14.3700330736083
Cyclopes_didactylus 14.234013472004 -18.7850012121254 0.995670011402399 10.3482203352333 -7.65004880169837 -2.81923837408978 -8.3925876835559 12.623933701321 -1.25973069573465 5.09244798273247
Cynocephalus_volans 34.9087014832567 134.601017009086 63.3237220931867 -52.2287906676208 83.0976276645561 -69.2898268481126 13.2692706037941 0.113612106559565 -31.8604523954456 42.110279197603
Cynodictis_cayluxi -15.4980435636542 -16.0155307318127 27.6514114339271 -3.09572513108561 16.7009004137702 -6.78188438998851 -1.93849831292613 -16.0521979690653 -8.08178926080657 4.18416128111151
Cynohyaenodon_cayluxi -7.67805599064579 -16.0373581109103 20.2256208079433 -24.0984402690597 14.066045212595 -21.1988264647151 -12.6191287666192 0.683993741141322 -7.01480566004657 6.80209138034614
Dactylomys_boliviensis -33.8937839942356 -40.6859740494813 16.0665049165712 14.2923869210836 4.51242576430836 -4.80869365608223 -11.8448065123655 4.84660512708936 -0.992368297419331 3.75661267593
Dactylopsila_trivirgata -17.0286531115482 -8.49888838508659 -9.40547158491285 29.0575605652161 4.32815405454141 1.93662218241818 -13.6190113088222 1.86527922333973 -1.79020691448316 5.16464107711745
Dasyprocta_leporina -47.5542860436592 -23.5649838715229 10.2703563698889 17.2836994931059 20.7971792659384 14.7309612197488 -3.28421892399929 1.61058177682549 -2.05346457812667 15.1794384415075
Dasypus_novemcinctus 0.0721741962776729 -15.6718963777406 -8.32941067072565 17.4435524130148 25.0971028560536 12.7575371489828 20.2809109895922 27.858218871372 -1.183482103408 9.68508675236803
Dasyurus_hallucatus -13.9616128604638 -11.3566604790311 -16.0245362305497 5.4200025780322 12.4975813616736 9.23805452897908 -6.17933746441563 2.95492602718244 -2.95107245786758 7.88205525580716
Daubentonia_madagascariensis 0.265310474884048 1.78877807505787 12.7130853918312 49.2958462357092 22.7269182301924 14.6957693625265 -17.3529396662245 -6.31992422386683 11.1254968309231 12.3691806953359
Delphinus_delphis 80.2111243697276 49.7067547905946 33.716393702049 20.5453644079907 -9.36385741545395 -1.75868301130883 -15.4032722469924 -14.7891113558927 11.6614189804185 -10.4480959253055
Dendrolagus_lumholtzi -24.8348413944427 -33.476207931991 -0.272201363177185 23.7738857484676 11.5088380080818 5.83144844492811 -7.45905008899851 -3.35822784486918 -4.59188103075533 4.19302463845726
Dendromus_mesomelas 5.59696069533741 -20.1684632943222 -1.44051887313279 8.25269225313133 7.5812712085313 3.79774987671577 -6.60233872652875 -0.480946653341839 -2.4764335842493 9.40677903865593
Desmathyus_sp -42.0746564484309 10.2996196378114 11.1311169025263 30.0820161568673 -0.830332917195567 -25.766334216183 3.58567913805473 2.56499815517468 -8.26169237862204 12.3131092289026
Desmodus_rotundus 41.8619212484852 -16.508168612883 12.1872826625175 26.7777273727112 18.9452170082838 8.14455730790385 -1.70845826941693 7.22693572213472 -7.95551352885241 10.1752947061618
Dichobune_leporina -35.2423790523762 -35.0833471284555 18.4870750458839 6.06589882002116 21.7530996988849 -0.403704470129953 -10.5057123985098 6.57580149831158 -1.47184872381568 13.8210255097351
Dicrostonyx_richardsoni -7.69864083921616 -9.75879893972044 -9.59187163260978 2.29078292631107 -9.02554949183179 7.14285461165895 -9.29932989049381 0.288092403363046 7.93100697109245 13.1747204097726
Didelphis_virginiana -16.3647023041271 -5.86165736145194 -15.125233477619 -12.3908922981728 10.9632807686004 4.14751955786653 -2.83052000377159 4.5861798126841 -6.96593121410083 8.13113860102875
Dinomys_branickii -27.824382759416 -26.7603270048333 -2.19784383954347 33.9644884904196 18.4283920102421 14.4275715170693 -8.44686780044416 7.16809742851931 -0.545716734753211 14.4201251557404
Diprotodon_optatum 43.5471089470896 -6.12936824434936 -25.2489778601524 -2.24707150688739 23.2492928595493 -20.2368257541912 -0.644079595357984 13.6404592831228 -1.06097166141042 3.62056902164776
Distoechurus_pennatus -6.62778286864665 -18.820730273736 -23.5910912736162 10.7466756241508 -2.25496680264772 2.3142633298983 16.1473739751909 -2.59730755184065 -6.80850658149491 6.17364978596078
Dromiciops_gliroides 18.966100784152 -16.643441715151 -5.54294063850268 6.68527831142428 0.219799145469291 7.97286593602195 7.4928244767352 7.05576000753 -3.92001001005019 5.84962607917719
Dugong_dugon 5.59731841629566 -32.2589557801356 -29.8127631982771 18.3443911107058 2.96115906741312 13.3675559021424 -1.19750725100127 -17.705018364306 7.70878138073995 20.6837692322584
Dymecodon_pilirostris 38.380539264579 35.2183522262052 1.79302031352572 23.9802948174425 -25.9045225478277 26.4856320763538 13.2089994008636 -2.43901661467667 7.40150975745286 -5.90302109781679
Echimys_chrysurus -40.025646858732 -36.9122640697908 5.93422408868241 23.4683112780409 23.3779706006288 -8.29237236892019 -13.1824643432795 4.05813527718509 1.26453532788037 8.45280115304416
Echinops_telfairi 4.59484601998009 3.35156766091067 -33.2282009462403 -32.2986823719276 5.15356740858402 -1.04883954780532 4.59555798587606 11.2109617369216 5.66462888694711 6.53793385443304
Echymipera_kalubu 1.99777004444746 0.410527062183109 -21.0705525653324 2.72962515346184 11.8916417559335 2.18573205447876 15.4857751193696 20.1840220611883 0.933301100778451 3.73538990651275
Ekaltadeta_ima -16.0619067281467 -25.6678239879234 -2.32933951438021 3.10538154032864 13.3067693821989 5.97881476777754 -9.7871931152895 -4.09073560275369 -7.48656090464357 7.833359076623
Elephas_maximus 36.938645426153 25.306883499606 11.9560635687875 58.12054052375 -4.91644713988244 -11.1250672861764 10.1627469291905 19.8979641805141 20.0108471085596 -10.6372060827895
Eliurus_webbi -2.00618960612115 -20.5317734471923 -0.22516269546083 1.89121881576595 -5.64238262016893 13.1383759452552 -12.0746724699561 8.19685884245616 3.86101659299705 3.76124121058765
Ellobius_sp 6.16141624704224 3.76114815957589 -19.4924434063576 -5.81825179615857 -9.1101635346666 19.048361753884 -9.80898109348671 5.52538894822801 12.1451469156122 11.5873052594587
Enaliarctos_sp -29.3942323766183 20.3865445682501 -8.77454387638796 12.060705470608 8.53593733035321 12.8141800912344 -26.8156034774987 -8.30841078773331 -4.95986612347376 6.27022048810879
Enhydra_lutris 32.4499670741944 25.4431140621826 12.6190755646482 17.577435889127 14.468369491189 33.0931862141341 -12.9438713351405 -7.81293505792022 7.40496028031271 -7.22806657665883
Eonycteris_robusta -1.17617021014055 -19.2249010515819 -4.07011391748611 7.60560618731089 14.3402131730896 -8.34042223746105 -6.50384625289306 10.2974138656968 0.809882584093263 7.53790678729514
Eptesicus_andinus 41.8404156300511 -43.243053473722 -6.00736602444341 -37.341016565169 -4.49587245686344 -1.27680191266397 7.17694986662537 22.3642058000574 2.15036209194388 2.79341566130939
Equus_quagga -53.3339405481353 25.8261436235126 9.91253551463362 30.5549264030259 15.9998344475037 -5.94575202506788 0.597109437272227 -1.03705930083079 -4.14754084610228 1.08114078640364
Erethizon_dorsatum -4.34983017243075 -38.0649512380589 5.47596143805413 14.755563321407 4.3823499412177 -2.74261019495634 -6.75978226355856 2.59356149471588 0.422654074088164 16.0788905121262
Erinaceus_europaeus 18.1623975109927 -5.92194062492557 -30.6341044431092 2.39471751782304 -5.38387311019834 3.21608060713011 13.9907957865229 2.46309389750632 7.95414200169926 21.2371951208088
Erophylla_bombifrons 24.5244168612072 -31.2363374678491 13.3593725399904 26.6654629806328 9.45106353496436 -2.97095153262521 6.91266489062063 6.11314561432135 -2.63004486584034 9.70651965975184
Erythrocebus_patas -12.6988409971332 36.0110103939021 -5.03407462317522 39.3594365554118 31.3071583411072 7.36330060001173 -25.4478398368928 -12.2178196393617 6.08924252237416 4.08180840339683
Eulemur_macaco -14.5883229764283 3.47490397609234 4.37244373503322 38.9596757885994 19.949715669544 18.303630405905 -29.7426539508145 -7.31212537580768 6.45200426523218 8.7116127092028
Euphractus_sexcinctus 22.0785708862691 -14.1210188991938 -0.676016193147415 24.2353586123573 0.368806479089391 1.25546494449399 2.35351097735132 18.7496454459699 -5.63547103602014 18.6847201136771
Euryoryzomys_macconnelli -16.5273918766084 -18.9994275455137 3.97208180465203 2.51183430775354 9.11880886333627 -4.43193510109597 -7.29890939731731 9.29026407942695 2.22834600691612 8.63570760879243
Eusmilus_bidentatus 4.15975914550909 4.06184513062432 3.48219825696343 8.76585027863788 1.78009096794672 -6.51386758202024 -7.81375395754946 3.50445314214102 -0.770912587754295 8.51061533605559
Eutypomys_thompsoni -25.0698445789018 -27.740548999853 -9.02423499165439 -11.3477667583499 3.97270238381779 2.55238540551604 -21.5675495935628 16.6206153452591 -1.26908241164281 8.02424231937091
Felis_lybica 1.90214277520047 -8.60929258192679 23.013622390149 20.8428807339833 24.2450821944382 4.84716705812576 -7.8657139708973 -2.7172154383448 -2.57397324940875 1.89247094024302
Funambulus_pennantii -26.56608655411 -19.4820709624524 1.76052288132972 22.1228921125883 7.71891879413864 11.2157544531818 -10.4902571392439 -2.1333742832513 5.00875687231582 12.1365072785074
Furipterus_horrens 49.3188543223525 -51.0590198237314 19.0404722232268 -4.52466008898221 26.9492299655589 -3.05979469176723 21.1233956552215 34.2108931758179 -4.39220718384864 19.5217653579134
Galadi_speciosus -2.51730776598709 -12.6266373962317 -28.9328583850104 -20.1910261357681 19.5195182280089 -0.807937432135557 12.6321534245624 11.8916663443664 3.88133570748574 9.07088186872231
Galago_senegalensis -16.3910099287152 6.65110951106962 6.66699453381689 53.8354713802384 28.0517545212446 21.4651630038476 -0.150184187022551 0.587993481920349 3.62989237200709 4.86214562431522
Galemys_pyrenaicus 36.4962831330136 18.0249673009624 -5.25960545544635 10.584506023788 1.89247922871042 24.9207368542601 -3.18956160617336 5.97655313322582 -9.0229936183394 -1.79883751628459
Galidictis_fasciata 21.3125161291994 -6.2672280172186 19.1184831788331 22.3034595094062 20.4223295572043 14.1568460049651 -16.0207485225291 -3.54480346141281 -4.3479876798274 7.59179163043963
Genetta_genetta -8.32362475416173 -9.9558976465154 29.9261861244429 15.2485257909501 20.8797078672494 6.97679375907891 -17.085752914502 -7.23186378788512 -8.94701883566506 4.8953150581415
Geocapromys_ingrahami -45.63699867868 -36.0415103114964 0.360965319886091 4.73508651902266 5.81108942309594 -0.82802546558394 -4.43106447254605 7.01932259779793 -2.3238354658958 3.2409513519424
Geomys_pinetis -25.236046391923 -19.6057964436242 -23.4624003257528 -5.72937691233329 14.4579026280068 2.32785447893953 -2.96551781741831 14.3796178694715 15.35128595576 22.3008680479324
Gerbilliscus_afra -25.400237706727 -15.9411175108856 -5.52845995658591 12.0390368630836 12.4177264412364 13.8043958424386 -6.51785298466612 12.1614621000827 6.50366081535869 7.08459385931318
Gerbillus_gerbillus -16.8960914503375 -10.5066146623428 -12.1116595971194 8.11180163438649 -1.72841681508123 4.26622816251731 -11.3294444082999 2.43575275761981 7.53133780760323 0.808941591391947
Giraffa_camelopardalis -40.9602208732784 3.56720040902769 16.9216428240658 28.0694058854699 18.6495139409975 1.15110214419435 -5.69262352418422 2.03101532849791 -0.533808175719099 -0.192068076353798
Glis_glis -10.466952494927 -30.8797669035078 -8.36367195407493 9.5268943569677 0.00503468190450069 -0.14652616842859 -8.8737390589231 5.85584319806074 6.10710389130974 13.5749073391253
Glossophaga_soricina 34.743509786653 -33.4654665108618 12.2720450322863 12.2530995071101 7.48496590239385 -15.3324815859714 13.1504896547276 13.5258461928513 -7.28281675408644 7.29638331335184
Glossotherium_robustum 56.6189780514583 -4.42489769071488 21.1739877693728 24.5190044376727 2.72494763937308 -28.8814597526709 4.78417792647252 -8.14610221122291 2.03440086028232 3.51317755573632
Glyphonycteris_sylvestris 43.2611304184235 -29.8533623396531 29.037228672104 7.95827837740834 10.5399323567717 -7.27990157715578 10.3090600318592 22.217013730174 -10.5237705323246 -1.19999312262279
Glyptodon_sp 31.1384990701585 -24.1251155858964 -49.6609099291539 7.91772003975889 20.3566012928345 -21.4365104157513 4.42222698204437 2.53902323429071 -5.09861593591524 5.34975624912744
Gorilla_gorilla 25.0186430483286 28.2998490140565 -13.2448524015915 65.1926496230781 31.436209916657 -6.31895641928016 -20.5753597769045 -7.30728444479286 15.0948707283737 6.54083087514238
Graphiurus_nagtglasii 7.38676852605484 -27.5884515504304 -2.29749122503719 17.0042588056928 7.50306511253614 5.52336857320751 -6.19573172034975 1.74258932029655 4.83888991828133 5.11395340510454
Gustafsonia_sp 1.05894436490259 -27.153425764613 27.8350491747857 -11.5528469057778 27.5306157879547 -1.62679855473079 -9.68142333022627 -1.55806765184676 -9.16646110606736 5.80892522082668
Halitherium_schinzi -1.12612679278255 -23.8585010845165 -20.5876290138588 36.3186938217297 -13.1975083624607 -35.7870039445281 -8.7042875459629 -4.84622398263714 -3.17173092878155 8.08546524565003
Hapalemur_griseus -18.1576259972713 -11.7979413298888 11.1221184309328 43.2415074016612 18.2075802868876 20.4857851089567 -16.2797592989213 -4.55224964677625 5.48553330049763 10.9338790720484
Hapalops_sp 0.497162778148549 -22.4805748145773 15.514313823287 33.6348478019839 13.3281148563882 -17.242901748657 3.44277618397223 13.3760057128675 -0.494409694349976 10.3829206049739
Heptodon_sp -61.0688412830392 -10.8179192617355 12.3988936436833 -10.0380948043396 2.38810074321712 -0.205177637854466 1.20197693549347 -3.63746606849485 1.92178389856784 16.2216013431316
Herpestes_javanicus -20.6125978676314 7.81824860638622 22.563198557821 11.9376791704766 12.7018211181871 23.3576963990607 -21.7143036544047 -8.00155071244293 -6.5722971365038 3.69113601305856
Hesperocyon_gregarius 30.2630878318897 -5.92920440616752 -4.74970496621973 15.605457969316 2.04544089979205 -0.6250208063891 -19.0417687043054 -31.1196942872542 6.6741666533592 15.0281153383586
Heterocephalus_glaber -27.2519717194045 -22.4422377144514 -25.8196786557707 -14.4745105933758 10.6143133134455 4.35511941860288 -6.93224306946297 7.08631740020731 8.09184339919715 11.4644796976367
Heteromys_desmarestianus -13.9776985727233 -38.0970812559452 -0.947264824840996 0.147945639964104 -14.4272520980718 -15.3046397522395 13.9474089404002 6.64255146139614 3.33807364377235 3.26365791459159
Hippopotamus_amphibius -0.191037641716339 10.3559967108178 -3.86148041917025 35.6483448393368 15.0070576218587 -14.7661173124212 0.820755608731986 -11.3867809967896 0.27943853954454 10.3401045487731
Hipposideros_turpis 14.960933023852 -49.0134771790722 19.6598881924924 31.8106767356924 21.5154719357535 -20.4366947199403 6.48818403548962 18.814550087572 -12.8061373118373 5.5025960879142
Homalodotherium_cunninghami -29.6755374652788 -45.9127252575073 11.2194353209397 33.2275127309675 14.2349630742419 4.52640236826543 20.4438546935646 -14.1037797738144 4.21748665082053 18.1196490077758
Homo_sapiens 27.2880678071426 70.1314171615495 20.4886897463711 39.4063194682753 62.6995131298209 13.8783292610542 -22.4777755703032 -17.228186927265 21.065636416474 -7.71929049590819
Homotherium_serum -20.1224841122088 14.3899701634876 10.797500385843 -4.17420084956997 19.6133946160099 -18.0055718568718 -35.1555905332684 -11.9397883792586 -0.954663435096322 7.08994388225704
Hoplomys_gymnurus -31.4848999328123 -40.9300917400059 2.95421487709503 25.4052205163137 22.9682229651202 -0.767324253138444 3.63187221050097 19.5096771444173 0.486053393414838 10.2304313637216
Hsunycteris_thomasi 42.540155291015 -32.6219132709403 12.8428292166201 20.4964152010168 9.53405416347202 -6.08544542565248 11.1071398912126 8.68261527206716 -6.76080293760768 4.86015944796325
Hydrochoerus_hydrochaeris -64.9188629880531 8.31419294417193 2.87192712575708 10.5957359399797 -2.08781389525772 22.4123127672727 24.1739087685888 -0.577176902776039 -5.08393016414857 15.4478690228946
Hydromys_chrysogaster 31.2469211195908 -16.419008172296 -1.25299030696837 1.90031999455085 17.5841951107086 17.5464346823335 -9.39708970553035 13.7731979716105 -2.62812638866398 8.11570355433283
Hylobates_lar 16.4851984488727 7.93304729004958 4.23506568781974 55.9288974527797 27.4510327928722 13.3295570615402 -24.9771502652247 -11.2106252203386 10.7929644039584 9.01439984501848
Hylopetes_spadiceus -33.4714302379685 -10.0821156306381 -4.68208589172495 29.2317455478668 7.23505054266808 10.5413646762776 -8.40343701504848 -7.08251271009004 6.27418681136717 11.3582577558543
Hypsiprymnodon_moschatus -2.6434471377729 -14.1298299452793 -1.28159229506553 13.5968921415479 9.25195907616971 3.54966254865927 -1.82753014309726 8.49088680441947 -2.65817107438392 3.96996407946998
Hyrachyus_modestus -58.2271200109722 -26.0911024328347 28.0861711310145 -16.7279388144512 2.33679742050365 -8.76796963026709 2.1516175483199 -3.75599697918994 -1.87829578466867 17.6793916989061
Hyracotherium_sp -16.1236064592965 -37.0653411395252 14.6513258739974 -26.8706790998164 23.9371708351538 -7.30588937021099 -4.07947782795882 -6.8842797426816 -7.37979661741383 8.23348116181013
Hystrix_indica -4.95437158388753 -28.9366562682533 3.53841492419096 25.7708564256937 8.21690702299133 3.646656271549 -6.51313781446145 9.0786051559141 -0.319992026013562 12.3322758399721
Ignacius_graybullianus -26.8242034036575 -24.2920258340015 -16.7660180079161 1.78456088065246 -2.96495364633892 -21.1099354199392 -5.51295478577225 6.6055684467859 0.227762615740414 -1.75696611962012
Inia_geoffrensis 74.6215712808421 27.9005556043621 16.9078748213446 16.0825525389187 -15.8297769824034 2.31399770383922 -19.3077653374005 -25.4473437095266 4.48946039642996 -1.91669883208277
Ischyromys_typus -20.3277718777562 -30.0646466839167 -12.4874925117806 -2.67944820443946 -1.29035467563838 -23.2171919783769 -7.4164694374453 2.7073034881982 6.46951188600681 5.73432376585779
Isoodon_macrourus -28.432435016642 -17.0070110919173 -12.2767646996714 -0.612271875582325 25.3723110199302 13.1972414111166 6.1801609501644 18.4735488942074 9.45630184155238 13.9651669084887
Isothrix_bistriata -49.2869190264133 -38.643983953955 13.9419321281674 12.9640044369169 14.2266203055278 -8.71034206685785 -10.5789611072753 1.06353240533861 2.33728610824785 5.233140867306
Jaculus_jaculus -83.0472134812004 -5.23860664557386 -5.65557446983239 16.4249209828153 6.63243959666944 -12.3270450009992 11.8802784395199 2.48600581994692 0.637689554490068 14.1903825500356
Kerivoula_pellucida 49.0551393340352 -23.9060009160948 26.4417644587453 24.8517513112161 17.4309745655814 -3.37239137252841 12.6689211406241 26.8130152180622 -12.0084939826573 -1.77326301388293
Khirtharia_inflata -80.2038480380532 9.36866623900025 8.2217181530069 -38.0969294750468 13.6706205458052 -3.55359137981918 -9.41189077381911 2.43107332530294 12.1392604742844 2.46114942105201
Kogia_breviceps 45.553109706877 57.1378505642196 16.1503704514376 20.719336597459 -21.6576676768184 7.30363174655716 -11.364244674062 -20.2938452185683 14.4623111795725 -13.2522885815288
Kryptobaatar_dashzevegi -28.5323977644497 -8.51110438810462 -9.4209226478735 -10.6678652847298 -13.1785154659137 -12.634616571497 11.5703356924633 11.3019989932142 -0.738684333620634 -3.77744371779865
Lagostomus_maximus -52.9031198388551 -21.4198753420368 -4.37253117820151 36.7417404671445 17.6182687710384 2.6014157514126 3.3909131498334 7.09696012400715 -9.94032395586001 5.39873705562713
Lama_glama -30.9192569634546 -5.49765127370729 11.3247869454128 31.8141743606379 27.345738840031 5.1850502723723 -4.78071873665787 -0.500142135379643 -8.73473339656655 6.31135743941109
Laonastes_aenigmamus -24.5847182513582 -49.6568616413511 7.52982621553108 2.49899408132045 19.5678112829634 -18.511718945462 1.1821852868366 15.5734069091994 5.31365665600338 8.79109473637607
Lasiorhinus_latifrons -4.20208720216622 -14.1066850781006 -3.2586180754441 1.67859171894793 2.9735410865952 -0.464796727148462 -12.9092942082424 3.37038080352077 -4.71626634480767 10.5310280223103
Lasiurus_intermedius 40.3145093104125 -41.3690146721659 9.45905545620965 -27.4342657357346 -10.4781892475269 1.05376249165953 5.31781882114805 31.5570761084411 -4.17697955184504 3.98417021605391
Lemmus_lemmus -19.3378284644535 -21.6481643416655 -12.7733646655477 -4.93257202056965 1.17010711605971 -6.60693897269396 -3.26743185437418 -1.00337254138997 2.75463659086359 7.62600526954721
Lemur_catta -18.7368150771195 -2.68041314160436 20.7166290689172 42.9586753284936 21.3015737142305 23.6150917660614 -16.8764337339874 -7.81107753641403 4.16583177571258 7.51889683902104
Leontinia_gaudryi -11.4761770479102 -4.78218278650351 -14.9722644800013 16.5489704894283 -1.99561459369175 -14.5717571069853 17.7615643281579 -0.949830966744691 2.76558114328623 22.4525831588839
Lepilemur_mustelinus -27.108457625616 -20.3463854343796 10.9390376423093 36.2873495152754 12.7222726647467 3.99434094789536 -9.52548388864339 0.11966269703369 6.03101930105555 11.8692419798438
Leporillus_conditor -21.9099914071058 -18.2167312057308 7.94425019370462 7.4172978121196 5.13776063479871 9.45874098574049 -12.982060320619 13.6088123967435 -1.17343238779867 8.40053519020981
Leptailurus_serval -14.0640343706735 -7.55753156119558 21.5145500517045 33.1525020771804 25.8130296346952 11.8374012690691 -11.424485195932 -3.7314368283177 -2.31652553719382 6.38810618831192
Leptauchenia_sp -74.3956785102166 -13.2897883603661 -2.35503800674951 -3.99645816168364 10.7906997965637 -19.555270509163 -0.825829017575939 0.343554230910333 8.75063936543694 11.9374417443321
Leptictis_sp -12.9075330176008 -44.6886141313113 18.197029093947 -16.2067576622884 21.5041686656827 -5.02129181380271 -8.4255605050777 17.5145918713996 8.82293873418095 6.61625206416717
Leptocyon_sp -9.25294557828012 -16.3254466173227 25.9542242083795 5.94718245333487 15.0140360196189 17.6626528798518 -21.0422888089668 -10.4048737983391 -11.3882620992334 4.97921859227466
Lepus_europaeus -48.3802092568341 -25.6611454978602 15.389468771852 24.1972762355131 30.4328343604319 6.40145821811394 -21.7557594154013 7.94379237760841 8.87098161603718 12.7388873631186
Lonchophylla_robusta 24.0164576562429 -37.7847441213119 13.3664681291616 16.8011837993016 10.4528274695441 -1.12193206315028 -1.32301374634768 8.37655722930272 -6.07440506264405 4.5212716108569
Lonchorhina_aurita 48.2842196999955 -55.620785681636 2.71965737625057 -1.97916435050646 12.1039072130996 -10.529670221087 20.7199034618924 18.4216084944741 -10.0335808444842 10.0763306581262
Lophocebus_albigena -10.1666177527274 33.4113371667879 -9.41851660760511 46.3718829457271 17.2716852708809 30.9544024481115 -16.8263905557844 -12.1060641183637 6.60420603900152 -6.12843817163503
Lophostoma_brasiliense 45.2828936546829 -48.6899313282134 40.3254599522952 19.2086982452878 12.8755366712027 7.3804182064078 10.9581446259472 22.9041703599081 -7.30853364872764 16.5259052627757
Lophuromys_sikapusi -3.55647783353065 -13.5316860622195 -0.214318186983834 7.9247285307189 10.1317812430268 -2.44043241865347 -6.58307491836518 14.3731424710352 4.27441154941588 6.87405382255261
Loris_tardigradus 7.11059471923887 39.2870426441629 -1.75536569747371 51.2962877024802 27.8825542748362 -2.40577673603182 -9.44155316792062 -3.59199652635522 7.65955091557038 4.23913674004064
Loxodonta_africana 1.99765445562219 -2.32885323523754 -17.5090932440161 36.7941072138289 -8.8283963565079 -18.3821496681907 16.8236084435719 10.9290429841893 11.2173109763183 3.27706705226458
Lycaon_pictus -12.7284372904492 30.8815109448006 4.21927603814698 28.958071937562 24.4597237653724 7.65295457733763 -18.4358934008066 -5.64649468793738 -2.41181718788949 2.64049499026466
Lynx_rufus -2.90112909612077 -10.4324896926346 18.0349905388888 28.8407674591289 25.379039253007 16.0478006498849 -12.1370791077327 -5.89151887048246 -3.51171598686896 6.70558589853225
Macaca_fascicularis -16.118474262533 35.6511276291266 -8.6178721595993 46.7997967582146 21.6031098100396 20.0675523176814 -21.6805413410273 -13.5101961155052 4.4185271490303 0.317321249111678
Macrophyllum_macrophyllum 32.1697774829235 -47.8164327056838 12.6928530266009 20.0122307122687 18.6267240084134 5.56482006990464 11.9563631912633 14.121162165145 -4.65862530715401 11.7300366894207
Macropus_giganteus -53.874736125541 -10.5595510303094 -9.16575253155856 19.3091405206989 13.7949431627318 11.2215593859652 -3.98159606075555 0.135324104011025 -1.88935530828382 3.9561720239579
Macrotarsomys_bastardi -12.1752611238378 -18.2077686781051 -6.47219749495873 -1.73703311493255 -2.50042077855456 16.727460291055 -11.6373880963033 7.88012836173007 5.42765542439234 10.1974894338508
Macrotis_lagotis -36.0380082611029 -7.02699572311758 -11.7564349489492 5.49000453324095 3.97924441629862 5.81787875742757 4.2417032419252 21.7091527328998 7.31215570274993 11.1935349851285
Macrotus_waterhousii 6.69378518177614 -51.9748387208347 14.7206607057419 25.4691215372734 27.618006711966 -2.63040123039672 8.007017663296 23.9992944418557 -7.62849013109024 12.3511129142567
Mandrillus_sphinx -2.95666375378088 33.2174279572984 -2.90012782750763 46.9953683204348 28.438062096001 28.3831562809962 -14.8013176408949 -7.65713710852354 14.9825257378252 3.10332869200897
Manis_javanica 51.1352356406055 15.5728317351788 14.1365860886402 -14.213294945518 6.26957208624008 -4.22967138427532 9.48737844234619 3.37042349456588 -5.27057908750389 0.487158917310519
Marmota_caudata -21.5344211085668 -15.298543172562 -16.4437669817128 17.8765749717026 20.0961292518666 12.8503355573958 -14.9782215204392 5.98591958762686 -5.51988175450666 11.9528996287814
Megacerops_coloradensis -28.5039288559974 22.8943672421251 -24.6060144962927 14.5236379993037 3.2394068253692 -17.2115176029438 6.58364770580299 5.16318927975248 0.397774339341265 2.19858481031592
Megaderma_spasma -1.99476289511316 -54.4659763588189 33.8964221136173 25.2761703681062 19.897646797776 -9.1994704354672 10.2149584657011 27.003279414309 -9.40205220834048 14.3539976786804
Megaladapis_madagascariensis -31.3548955550235 -4.4988638870307 -3.14945965721718 25.374217047131 18.9655575081998 15.8240569531614 -18.6894622153638 -9.83243696302304 5.14561719611749 8.05246761444658
Megalagus_turgidus -27.8880529302983 -49.7847057310494 13.3238837177765 9.47268047100178 19.4175443345509 -5.17130789500092 -16.2500124556363 10.6547193991715 2.16487363885598 10.9887964164351
Megalonyx_jeffersonii 45.135255431348 -10.5996617737024 -3.1812778048711 20.1193019936567 10.8094900863909 -9.74723342265523 4.16091912120533 1.70095629739371 -4.23241508836908 -6.7462520913193
Megatherium_americanum 52.9532127096353 0.238549146603816 -2.34530484029324 23.6110280532465 3.68714997960856 -8.10909228221749 3.47130864464727 2.36160283652545 -1.35238380030565 0.200647852509897
Mellivora_capensis -20.4995443263183 21.8183896725182 5.20765749472655 19.8259741645993 15.1696687499593 0.899534761163994 -34.4054746899073 -10.3042183426857 2.74641572639955 4.38969299396316
Mephitis_mephitis -6.40154419590555 4.54291685514887 -13.2431031329257 24.4161000552921 22.019853544016 12.6347762476343 -10.2987863848091 -1.61617317604786 -1.53940551867289 7.28382931553223
Meriones_libycus -75.0666990711447 -8.46096647360042 -2.79745951032806 -1.36764059848133 1.83043511627357 1.72924571186304 -16.5934957982584 -5.9158120173492 18.3938186204108 15.1056971590348
Merychippus_severus -43.9435632288924 9.65174596401129 13.6447337873358 16.3103067245039 25.9596853935116 -4.08908615780383 0.614893885587509 5.99510815243292 0.346391256815455 5.8770334988483
Merycochoerus_proprius -19.8428336916914 -33.2312697751633 -20.0748822693254 -0.103464950374326 25.9006857421446 -20.9242305152196 -4.84370551234995 0.391529019385744 1.62234516524895 9.4523391596804
Mesatirhinus_junius -11.419494511839 -17.8643915760163 -5.0336327967418 -34.7050116437027 20.3398942460874 -10.8303489363207 -8.78362294457109 7.87103038736229 -6.51735523143592 7.20842478074778
Mesogaulus_paniensis -5.10041227413817 -31.7848759545618 -13.2734027371249 7.48767804600863 -4.56781021478353 -7.64269067324784 -8.95131573658192 -3.47509220373317 -0.0624769994340478 11.4118866050855
Mesohippus_bairdi -27.4157646752527 -25.0057914321084 23.3023307042398 13.9835902303739 20.5975557570793 -11.6646940137857 -8.05683625159873 8.34406323803462 -3.76459805492772 8.72945766346225
Microcebus_murinus -5.9602628382862 -5.15693145724013 -4.71136401185224 34.3332600253485 13.9347805838537 13.9321292937427 -5.53337220188252 4.48344201427969 1.03728198204597 10.0727077413835
Microchoerus_erinaceus -37.5962057957313 -11.875284698456 -4.31179318777969 32.57312052856 18.0273510624847 21.3078764196527 -3.76404724876012 -2.28329602177649 0.401924378818462 6.84655261541355
Microgale_drouhardi 36.9078427087368 -0.912198471443412 -22.3582282389081 -13.3845009960542 11.5176025848227 7.53732896079715 9.27211541105946 8.08702629597561 1.3067197798016 9.22598896574865
Micromys_minutus -11.3107528329154 -19.3457993035245 10.5118369173577 17.2387702547488 5.98837171532691 4.25358613918754 -9.1114324453817 13.0841649719566 5.63770062729584 8.12038250513694
Micronycteris_hirsuta 22.6235900084114 -40.7210637154655 26.5329819534803 17.4243038151251 14.4417963938069 -2.02498521762651 15.0443095056583 21.0111064185217 -5.91520311739184 8.36301938432972
Micropteropus_pusillus -2.85080680667269 -26.6619514241335 -4.27366060676948 2.19359307429909 16.1487788300336 5.89887983853331 -6.18890603890971 2.48939510173475 0.66626931748985 12.7763821936794
Microsyops_annectens 9.0586480072489 -27.4348532628683 -11.1515915494583 -0.794870058613185 -1.79139659241769 -18.9509472780417 -5.37585343830962 -6.49406830447368 -6.10489538534762 5.17882750894025
Microtus_yuldaschi -8.63208594592748 -12.0686922648431 -21.9945277165089 -7.41462229149741 -10.6776733496722 11.6168851919771 1.38188268104481 -1.51390298097822 7.27463203006131 9.71436374920929
Miniopterus_schreibersii 48.5973225386798 -37.0749861806603 6.07641517705394 -16.1311337515352 4.65575021397961 -7.68146582146484 11.3342088511995 34.8954189582675 2.81193953265806 5.00037648632833
Mirza_coquereli 2.54679724216022 -9.27824439782353 2.35147991593362 39.9616691289646 16.3753356483643 13.9002209203285 -7.72903045336521 -7.45346367329145 0.431117136109301 8.16154944219466
Mixtotherium_sp -5.11709396978452 -44.2798958641794 2.48551440123609 -24.4279198650303 22.17777730152 -26.7657380390008 -20.0748115096161 -21.7294258417691 -3.37244755061049 -1.39006320977746
Molossus_molossus 37.4371200920734 -43.5348641972525 7.37059749320871 -12.1981654553241 2.09837056837997 -1.22197476261384 8.00308580070712 22.0289200438345 2.66924090968392 3.43858616474708
Monodelphis_domestica -7.95222551474175 -19.8225997656335 -15.1405755506391 -13.6315723921593 16.4636358363548 1.69775546406575 3.56843563440917 1.00424548276529 -6.68059814549378 3.67854652178411
Monodon_monoceros 67.9371832956806 52.4367033191885 -14.340014163633 12.035792306097 -24.6435849177658 -4.10490197128374 -8.23491703715952 -17.2910157596549 -2.36714628971896 3.67329740761085
Mops_thersites 24.5494943867952 -42.7417183746592 -4.35793617436996 -2.41911377723047 7.55792331700643 9.50103165882857 6.90235271637789 1.84858308277582 4.3818755461744 19.9101470149282
Mormoops_megalophylla 89.8868044126187 -16.0240529897515 6.42614394940209 -38.8878793545068 -19.3061136975073 8.0979657206688 9.28189320355396 35.9552720296228 0.834945296094266 3.80465607197186
Mouillacitherium_elegans -13.9062272236512 -25.5625897678042 16.9603078976381 -12.1366129131373 19.8853929606654 5.22762225508565 1.25608780452465 5.21402494613621 0.759137446438601 8.89107706325234
Murina_cyclotis 44.7842088303214 -18.04950562348 15.0048420619193 0.400558258257371 -3.47877953405912 -4.29998989777768 17.3922878690049 21.4506967639384 -4.2476464775154 7.5100471727487
Mus_musculus 8.87575167869234 -18.5622373043695 -4.25259934971197 -7.53826050093308 -0.828136035306309 9.16577550143491 -11.7983805341492 8.14179351009056 2.95382708678794 8.99318134213892
Muscardinus_avellanarius 2.62376899712057 -7.90800266638269 -10.9931638262842 13.1174449515878 5.93434633424714 4.14520001969249 -6.2023623339672 1.23952005862162 1.70791665377618 12.9588977159946
Mustela_nivalis 5.21285048594749 -3.54669365652223 19.594683011729 8.58603571897604 3.71446377916923 33.0931381076175 -15.8039910446407 -4.14875788396723 -2.95347581105416 8.34759702288396
Mylodon_sp 26.1547291819043 -16.98827100716 -8.82584094730504 25.4594301521193 7.80216239080544 -29.3072942571553 5.09978676198731 -1.72191295585298 -7.69759503526717 2.86539659745337
Myocastor_coypus -49.0130509248131 -22.2239335637976 -9.73223923895212 1.56761268075704 16.041985775011 17.0453322465169 -11.0317346603609 2.51508264608149 -1.27455722663337 10.6733788322214
Myosciurus_pumilio -0.352242203842586 -16.7991357588169 -0.0714022459368905 20.1286686226374 1.22018288888077 8.00626039408092 -6.58714177392097 4.98223478227492 9.9847355493255 8.60563848425996
Myospalax_myospalax 3.07077254685421 5.59505971485769 -36.4206661373179 11.3547718949122 3.56064623314293 -10.772101235113 3.80091811454315 25.640710871686 9.84758558279779 5.16513565631556
Myotis_adversus 38.9745141960958 -35.5738505125336 9.7715558449338 -9.52221006591125 11.6680775712894 -7.46701430331392 9.3817340182744 28.0768729855587 0.388373382019123 8.81091385748621
Myrmecobius_fasciatus -8.28443010775589 -15.9276436026285 0.848029261439872 10.4615379808863 -4.4693728508218 -1.81205558488024 1.42004113428767 6.3644234738405 6.38175977842456 1.26289591062586
Myrmecophaga_tridactyla -11.4888684926455 -9.30234712803509 1.20848198526394 -7.54384200209066 8.39641083685033 9.38878470634136 -6.69163395536117 6.9154253016049 0.0795051414009599 13.3709337464882
Mysateles_prehensilis -43.8848275944937 -31.5375654709893 3.00670277639559 9.27965920462675 1.74461881484418 7.3195883390159 -13.717423332365 -11.3259230886984 0.67470262085244 6.05488642709509
Mystacina_tuberculata 39.0803407961186 -30.6124572469398 4.03476273698578 -3.75991488419458 2.45861726653572 2.79771335141236 11.5958272106403 23.7800159214871 -4.38082494666244 5.34179622021814
Myzopoda_aurita 49.15430699825 -44.2545713898291 0.233831603657576 -21.503405968542 16.7862962718244 -10.4269070479489 15.6276697642235 18.5543947567803 -2.24753248118519 8.6782287071352
Nandinia_binotata 10.6160665407309 -12.5800122881506 27.045810270244 24.040967700795 27.0575068200423 -0.766603873522503 -6.86322932733697 -8.20928369506786 -6.1108204733341 3.15930599319248
Nannospalax_leucodon 12.5347179552376 5.99085674226757 -27.6946386950304 3.08656359835004 -4.19449638920105 -6.13708909956645 -19.5179066191807 6.02618760296609 11.856703977721 11.4199922505077
Nasalis_larvatus -3.89293580840805 27.3556768467665 -3.78886575657709 49.9167975423544 18.2999144449933 14.9441235090012 -12.936057043 -15.0886531209401 11.9595772520885 -2.12860422926019
Nasua_nasua 1.77224106380274 13.7639118858707 15.4825896430124 31.9404225722809 24.9586618243817 9.00403997551226 -19.201662367523 -12.0688906439632 0.696005210945746 8.66984451327227
Neacomys_spinosus 3.21560312472842 -20.8631504855805 -1.61337381355962 7.5706557133908 2.69678186709984 0.246230993150735 -4.83620907954507 9.54991584480061 6.23371638415655 4.377681166023
Necrolemur_antiquus -34.0290849577873 -15.6244334667166 -4.95076256149933 37.5251901217256 21.3304429139692 24.6327579848207 -2.17077671220209 -0.80606304765734 -1.78104181639846 3.01980099160174
Neofiber_alleni -0.81511264981781 -20.9516459728239 1.92419837277718 1.94351625379279 -0.280125173174732 6.94159383770017 -9.46811531001797 8.40397004240099 6.80740138941877 8.0709246371926
Neohelos_stirtoni -7.3945595055394 -26.3209916875088 -18.0758129976918 0.108444083808519 10.3776177631793 10.1724179121293 -1.13886665281859 4.07598799255285 -14.6973055418484 9.38506399867162
Neomonachus_tropicalis 76.5507158894754 29.1779361405312 -6.22157739689626 10.0092951456098 15.2899898747356 19.3051617280977 -7.53758901303688 -21.6255184839854 0.642629299572542 -4.2681074091212
Neomys_fodiens 29.8400237976595 3.65981628338805 -35.3620467789452 -8.41726749024277 5.18789290195951 10.6733564196031 -7.8544358238015 12.0811855946886 -3.79459501756938 -1.38750970791328
Neotoma_lepida -9.61845866938083 -10.0898201811209 6.15864345169764 13.9806411024842 2.74198687211767 10.9907950123629 -10.457046881185 6.59677480691629 4.75760874665382 6.28246278867713
Nesodon_imbricatus -79.2528107587015 32.522198098759 -14.1447259926707 6.69219977990373 11.2152945365989 -36.9105287469989 7.79200508643625 6.53300419722438 7.65662265438036 8.01634015907979
Nimbacinus_dicksoni -32.7687205794223 -18.4339419868823 -6.45968060271221 -6.16913033852371 17.6864579409744 3.11576682067959 -2.60035448771317 2.55850331198474 2.65301939347868 7.05584097171931
Nimbadon_lavarackorum -3.96199318230553 -31.4138214381246 27.6822788747906 8.65850417130389 19.051902617512 10.5177677813487 -15.8530861290529 -7.08364569221638 -9.63301283934698 11.2298516899091
Niviventer_rapit -2.33023317911626 -16.2299660367111 3.55919357463268 6.23102185992644 9.13820787239361 5.5109623891676 -10.6454681809758 3.46237274360662 6.08130534757783 8.64437000359263
Noctilio_albiventris 50.9187443808827 -38.7442741900286 8.79833812693876 -11.0463556484161 3.50221317322512 9.41431285152889 14.8139856086656 25.0863606972461 -3.69145178558678 8.77458609061885
Notharctus_tenebrosus -19.9499995642532 -38.3287249630834 5.90979670220433 12.2914743550007 6.41985787866068 5.10256679164949 -8.43424014607586 1.26519505202025 2.87558314215942 12.2103669306077
Nothrotheriops_shastensis -22.2883838725392 -32.1558760754078 -18.5955267836322 44.0383245412269 12.0043483707687 -5.29336112325647 22.2326775007696 2.21751693343308 -10.2302687633707 5.94122886179907
Notoryctes_typhlops 15.2403713063861 24.7300676672048 -30.3312001412693 -0.451577603373032 7.76885240520292 22.0131109366284 5.28646198486726 34.0328258736523 4.18905241704202 8.51221756893724
Nycteris_thebaica 1.42668352756482 -36.8298481166893 35.5499048055881 30.4126553996226 12.5426239831996 -30.6770080618645 8.09334911398046 18.8166849830301 -3.17161180255641 14.6624492851422
Nycticeius_humeralis 27.6538094079178 -40.0200104821023 -13.667126433729 -34.4669503777406 2.71236647476304 -2.19347495096242 9.7357134855344 24.8132745314677 5.9089644942068 14.5418860245047
Nyctiellus_lepidus 8.88473045736689 -42.9138533155364 -0.745884200886347 -2.69661925338711 6.43045158959311 -12.5508533555341 24.2722553132966 25.9015242591886 1.32505944758064 6.91804708759452
Nyctimene_rabori -4.97377654726729 -11.8316999110442 -3.66285634779635 -1.53187381303821 15.4380904465444 -9.24315562315475 -4.62942571832268 -3.59666355828099 0.39143661158956 9.87460568010933
Obdurodon_dicksoni 18.4215427271547 15.6627887058972 14.5678855765968 19.9789716616722 1.92315987581122 18.2433463129117 -7.97003395936201 -25.5411105646965 5.79656996619622 -3.85475593391935
Ochotona_alpina -44.3447698831774 -40.7746270259115 1.07104152505184 0.59619190878091 7.18746579656301 -4.48404100481237 -14.1745748392905 -1.4181632000281 10.9796460028861 12.5253986700836
Ochrotomys_nuttalli 0.722708197384881 -9.00240525227305 -4.51311305304699 4.9603033249902 0.0261263434306523 16.4844404838389 -8.5655085285636 8.75256413232838 4.7922063607097 8.39013765996829
Octodon_degus -60.7279394941375 -30.7122788688574 2.20302121956897 22.6919896894767 5.40678806247701 -5.34414109564007 -3.59422645802736 3.35180312278875 1.98035787255701 9.06876126692722
Odobenus_rosmarus 72.8832976879731 10.4755454720317 21.0721324567768 18.2790399311399 2.53747433690615 22.0831744786218 0.0676184139588299 -10.0205130640688 12.4532914463001 -1.51479437660064
Odocoileus_hemionus -49.3703936358986 14.7634282964751 15.4972258876223 42.2550444858625 28.0035389053301 10.101408494969 -4.2289090025519 -5.58161210073562 -3.30715882730011 2.33754148996238
Okapia_johnstoni -31.6779208883811 24.2361224615449 27.0115117124356 18.1169865405381 5.13881238787631 12.0961438433325 1.94112891769661 -3.18810893419 -5.45815262277031 1.6150488970172
Oligoryzomys_flavescens 20.7445857082992 -16.7037731635752 2.46433195584719 8.75804318393347 8.59178572049625 7.48682771705457 -9.80670785981487 5.62659644831593 1.50608411447094 4.74319202612731
Orcaella_heinsohni 54.2065214500036 31.1045861850362 19.5788501485137 19.8209839656449 -8.76112404677688 -3.38057170494244 -12.9318462720202 -11.7547646896567 10.8313289214764 -1.36412021462059
Ornithorhynchus_anatinus 16.36333753863 27.6874589952321 2.34383873823334 4.95944165258686 -9.59450803502017 20.5077181422595 -15.7683506916432 -17.0044972062978 -10.7168494600207 7.99620768016528
Orycteropus_afer -25.8449390666274 -30.931999381973 -0.448871087510453 0.20755602231649 9.83585975070783 -8.43801866818635 -20.062714924657 9.02331863692434 -4.40905700444088 9.45704341982335
Oryctolagus_cuniculus -40.6411274411836 -26.3769215572482 7.87158864713799 9.87992930501887 21.1461852533717 14.6955723169476 -22.8009088235291 5.07361139073492 14.9926302274069 17.3473089038921
Otolemur_garnettii -22.2396089567378 12.7788282075431 5.36972657683215 50.1392826856443 16.6999012267636 17.6003540551973 -4.81863533819992 -2.58095444927938 0.646680892537478 3.79556498648724
Otospermophilus_variegatus -29.2598741480713 -17.6055036177596 -4.45640156678823 14.5840428818705 8.5448202718138 14.7483824237254 -11.4059412891785 3.21399388901106 4.07246908519936 10.0527933257767
Oxydactylus_sp -44.7682150401192 -3.667926501022 30.655590478289 25.9596062734123 15.5567284583745 -17.2725561918734 -15.419706472914 -8.51980871952995 1.67140522525304 8.91191071745393
Palaeolama_sp -2.84257990255699 -8.56758371390906 0.194613419828909 18.4398890543322 25.2342188765281 16.0422115750396 2.42304103395268 -3.34307961445795 -3.23841014595737 2.47886802911957
Palaeosyops_sp -63.7175766317358 -18.2057282785443 -12.2589785880076 -11.4734197398682 17.789070915486 -9.90925468186945 6.7433694368152 -15.2942659544428 -11.1821501650712 13.3484095351951
Pan_troglodytes 26.1463741507429 11.2820873113564 7.4625104874098 61.1717293075589 35.965347410701 7.81163877930289 -21.0400842298488 -19.5559846933845 16.3206552927892 4.33652616308504
Panthera_pardus -1.96305712133388 -4.37349294779549 21.1463489304408 19.7524655492275 26.3706950997759 -0.645419668010692 -20.3505788279837 -9.28029748597457 -5.0186386445289 4.78390420049951
Papio_hamadryas -12.7155800282754 39.5513633652905 -7.54125567020136 41.1288238922282 17.4052228215273 34.1875263571399 -2.99785824447263 -10.0515097874756 20.1203910934852 -1.49907691123619
Paracynarctus_sinclairi -16.8733750839257 -17.861749555035 22.150500535306 20.9309786470551 15.771346262729 14.662851742291 -14.7648050250553 -6.23039773203695 2.13675506780156 6.52804344959523
Paramylodon_harlani 39.047222600414 -29.0970714452239 -16.6553607134972 15.2319791498181 21.0079490753839 -10.6161153668101 5.78101882374075 -3.13266437588443 -10.5824249339206 1.0122398163533
Paramys_delicatus 3.64749366923478 -27.7115604797317 -8.91613038473623 -4.52816849753504 -12.0212218826647 -11.2459420903586 -14.2314773825757 -5.66346142438005 5.70598051984228 7.37738843179329
Parapithecus_grangeri -31.9837560017351 18.7156088556686 -7.74496743232345 39.6359430819152 30.2973550744204 30.3768064356715 -14.6609140539651 -0.367035778441111 2.73926654714447 12.9243796570048
Patriomanis_americana 27.9271825774047 -19.7127409864143 20.6515304381431 -12.0651214041663 -0.788499197754156 -6.44431568134341 5.47608780411597 7.57157197266248 8.39993373194871 12.2097584407587
Pedetes_capensis -53.1025270887721 -2.89980974894492 -2.9308969923113 7.57107207885712 4.30597829709945 -1.14791256583915 -7.05137495085499 4.97474831677423 6.49642152743773 6.34468636152519
Pekania_pennanti -21.3373758706367 12.316509606295 15.1260766012371 26.4418458266017 13.4798036766555 20.5308659812502 -14.2524393615685 -10.3460139016935 8.36478400395583 4.39115901928067
Perameles_bougainville -23.5460728965866 -0.196156689974647 -16.314532269396 9.29679823285353 16.5821733125465 17.202513706997 9.05337270759828 27.5104874822684 5.60948736628798 9.30930317932557
Peromyscus_polionotus 6.4256624164675 -10.4280527685104 -11.3533939498339 2.09600511252581 6.03812549109054 19.2840604446301 -8.32249560882971 5.99876611837422 2.39944644380149 8.7617145703431
Petaurista_leucogenys -30.6327456253699 -24.0032832331175 2.64548405682514 31.3708030463482 5.20062827353079 6.46561313666416 -12.7799972794904 -3.81261883559721 6.41481110003151 15.61003947102
Petauroides_volans -13.7873678449924 -32.1742701388175 3.07556628799691 1.95355558623264 -6.5269296995276 -10.7477246567109 -10.0752664795435 -3.44486674765006 -2.87813594776509 0.85277339124995
Petaurus_australis 9.90131063687807 -17.711680423874 -9.8808241790508 15.926610627506 -1.46307647314908 10.343960353617 -3.32532997511714 1.08407915006811 1.64915744576244 5.5949153430911
Petinomys_setosus -12.9301232496627 -12.1321927540521 -11.6828192791852 17.9778014601813 2.46525865852734 7.49387237346875 -11.3091574295095 -5.4595747119185 9.86255534215598 12.2087016279453
Petromus_typicus -40.1890010940895 -40.7619805465656 -2.05072085223479 9.58415941114542 1.94947873268468 -7.73883627033921 10.5820931490609 2.88220206891402 3.00658493823715 6.00019935184107
Phacochoerus_africanus 8.13566012312751 11.7031013129912 4.32759566878149 13.8518633694856 29.6387619819045 -6.48684954255076 -2.07461312540996 1.31533879094708 -2.73655619393338 8.75249520870757
Phalanger_orientalis -9.63644797513489 -27.5202443277597 7.67657898532894 11.1816376776861 14.6216589154418 7.67125745536949 -5.36351068276618 -4.82341021808406 -6.14475718610738 4.50082966403347
Phascogale_tapoatafa -1.73686101068073 2.99720970303041 -10.7357041844667 2.7104168403965 -15.0642898612044 11.1382361108549 3.35569569463648 0.758193037300562 -0.630433555681523 1.26800446254886
Phascolarctos_cinereus -21.1247321397059 -40.3739879018055 -5.71413525674278 14.2490858533348 18.8322469425367 11.1619196226237 -12.7612432151197 0.429772061065577 -1.36682838638941 15.7270605591542
Phenacodus_primaevus -7.12090248147737 -57.1933585231454 6.49246706976126 -24.4231554306999 -8.62615985699486 -13.9120121443026 1.45497783945651 -13.9667253563301 3.5354499714521 17.4493996615458
Philander_opossum 3.97144506291997 -17.6168827819035 -7.18557133072024 -2.57303655959711 14.187988094097 -9.43071352963823 4.47410778409043 8.26759554842064 -7.11106756824462 -0.341798737925982
Phocoena_phocoena 113.166819821696 47.0794838948452 28.1695195222969 0.930931155292983 16.7987113562076 -13.7122901712555 5.70300992215998 -22.7489022459346 10.5354393360395 -5.46177479020776
Phyllostomus_hastatus 55.5581797091738 -46.0809576952518 15.6037587797529 12.0054128390299 21.4229348415823 4.08227462267801 2.30071572004349 5.07249138428958 -14.9738461799072 14.2556889231828
Pipistrellus_hesperus 24.055820925577 -40.8280771564704 -14.9532640551032 -27.641645328295 8.12642358720545 -7.00327060976955 8.49233333894386 15.7912425522705 -3.30443140399706 -6.80785132690412
Pithecia_pithecia -5.16632545910295 30.6796151139086 -6.23263218013727 44.9236963994571 30.5577794887499 9.53096728550048 -23.2902011555141 -11.4612736617024 6.09606967282249 8.26982220926002
Planigale_ingrami 12.8754796334636 -6.39929792412238 -30.4316273003553 -13.9042148176477 -6.4550738095309 6.06110683311154 4.92782617193155 -5.65973569399581 -3.62534432956334 7.39242240010718
Platacanthomys_lasiurus 2.03866319989681 -31.1101520249768 0.395127475950629 12.4571632257959 1.23967218904134 -2.17179721605416 -8.80810359527362 3.77445606907323 5.6010654225425 5.76811314794651
Platygonus_compressus -7.54486097419977 29.3130661746701 21.4921804321236 31.042500743162 18.9713619649286 -16.5841804403178 -8.34109635575465 -14.1974316849755 2.49544580436 3.32042279143157
Plionictis_sp -6.32630163037441 -15.516725996574 31.9269537617132 12.5596326221579 4.43268872621369 13.0774419249448 -7.4526717402599 -11.5410612935626 2.44192553514299 4.52033293311706
Pongo_abelii 40.923882603957 37.6647449147175 14.2836714273065 59.01800131764 32.6588984520936 0.491196547533407 -17.5609868051823 -18.7152830159596 19.1044645879866 3.0982075077077
Pontoporia_blainvillei 92.0392040119474 42.5847410924266 23.5026267782361 11.4804465322952 -8.92068936199973 10.3553257398557 0.326145437676472 -21.4743356200338 6.84975386935285 2.82618139118591
Potamogale_velox 25.2391199721184 -30.7206919725549 -9.83303094052272 3.97974375791575 21.4211045039341 -0.987805699462827 11.8245684855631 7.98409035166883 -8.39747442522406 0.655986452527912
Potorous_tridactylus -8.8184894557846 -9.19558959427622 -3.99437762180983 10.2176914324059 6.47803796978191 16.7128235018948 1.48684018654482 8.53668258399141 0.861103122148506 8.10667596776171
Prionodon_linsang -8.15287445076032 -14.353724547082 38.7515627469188 3.05819365238095 18.2361504386602 -1.51381321613152 -9.98296445703415 -10.2962150600438 -13.6645209888339 7.30791810659159
Procavia_capensis -31.7227021590899 -10.6475001485329 17.0555988934147 18.0586696908414 15.7634169632788 6.04566668460591 -5.19489516550039 5.32058216780777 -8.61099439014734 9.11657283122979
Procyon_lotor -5.35073787309154 6.48593396617522 -10.1944753481677 35.3546941598694 26.9363792316262 2.68599390851205 -18.3352783952609 -8.18833802588762 -5.92328155093645 2.9238423619456
Promartes_olcotti 13.9459071141644 23.8884154065757 -8.92307606004168 20.8296898447648 16.1393785031931 21.7787147560947 -7.59710308893765 -0.661458878041032 9.2299675439345 6.42193947423351
Prometheomys_schaposchnikowi -9.67847391506903 -17.7814522298833 -0.748984600048052 9.06306328583832 -4.0847212015926 5.06220538271385 -12.868478808335 1.61672476300001 4.71013174180055 6.60521885906722
Pronolagus_randensis -39.5371724000232 -25.2723214122787 -6.88290074332373 -20.3483360681134 33.5837529286051 22.9099950384439 -14.4322994303488 17.2427864957009 17.8773520582815 22.2888972078707
Propithecus_verreauxi -10.1965784902048 8.36026205098248 -3.37037671866501 41.7344016280131 24.4933025147707 15.200996208328 -22.5206221432622 -3.0510381942505 -4.22521108873599 -0.188704754413353
Proscelidodon_patrius 18.920741989801 -0.0670230198513144 27.6019922781598 16.4039310335001 -0.650316947866881 -9.72131678773003 11.5537473367645 6.79747918269051 -5.83975067392935 9.02237192236716
Prospaniomys_priscus -42.8253882683114 -39.4786048670557 10.4748602024967 -0.720180643383501 -0.727480611265635 -6.59682839361996 -14.0364053016886 1.68043132597292 -1.02852294522552 1.5778621004317
Proteles_cristatus -0.694681964602335 -15.6821411654494 8.81764110629532 12.060203114279 26.757398849757 -1.67495551095811 -8.42382431929105 -6.13953034711832 1.74133719470801 16.3661013964624
Proterotherium_cavum -76.9002959267455 -16.0674748023429 21.7783536394356 0.330346961545588 -1.63903101025464 -19.3721641607826 -8.68084108181332 -6.19864644171089 2.70664798278942 5.55132756261679
Protocetus_atavus 35.67640001279 -11.5814401016249 -6.94464288022264 -0.129345248365824 6.65881679197512 -16.9470030015971 -16.0113039336125 12.0770846700822 5.86393376019352 19.0651975756789
Protosciurus_rachelae -25.1266214638032 -30.1015157734209 2.60497331488563 3.13077685597974 -2.30823814638623 2.87413698624692 -5.73606871139234 2.24184122159492 4.24358627988872 13.359603008135
Protypotherium_australe -62.3962713303915 -14.5777410576841 -5.48631445538533 8.37574260023394 19.5408080470365 6.76319507934192 14.2791726391725 -0.193258683487933 3.98285240734127 7.38653173810226
Pseudaelurus_validus -25.2747291637713 -6.38980341023584 22.2643403651702 15.3299320306052 14.2335768793722 -1.05343096432794 -10.7890857919539 -3.60923596361362 -3.67999760158388 2.71336887457793
Pseudhipparion_gratum -42.3770874304711 -10.3318446718225 3.49500508823376 18.7944294520573 21.435877556997 -3.369949668718 -3.82277521457881 2.92479182780458 0.505568614243563 10.7603619588405
Pseudocheirus_peregrinus -15.0211492360497 -30.5918586372735 -0.291793686136856 4.66806063179974 3.8104730053842 -1.51981369536904 -15.8639023408439 3.37845486284855 2.41167060238078 8.55322682168986
Pseudochirops_cupreus -10.3943817577488 -22.0207137207053 0.221989481984758 6.70408792667204 5.6655692026184 -4.41047096687397 -6.81416262544399 2.93642845867434 -1.33212011973779 6.6035723228018
Pseudotomus_horribilis 2.91181576861077 -19.6415282739944 -9.77508736549028 -7.63420400807375 -4.95320956014685 6.32913268803659 -18.6118090149208 0.629316189347841 -0.293814590474216 9.70488473077367
Pseudotypotherium_pseudopachygnathum -81.440322966331 -16.0260941675919 1.86569403860971 5.35086769829746 9.13501045911215 -3.82786847655214 23.7420469207739 -9.16676665381855 -9.52385115977412 16.2857895174803
Pteromys_volans -48.3733330648353 -30.9909627011594 9.38219781872234 30.5699529367236 4.72191605325009 1.95386634715944 -11.3344691016461 -2.63579088231905 7.65942498656877 11.4080493654884
Pteropus_giganteus -28.613684365569 -3.39929497473834 10.5868723407913 25.1776106332123 17.375711400307 -11.8620715631701 -10.3963439749559 -1.65691269693887 -1.36677461833331 4.14798984739865
Ptilocercus_lowii 4.50771446796559 -17.6557177420931 -7.34055711398429 14.9725178275735 21.8663458878739 8.41176331945749 -7.77974167255 2.02063280496686 -7.86750749911675 8.54462446861057
Quercygale_angustidens -3.83751240161535 -26.0345480288993 31.6408528275629 -17.8211981682974 18.0970144559176 -9.79127760508975 -17.1581199457452 -1.4617471255688 -8.63664494496442 7.7960444400476
Rapamys_atramontis -25.8633908945577 -31.4755280464449 -2.48225337902545 0.796621270094438 0.264008404691876 -14.1478542787957 -6.21060125320552 -1.2066024375336 1.18337127356287 7.37687913558893
Redunca_arundinum -58.1179567586081 1.16586558670386 5.51006402870142 24.7122699003578 29.0761842847496 2.7386058533711 -5.56597161747021 -3.30727037815048 -1.56074674335883 4.18728365372221
Rhinolophus_affinis 17.7038187531451 -52.2412847801066 31.6344861689574 20.1248735031918 10.3507323850448 -6.90850772859235 11.8352759854027 15.4123420972267 -3.28430829265486 1.19873085297517
Rhinophylla_fischerae 54.5407144973706 -23.7280117575144 13.6869183712499 14.3568658343731 13.8516591718405 -3.37216401348212 6.53103684464538 12.3727812068431 -8.34929247981624 6.83369290051376
Rhinopithecus_roxellana 11.0977605652903 27.8671698843104 -5.23563923347164 55.7321231416525 24.7642627346584 12.8445520348291 -16.4061072735426 -10.0406562397872 7.72670487142083 4.98639235150953
Rhinopoma_hardwickii -16.2450170971449 -47.4220466328752 8.66525319573126 -10.1161073596616 0.911538352718143 -30.5872101463319 8.73738184958171 24.2307956410423 3.47959835550067 0.225987409404722
Rhipidomys_fulviventer 0.896123008014238 -26.3764807806706 11.1189315571966 22.0743550271598 7.8630861226853 10.0481812195615 -11.1571310663949 5.15152897372975 4.04986910718047 6.82172221403184
Rhizomys_sinensis -37.2955855004504 -6.12393935255553 -24.9977895494751 4.24054944254093 7.29342060081623 -15.725266758963 1.85693622400169 15.648182807876 13.6935234104488 12.2946553858555
Rhynchocyon_petersi -19.4029790216366 -12.5647618894463 6.31117847647733 14.4394727503355 2.66437800048804 -14.1908572154595 3.14301343840281 17.4580425061691 0.242380067108789 1.39299159455531
Romerolagus_diazi -36.74954430865 -17.2250247775768 -5.10544234557566 6.56996111227502 16.9008885156312 7.09873282700321 -15.1843978592146 8.21570037826309 7.96313795316336 14.8995869457905
Rooneyia_viejaensis -7.69996731277893 2.54626214750519 -8.45862001141261 28.6930495953466 8.9114820794342 16.5011462527859 -7.43833535151146 -3.36223541951508 -0.030748294111855 10.0272653811928
Rousettus_aegyptiacus -10.8829951551771 -13.8167343262623 -5.55889075453691 8.24208245250961 9.44588059495642 -5.58363135671588 -6.19379153259485 8.67226343160444 5.447760587832 11.9723343096313
Saiga_tatarica -18.1838722679593 36.7785653854467 1.96979238249863 14.4643719158012 20.9919937018262 0.334693236252742 -0.90548953486073 -2.46992909699155 -6.55486845619295 -3.97284671522962
Saimiri_boliviensis 0.272596047081189 56.4121936828974 -12.9585728886473 38.2556447717583 27.9365097819837 15.3980426069609 -18.2751974544074 -5.24696083798266 8.95324520414728 9.83812569210837
Sarcophilus_harrisii -11.9232843916442 -22.8434916937008 -25.1122073455851 -0.646923737284176 7.75653575368919 2.30886448372947 6.95748772376531 -7.9189145463995 -4.31311305623871 15.620543252897
Scalopus_aquaticus -10.6490215515379 -20.0909898451138 -19.7526813260824 -5.48977257063743 1.45191506317799 12.29115565634 -5.28563582240357 3.04808920684281 4.83872752266538 10.9741070956782
Scapteromys_tumidus -2.55238688241837 -14.1979138102201 -1.09961202485985 7.18333156991952 10.8419743967947 21.9609693057966 -5.74872610930812 7.85256676972918 1.62442195043733 6.22052321022458
Sciurus_vulgaris -26.7210790766461 -20.2179429982796 9.13495195770449 20.5052942797774 2.80801556009403 4.98174917380072 -11.5452568626077 4.27698464182885 7.10322695991683 13.0429869283038
Scotonycteris_zenkeri -14.0516090428831 0.705621988971279 -3.81721549072366 0.423689948577232 9.20096861479276 -7.47979068519259 -9.27553088423635 8.13810488397368 7.39097469222581 8.19474131298601
Semnopithecus_entellus -5.39126424832479 19.7971584477301 -4.85971810903055 42.891126230504 20.4213146993237 15.6284146204307 -21.4856829235961 -7.99478881827997 8.49741820327828 9.24679024666429
Setonix_brachyurus -25.1562106496583 -7.64989172957936 4.18288183317282 24.9657956862703 13.7337162639183 8.93660983418043 -9.60326848386965 8.43005434376326 -2.12861676345649 5.28118719754289
Sicista_concolor 11.462420109796 -11.3156294280351 -11.5823214684576 1.94454957335563 3.45115805158445 5.95080341958801 -9.63448251136425 9.60183292459389 5.22875878510923 8.07086939782906
Sigmodon_hispidus -22.3088565479288 -20.9827857715029 2.85773201982567 11.0965598447272 8.99364749284476 1.19391349878705 -8.50865338760902 8.27274929243438 6.35421356038112 5.01313920490972
Silvabestius_johnnilandi -14.8407358511028 -26.6545965426352 -7.35853171061083 3.28069091655521 5.62407090916982 -6.57167220066558 -9.86818380311718 -7.61216638223848 -5.57347312063986 11.6811851299243
Simosthenurus_occidentalis -21.0080955228738 -21.2904614039706 1.80703576748286 17.46374326832 5.86340879214388 13.2662047900508 -14.685402214537 8.14924140714233 2.58955581120158 7.56457092571064
Smilodectes_gracilis -19.0382578027198 -18.9429707835908 -12.5030631837896 20.940894395007 22.3119754768206 4.72084230883673 -10.4612577297872 5.81201418817443 -4.16296999514027 10.1733376417817
Smilodon_fatalis 4.81538571959814 -17.0808966743572 25.1340413307643 -1.6675142470404 24.5364973697577 -30.1371199010851 -8.25286951372689 -20.1186045876224 -15.1595901208583 -2.0545408852649
Sminthopsis_macroura 7.88863892792409 -12.0695341602155 -9.52893348865019 -14.3710325002009 -10.0854433416097 10.0911628940708 10.9971241576433 3.73800834040195 3.68737768055246 16.9375158418889
Smutsia_gigantea 46.2472111296779 6.47537323477799 39.2723408551529 3.47328412470971 19.5985276919428 -5.166106705503 7.59329803693902 -0.0843263805416141 -10.8775404230077 -3.15589495681792
Solenodon_paradoxus -3.34117983047839 -32.3332640548654 -2.0610636917133 -4.63383658477469 36.7812702038896 -3.89692121527934 10.6557627627544 4.56560964799229 -11.3952961577476 2.84774784337018
Sorex_araneus 33.8818699928955 12.0669555851492 -32.3580913143275 -11.1866054202252 -4.06162074239479 2.71925251458526 9.66430239934979 31.6446374660306 -2.76160891215655 -4.06009119009054
Spalacopus_cyanus -15.8902075036016 -26.7427170007585 -18.9919138184705 -4.49090758472601 3.48293165859153 14.6259231692426 -7.73122229260432 1.87662292657322 3.68049880808901 11.6511788667251
Speothos_pacivorus -8.2920330515147 15.7943208155277 11.9571190131912 28.2439249122645 26.2956620996598 12.5037696574812 -16.103132174066 -10.1702477713701 -1.77498900917713 6.44651831328623
Steatomys_pratensis 3.08391226867358 -0.80670714079637 -7.79159599627183 -9.96455254980147 -1.76584694647249 7.72802293526489 -15.5885470816434 13.0726723108254 9.4536165450358 10.6939371734311
Sturnira_ludovici 52.1173186157368 -30.1577216928789 25.3265222999454 18.3254680967757 1.00506382473172 11.3949769188323 8.03423137178366 9.43303824029757 1.88890041111819 8.98967377041024
Suncus_murinus 11.3981888038938 -17.1764362592481 -25.5838673244259 -18.2613860224643 2.67296775655145 -7.3088447009353 6.38286744407759 3.29210557739098 -11.7730202583072 -1.60488491156805
Sundamys_muelleri 0.36388560941451 -18.9954146789294 6.19433206517265 11.3076918439502 3.13872778001997 2.08671372618596 -6.62462351896123 6.48819886508641 3.08091233312242 12.8698139651202
Sundasciurus_juvencus -11.4270006720493 -22.6312744446624 3.09453129130609 31.8449731845105 15.1862220618858 7.55208945706587 -14.3666067922113 4.57120472839551 3.14756118615401 10.6860840340377
Sus_scrofa 4.51015050497732 14.8458525473638 27.8682047608941 25.4673089173964 22.7682431320496 -13.6417964819371 -4.88734271527545 0.245479384210109 -8.72373943413178 13.2323519203237
Sylvilagus_bachmani -40.0790624425901 -21.7304967322289 2.27508975882482 15.2869147558227 22.6809457645381 11.4866017523497 -17.5762804541275 7.96897813139548 13.964021325509 18.6440084296104
Tachyglossus_aculeatus 27.4214572526314 38.8862940292118 24.2014473967452 9.38597787584388 -9.66260266743548 5.00352415065767 -9.83136713464563 -12.6892358087555 1.78721917662163 -9.56315911419693
Tachyoryctes_splendens -25.9236966950135 -9.48562608852571 -9.39643582923693 -10.6866364388509 -7.07205594469094 -12.7316235000986 -16.7867397067579 16.3649591622841 15.4301819037761 9.84809436699285
Tadarida_brasiliensis -5.29509118467006 -53.877916408351 2.63018775434383 -13.7012756486088 8.43800478211553 -7.39923957317859 3.09019185991238 24.9917718644334 7.6659426405209 5.18389088425295
Talpa_europaea 35.174491128914 4.10536819087345 -10.0974973418931 1.20005078581898 -2.03445825096949 13.2060387421713 4.6974438100302 6.65191135965369 3.5477411872281 3.58350117717433
Tamandua_sp -16.3116144477436 -25.5478329416382 4.07220423101783 8.78088863161817 15.7352842295331 6.0484282362624 -10.2264975104407 0.774001379590172 -1.67863107589497 11.2429451461525
Tamias_striatus -22.5580412009651 -16.887409321862 -4.82460267288031 7.91790970515726 8.82278632319917 17.8808905712549 -7.29503917104326 1.69513319359238 6.32838042575116 15.2829303440494
Taphozous_melanopogon 10.9864423767387 -59.3946177037271 18.3414856757063 -11.6775323391246 6.50803082598812 -7.98673048929355 3.07430149867353 16.4641178370397 5.27929887237897 7.9690517224548
Tapirus_terrestris -63.3261525035914 1.05157512140264 -11.6637825810966 11.1354649258023 2.67683139135554 -5.14498555232572 18.3448617093783 7.68788605171435 4.39609894543025 10.3025390098832
Tarsipes_rostratus 15.3902080362997 -21.2999614169926 -6.62116534944604 -13.6871736528376 -5.43205667958086 8.07031937408965 -3.58902480874568 8.1310961416963 2.54064530629719 14.4716188663311
Tarsius_tarsier 8.284429786131 -0.285558760852499 4.49801477075545 38.8693558825351 30.8950747723529 25.6678303420373 -15.3245126577332 5.75683392118502 -1.51667575881064 5.06482262733188
Tayassu_pecari -1.88332637728323 7.09998124099121 16.9960731321463 31.8566685395579 25.898301271381 -6.67994569734724 -17.9581440103759 -12.8565896510329 -5.48366222487314 13.9590257114984
Tenrec_ecaudatus 19.1474241585338 -20.4496603245733 -11.2855087224475 -7.97973091540078 6.50863745559181 3.40862660308399 3.27679799291323 7.8221851419233 -5.15410405766076 -0.341246002373177
Thalassocnus_natans 23.1230679422759 -28.8671670805615 22.4380554976041 16.4654336411474 10.9492385786206 20.173977303115 14.153108510182 -3.92207338051775 -3.57303422376461 4.36617307983702
Theropithecus_gelada -8.91711487558826 28.2104237988349 -8.26093407081274 50.4110166144206 15.7073056007829 21.3828951267291 -16.4920884768164 -8.98732705047456 8.80659087882926 -1.27792810781289
Thryonomys_swinderianus -38.8430324334313 -35.7515714926879 9.62708185270677 6.25326158341416 13.2569827117069 -4.60835047533914 -0.169366140743205 8.71521161109018 3.5954509094981 10.9057774746212
Thylacinus_cynocephalus -13.5394304326287 -23.8126817994357 -6.5796680190564 -0.859939256737073 4.25182935558018 6.55760307122973 -8.08245527255072 3.36839310273438 1.58022608220345 0.327906137978638
Thylacoleo_carnifex -4.31249632432779 -21.6309784881327 -18.3960728393267 12.3993000485322 7.73703334512919 16.9051605224038 -3.54585786359843 10.8639791354724 -4.25903345652437 5.5433092866754
Thylogale_stigmatica -31.8516268669733 -19.9416595622032 4.93475431695554 12.2695575870526 15.3756017174526 13.2397957543212 -11.0300474457188 2.90679615989496 -0.832438648779467 6.338607472141
Thyroptera_tricolor 40.5523404175059 -32.9493395824529 23.5175594985425 26.4414103768442 21.6155882138148 -0.578981731960845 6.45454729930164 32.9414777454415 -11.8962146919979 1.55143340543854
Titanoides_primaevus 3.84089010555167 10.235447472681 -14.6958032459371 -8.51169994995042 0.347534880285132 -4.73761230001606 2.27718863267022 -20.7763561496125 -12.7851493263375 25.1844179553493
Tomopeas_ravus 5.68281897004527 -48.6110285725999 4.7377080057536 2.00046700615182 -14.6675399690416 -11.6775195652446 17.8058007175614 17.9766815093692 7.56501689273042 6.047511145177
Tragelaphus_scriptus -34.2501126048004 9.94655421896132 14.6349140987476 30.7677839355198 28.2246862553067 0.999550789201827 -7.73172613561992 1.48856276703283 -5.3404604119392 4.96065132403151
Trichechus_senegalensis -4.69049410098719 -12.4995151253783 -14.0217876054033 53.5992256163548 -8.15981972595705 -16.0512980029645 1.75300533840875 -1.2106559680706 8.57689337959107 5.81816085097966
Trichosurus_vulpecula -21.6819629534103 -17.9129658506606 4.36715393826316 11.0463176916839 -0.846179504906297 0.301628761603735 -8.91703453251673 0.277190519941006 1.72444018169856 3.57077811834539
Trinomys_iheringi -24.0656819794373 -38.7298937993824 9.65756630312588 13.0559844085083 16.1634980651656 -3.77898357260409 1.99619881997441 14.6190349256319 3.95417089613874 7.712622415321
Trogosus_hillsii -1.9894849301738 -37.028342546192 -3.41181094739868 1.64701589305842 6.45508141763614 -37.7201120396155 -2.65594036765208 2.71919525709108 -17.5384760944285 10.6486952235915
Tupaia_belangeri -13.3801366233341 -15.184988437941 9.91307508772028 11.1269537733364 7.37328147473011 8.07241764526162 -4.18383499272697 -1.98238264549928 0.320100032284514 8.25221819080536
Tylomys_nudicaudus -11.2263238354005 -28.1160450226259 4.15536026156876 16.6447144732958 5.1177304510908 -12.0772514015826 -13.1089302869726 2.7945477195036 1.00934323846793 -0.152566930863032
Typotheriopsis_sp -81.3604302219809 8.88076116161686 1.82986072562356 10.3132934753928 12.5817309717652 -3.75711902052044 17.9629924834233 -7.34500215012332 -11.421187941723 8.67017569405956
Uintatherium_anceps 26.7062486291879 13.9012496299237 -25.828792538707 -14.6674562147094 1.54524901692625 -12.2790978427217 19.8231335783825 -7.95934689307836 -12.5683562194733 11.5981389649273
Urocitellus_columbianus -27.8735940241846 -12.7404893862904 1.67120945028394 28.5545776387183 1.77244725769555 10.2426871441124 -8.86635397099206 -1.98634857258245 3.72580080705051 13.5833199921691
Urocyon_littoralis -4.27674021662847 14.7838845123119 17.9267874361895 26.2156928710757 23.0710819404906 23.6134248935192 -17.6388457478953 -1.79784424111858 -3.15424567321272 -2.18382535368386
Uromys_caudimaculatus -8.30900079282555 -12.2395999899861 -5.03483730219073 7.60145228857965 2.86418751253241 2.5572052933447 -0.00542711309595809 11.8187101585868 -3.09993842578831 3.21822293690724
Uropsilus_gracilis 41.2783398480888 19.6005732001688 -27.6292880495048 -9.23305916213108 -5.02875396575861 26.4363828950684 11.5596720364773 10.649681693637 -1.31080801295617 -0.41449082118971
Ursus_arctos 7.37765042893267 0.989130105912444 -13.197461858324 0.950068612343389 19.0889288042497 -13.4940652793764 -24.9321255070138 0.146192192820599 -7.21343351425832 6.11161488827218
Ustatochoerus_profectus -4.78431212379122 -42.5483892633969 50.5211082105375 3.96753871672446 33.3587567433342 -4.24987917226353 -30.0134455363003 19.6003486054701 -10.433797871422 21.7794491113561
Vampyrum_spectrum 40.9531509061357 -50.3589348630999 27.8665577411474 5.27118077962993 17.1100828647456 11.4961010071692 14.881568101481 20.853498006911 1.28977257441358 19.3387278378407
Vandeleuria_oleracea 7.80162700786779 -18.4847974710075 4.33074235296297 11.9361064075715 10.9532212759769 3.58856307285452 -9.52867266016192 0.670363498269562 4.46884816571372 8.95450137625881
Varecia_variegata -1.831718042671 -6.99470344920787 15.8578293563438 32.3699637138594 19.6002067105369 21.6645652116157 -14.3923137894581 -2.91846812953625 2.27370228181572 2.12663811094918
Vombatus_ursinus 2.41430489745076 -18.0762155216583 -13.8428779928525 12.4273554739349 -10.9779045357161 11.5363328554394 -4.40028726867001 10.3607134297606 -3.20503468964333 6.04645371607652
Vulpes_lagopus 1.74199754123546 26.7788559566378 4.72814409000423 30.935738189129 23.6761553345114 7.21861033725096 -17.9231847827224 -6.63540843889011 -6.8858457668004 -2.11365245054965
Wallabia_bicolor -45.363615587748 -20.6874230182726 -9.28939681201237 15.5027973585597 19.6680440588539 24.7221248370176 -1.6494894644497 -4.82913048171427 -0.137005733351743 8.721629526356
Yalkaparidon_coheni 26.3965015798398 -7.41642053015771 -15.7242712560159 -11.5189425982038 -5.85833579348415 16.8058626839014 8.1992989448412 17.1760262892368 1.34926493820149 3.21237312051248
Zaglossus_bartoni 45.6140416163567 50.5293762070672 5.98029337086318 -5.44509485955595 -7.01150944234409 15.2315844755861 -6.47392482677766 -12.3238870723195 -6.40279339899236 -7.53590541699698
Zalophus_californianus 69.4636418358064 8.32205109740926 12.9941281974168 22.7543580334087 4.16469616887676 3.91018445585478 -27.4788455051877 -30.3000577657613 -2.34802109202725 4.69984641321402
Zapus_hudsonius 7.66136014310409 -16.6457498371451 -2.61212916813493 3.57470948555566 2.8742704048138 3.16827206676469 -11.9047136101032 12.725630733841 3.35226988461011 7.6022279974504
Zenkerella_insignis -15.3028867785692 -27.4859728335165 3.69130033540755 25.7123840357377 9.21363924622045 -4.97163601865271 -10.6612439846389 3.61991794248542 4.22387442350101 9.19848927515135
Zodiolestes_daimonedlixensis 1.72942733135081 0.673490421160429 16.1341039093637 8.47108370567262 -2.78480969051487 21.1021857586393 -3.18682143478047 -0.76106685968345 2.03854985398951 0.348261929659887
Zygodontomys_brevicauda 20.2916607562596 -7.25726957263845 -0.317105099765756 -0.86182435672644 -1.82922241074204 5.54324655547238 -7.01093214108699 12.9901622386975 4.71692449782829 4.86116725604409
Zygomaturus_trilobus 27.3495559607984 13.5826630807961 -23.1963750402385 14.4519623766428 1.14159825835376 -3.06815782786332 -10.2231358205694 4.81889523249184 -9.02112361237066 2.02791996194357
