Abrocoma_cinerea -0.290627356627017 -9.83436133826145 -19.1129223141471 -2.61307638069512 5.37696035145234 14.1601973882097 -6.02898794476552
Abrothrix_olivacea 9.86434220494836 -16.0558702316734 -7.47554185452226 9.12352271565334 16.9392527196858 24.2080283450973 -6.24374245743457
Acinonyx_jubatus -22.7520010560249 38.353365965313 -39.4707492149869 -17.8026085095696 -3.74755914734262 -0.32182342802203 4.47759516920335
Acomys_cahirinus 20.2074108866156 4.90253155780052 -2.69822235217212 -1.32017134861472 16.8931756559604 19.0974613551733 -2.45430260978615
Acrobates_pygmaeus -28.0718330422249 3.66331705205915 3.72335887188305 -6.36532151744713 -2.82783078839622 13.585253454369 -11.5898916029517
Adapis_parisiensis 28.8254905207928 -2.83389110752042 -23.8233320432166 -1.39010802768637 -2.47221048897258 9.78179834298186 -2.06675653790795
Adinotherium_ovinum 12.5258535730274 18.294925494677 -24.1618711933039 -6.38703992464217 -2.20221270873307 19.0015702662034 -2.12037240285246
Aenocyon_dirus 35.6180874296621 38.5166638799035 -24.1688748310708 -2.96489127676765 -7.85063173748175 18.7168158945281 -3.38950594176016
Aepeomys_lugens -4.02180184698795 -3.58763690799566 15.9801295796533 -7.1957730597428 4.90247150374201 21.1133112441025 -4.72230725100909
Aethalops_alecto -7.29429492073859 56.9166569209745 14.0424836028749 -5.1093803131256 -4.03725590641948 22.9948494132295 -12.6169704336468
Agriochoerus_sp 18.3613889089845 -30.5995219834725 -12.0594335512682 -9.12903665466177 -7.80469947633257 7.60102135415137 1.69591478075487
Ailuropoda_melanoleuca 17.7928651361782 31.119953034205 -34.9999326190933 -8.97168931981326 -6.48525091946162 -0.473405949135169 3.80578541401431
Ailurus_fulgens -30.8263153648554 35.0235527064253 -31.2019315141213 -6.79990124744925 -10.4228519863475 12.3035530081118 1.01707137002096
Albacetus_salvifactus -54.1953366562516 -8.48863402780515 -32.756202847254 -0.101058382058311 29.8453749426801 5.36989232228904 -2.16593275566323
Alcelaphus_buselaphus -75.7861724909728 9.48603337886429 -15.3449182076395 -6.1517925406878 -24.6486009178239 -2.01247920350435 0.116961537909046
Alces_alces -12.1695072232905 28.1664111715906 -19.4426332518708 26.1020200689881 -17.931604333723 8.0329967735675 -5.06046622132898
Alouatta_palliata -23.4029884198966 38.630148402177 -75.7351031414155 10.2262527359901 0.85500835001166 13.0139825842972 -0.928853638879862
Alticola_argentatus 21.6689257821432 1.54893193714514 -3.30068088054992 -2.74995159897103 4.48212109477828 12.4989885503044 -19.4001254343963
Amblysomus_hottentotus -118.842237965231 47.0102949916928 29.5156167234333 -32.0588642401774 17.4824757147138 -5.69731908017557 9.58180238113256
Amynodon_advenus -57.9375568594953 21.581992170847 -28.7513829057471 7.05961707497248 -0.512177411803339 6.90831141981196 -14.9249173404214
Anomalurus_beecrofti 8.0388162131855 19.6603120792332 -19.3326011670199 -7.50226836315357 -7.79694751580174 16.8217044128193 -6.59597097853818
Anoplotherium_sp 23.6482439775044 -7.7205133942808 -25.3530689429215 -7.88449528377778 0.0017913746123389 4.70830218216659 -3.08078427097302
Anotomys_leander -2.39749801472641 1.69583892631684 -18.6863706650428 4.37935505414699 4.06353717223235 12.8862268418737 -9.18061503507653
Anoura_geoffroyi -24.9301263257697 28.6257240837621 -3.3597005469955 6.8393921437834 0.206683850520378 15.2352174507404 -4.83045529955772
Anourosorex_squamipes -38.7792632916646 22.0507357267057 43.0298690423721 -5.26991948332902 5.50401685680288 21.7534705639295 2.31163790383749
Antechinus_flavipes 24.4896364362003 15.3828794622021 18.6529828832129 -9.2442812790456 4.97490072114161 9.29880183907141 -4.74207430673071
Antilocapra_americana -55.8266465167963 60.7002623752637 -23.5856717299811 22.2864909071207 -4.07426814936901 -10.3864809717583 0.821682365852022
Antrozous_pallidus -18.9887991803723 -0.0322791015148162 -7.49755524775831 18.0777991396049 9.72047889707398 17.6332919325396 -6.34500997260056
Aotus_trivirgatus -24.7335141983124 59.5435175058947 -62.7534477125296 -1.37116266758487 3.7569158139426 9.04866373727961 5.54467919714068
Aplodontia_rufa 30.2781858416281 -8.96451200841939 -15.6833229318821 -0.262714355956945 0.681009456240841 5.89895992820627 -4.50739634535736
Apterodon_macrognathus 1.30161257824119 -27.7493176659293 -2.50080514208322 -10.5943973450275 2.30487027081132 4.90630849218946 -0.691457909389023
Archaeolemur_sp -21.8771317818266 48.1764427137179 -42.2746000598939 5.39077002090796 -13.8597361983453 13.5852421774114 3.02568302571341
Archaeotherium_mortoni -7.39260542447233 12.9060987500033 -27.6418082474407 18.9486568884261 2.58241146884088 15.1856122502439 -11.5869668110113
Arctocyon_primaevus 55.6783178703077 -23.8836704205533 23.2774432140708 -8.2481807481641 3.1752338096177 4.89607365837922 -4.11486422747866
Arctodus_simus -11.1576481013523 48.9098384833241 -14.8348235286953 10.8360022934465 2.48285175288788 2.08632703469498 4.65677517883653
Argyrocetus_joaquinensis -92.8447235809683 -92.7402548239308 -50.7805530453569 -5.05486002861288 10.9259956695285 -8.18677341636426 -4.19684071944993
Artibeus_planirostris -28.4800621503743 35.9211206306053 8.27556660836822 -5.16512158603799 -2.93343796278087 2.36289486590473 2.2252012065734
Arvicola_scherman 13.5373611071873 -23.740810690044 -7.57495263366797 -1.42755228783564 2.37904150552828 13.8733026380299 -10.206417467527
Asellia_tridens 5.46864418556904 37.6871927731739 -26.4333878819578 0.0341606817711305 13.455437801962 13.5843140111154 -9.87713692245384
Ateles_geoffroyi -68.0023838224947 50.4495465131472 -72.2044054063499 3.4946804328662 13.7067661623272 8.01449193261574 3.60709995006196
Aulophyseter_morricei -157.297914785733 -58.8653891999205 -69.7798744909948 -23.8375530082993 22.2759289718064 -2.42779144736392 3.51139042510693
Australopithecus_africanus -114.676558740386 53.0331774143689 -80.9569467507696 -15.2890554866183 16.089148893962 0.838123820954289 9.6741509900775
Babakotia_radofilai 23.9734848091216 39.7623331994665 -46.9640305773283 12.5855315057499 -9.82182680667976 13.3409277690488 -0.854843043193547
Baiomys_taylori 22.2049211252445 12.7213073017071 5.59644319193985 -5.10780724942106 12.7247008136003 16.6574290534933 -9.29955045362356
Balbaroo_nalima 36.5908493085831 25.1372538170143 5.09977175705825 -2.67897104851682 -10.2502629875296 13.8258593447949 -5.02413426473445
Barinya_wangala 68.8271271860393 10.0903856037906 15.2564373309555 -13.1764243050623 4.83917065557347 2.08389808739422 -3.80227763210706
Barylambda_schmidti -49.4434128985215 -46.9764412236836 -4.92862684547409 -16.6206485400826 11.5549773484646 2.44851992057408 -0.144774999221382
Bathyergus_suillus 0.321320637047194 -5.33741292640048 0.111421668455726 5.72793907752914 10.0308174907236 18.2008143135094 -4.72799372143253
Batomys_salomonseni 23.650959513267 31.9893117555587 3.26577483859228 -0.366122566839798 13.03997847003 24.213486824845 -9.16930384846237
Beamys_hindei 50.0676707838623 20.8130923697918 -2.60253968886962 -13.08300131448 7.87957476791673 19.4765956998795 -2.81987711196452
Berylmys_bowersi 30.0523852038589 4.17470286261348 0.164097116321071 -12.0621349955641 6.01638043876203 18.9627125341274 -9.58611498326386
Bettongia_penicillata -22.2978571025102 33.0893869634913 -5.0622582064988 -15.192252446943 -23.6344516490232 3.97057955019829 -0.611630686641039
Bison_bison -22.3650277294238 32.4156297251973 -22.5365377162306 21.2612742264061 -4.79241104270299 8.11485947229718 4.24741983941256
Blarina_brevicauda -22.6831914795641 19.3293655642574 38.4654352078087 -4.33064084940049 6.08381485407555 9.12672738232472 -1.6125396634742
Blarinella_quadraticauda 10.5285164041991 24.6738831302678 40.0950367812624 8.2096447210774 9.58593817645901 22.6645922487989 -1.88631247221941
Borhyaena_tuberata 42.1419799199116 -17.0318114253332 2.49218601715001 6.15571687427312 -7.4437320785448 -0.745810026638192 -11.3820475091433
Bradypus_tridactylus -37.2703557692581 14.0618378923838 -12.6090522907874 18.9466601923306 -7.96723319425387 7.58832473640153 3.68884153312729
Caenolestes_fuliginosus -22.5733277947434 4.86807193614201 34.5788170891163 -10.1168583573566 4.27393583599441 11.0019515477946 -4.86160153827555
Caenomeryx_filholi 27.1957798049574 33.9667662999653 -17.2164265737824 4.97631899068245 -11.1886361461403 3.52674112685246 -4.17848046715558
Callosciurus_notatus 9.38136402835478 39.9861311478198 -5.05992848593252 0.111883097301606 -9.37374500963913 6.3866907870547 -11.6442055945178
Calomys_laucha 8.95415833529945 -8.47944580215516 0.82242800017229 -18.3003678974972 8.75675623504774 22.9399649881344 -7.08332269455527
Calomyscus_bailwardi 25.3487469924826 10.6747702510724 -7.38709474240959 -7.06410038481085 0.270533013569004 19.4998887432945 -10.3033666232843
Caluromys_philander 55.80342964135 23.7816283408293 3.32572565736963 -16.7598790819641 -15.061943154798 6.7644591517492 -1.57557399075553
Caperea_marginata -4.26034658769623 -56.8744855432267 -26.7525238842117 -11.6714326555647 4.63914096805532 0.172206821613444 3.18703701089928
Capreolus_capreolus -30.8656849296305 39.0663415963725 -23.4154145309576 10.0674273497058 -28.3615411887759 -6.27776640261046 4.71140490548605
Capromys_pilorides 5.57709158601371 -19.6881108262266 -31.1932122555792 -4.70541840815605 3.7224781789537 13.0723699917308 -2.3994492965958
Carpocyon_webbi 57.589258759934 63.9932915819449 -19.0823383552233 -19.1378779713283 4.80983222907815 16.0234842488495 0.763211485873098
Castor_canadensis 38.0551918812945 -11.4457672057492 -19.9740550004629 7.26890223924517 -6.69566362474738 15.5162411943021 -4.53617506982559
Catonyx_tarijensis -49.7303846437634 10.0390777008122 -23.469773259966 14.6352071260897 -3.77844859668652 7.26250438266492 -17.2542554009343
Cavia_porcellus 41.7661133826406 31.6578454594845 -35.275057563325 2.38663496714457 -11.7327838452258 12.1500148147236 -8.59953155757732
Cebochoerus_lacustris 41.9787690569191 -8.0474303497449 -7.70359640709487 -6.07481520815628 -2.65125402467284 12.8560541052026 -4.63723657748774
Cedromus_wilsoni 27.5578834465367 9.72357154412739 -19.8626585229816 -5.4114963217071 1.20229261655529 9.49870968063018 -2.91316317754418
Cephalophus_leucogaster -10.3815869272559 11.1111247619872 -27.8583845849349 9.81036255541183 -26.5268209395832 7.46914502040412 -6.77675697980697
Ceratotherium_simum -3.39980729709818 -17.9642969637789 -40.4423220099423 27.7315245207617 -7.22646845482218 15.9081231040789 8.21756628661861
Cercartetus_concinnus -6.12546443368853 0.763970351026172 -3.47114883095817 -4.04508516826536 -6.07035699848303 12.114665411828 -11.0875415321024
Cercopithecus_ascanius -39.114201256455 23.8626853351079 -78.4614881894073 -0.806686519470504 -4.42007811126205 4.81086457062027 1.71850318674685
Cerdocyon_thous -5.8164184665941 54.4228223402524 -19.6669934278882 -13.2359509966402 -14.0798399000703 16.3135802578365 -8.5235539527782
Chadronia_margaretae 44.4123700751891 5.31421007836992 -11.5089288005112 14.5765511422808 0.698063922367428 10.8339985754733 -9.38500631704899
Chaeropus_ecaudatus 22.1188111367095 45.7470761431603 16.5216029754344 -5.66092723597705 -13.0699028476293 8.15127615217528 -3.83267235145368
Chaetodipus_penicillatus 10.480577337481 34.405652264368 9.68830827589716 -0.343966119176613 11.6021511299398 27.1951121476156 -20.0986049845081
Cheirogaleus_medius 18.7758696387439 28.8328220763024 -19.6888011312967 -1.27343160419327 -11.5483378362609 12.2467743799764 0.172638711557575
Chibchanomys_trichotis -10.1766959694007 -25.5908088665201 -9.60659245669784 -1.10967493279899 -1.72887382709733 11.1797403180177 -7.12376346576412
Chinchilla_lanigera 5.30529737585542 40.5418128903555 -29.2996983005939 0.304926457743072 1.61594544677417 11.4892756813315 -2.77353261369387
Chlamyphorus_truncatus -125.309768680267 39.9428169884314 44.4113754900489 -8.37778905953147 15.1388083896213 13.3501564322247 0.969546235839738
Chlorocebus_aethiops -33.4588533096044 57.1558794601721 -75.382406481802 0.118121526202173 -2.12334612342865 3.91762458128407 5.35473017184079
Choloepus_hoffmanni -20.3710177034147 36.3140106913948 -4.83311098195578 29.1500521037976 -4.72985087643081 21.7048805333339 -2.87458694773192
Chrysochloris_asiatica -120.951752671729 43.2613672477957 30.4304090180583 -22.533777157043 13.6274204187252 -3.2101256270097 -0.165609676819942
Civettictis_civetta 39.4864567563935 40.476123682864 -9.69525925224557 0.322402916278497 -5.67094336464334 10.1923825500829 -7.18618702237792
Clethrionomys_glareolus 21.5632964061684 0.998752425095131 1.35633176577909 -3.51358245125884 4.71092572073426 14.8890392045941 -15.4000051257227
Colobus_angolensis -35.1916455504281 35.2799288448484 -76.4024995199328 4.78670001910503 2.09564249345666 5.46719317773357 2.46720012933303
Condylura_cristata -16.7592941167822 57.0633449069117 8.93152253422839 6.62381109188789 -0.461441133371454 1.79065794266886 -3.60159752176124
Cormohipparion_occidentale -16.3221957930384 61.6911542281195 -13.7840427780149 24.1818310435444 -10.2509953547637 18.3293298675954 3.82994963193351
Craseonycteris_thonglongyai -55.4400163261488 5.54741032624491 -26.0522471190172 -13.3571736479626 20.0459655797456 23.683845553257 11.894787755132
Cricetomys_gambianus 38.3188390023192 -0.838786848614699 3.5557458056362 -7.35693460225654 7.0939768064905 13.4552922622756 -7.17910340148007
Cricetus_cricetus 49.4360700662086 -29.0459389945661 -3.81678940019437 -7.41312493287116 1.71999512479268 10.7017545402652 -9.33721646404191
Crocuta_crocuta -5.96024697828641 33.8006429317407 -23.1403591845087 -4.44600197573149 -12.6296303365455 11.8921051639783 -7.5059718330795
Cryptoprocta_ferox 31.073423106578 21.4891082443028 -26.5623430555403 0.257636962852137 -4.04417993263859 18.2179343788415 -7.0512935186982
Ctenodactylus_sp 27.9013017259597 25.1364082441219 -19.8192090600882 10.236855406768 7.48670409289457 1.58563271985535 -9.88849790022213
Ctenomys_conoveri 42.8097669695944 -26.1683998875325 -23.7909247532695 -8.6935776561869 10.0935837307159 14.9037181020443 -1.92668111916993
Cuniculus_taczanowskii 4.83018634210632 -26.4001904344149 -9.16095700128562 0.0176354425181717 -11.2691181550896 8.96519599427371 -12.1861352939192
Cyclopes_didactylus 13.3036302176224 -0.854217567427427 -2.1337210913786 1.21948496340305 -9.54227271946538 7.54052282552049 -3.58304682084656
Cynocephalus_volans -55.7569736054026 17.8576007391249 -15.6729171310524 -15.4854796507861 -8.68616029659661 10.6146493781171 6.61799472220147
Cynodictis_cayluxi 37.2892968740054 8.49362404521281 -14.6523116570518 -0.933334668950576 3.99198754302864 13.2790562838904 -8.37975783709179
Cynohyaenodon_cayluxi 51.295877007801 -5.92292129756947 2.25155063109849 -12.2244534051253 5.93255707473272 9.02540439054246 -5.07799864227918
Dactylomys_boliviensis 18.4461000844634 -23.5819021727599 -23.7200516077507 -7.82089064826323 -1.9702249613131 15.3148846353907 -2.93368795074919
Dactylopsila_trivirgata 35.9224771998689 38.5307872988357 -11.7813916255102 -4.05351975634114 -15.8918266948665 8.39339044867319 -1.58959339833311
Dasyprocta_leporina 35.7950388835785 25.734058190159 -12.2495291238565 -4.93735980907355 -12.4365479750044 7.42139794379119 -6.31102947381827
Dasypus_novemcinctus -26.1122216657272 51.8917859510178 28.9243846074938 -8.55233439020391 -3.04690892505807 1.20631021835228 -1.23848869084018
Dasyurus_hallucatus 56.3343752595924 17.4720193606471 11.9227514409472 -12.6596770488294 -7.68237545688592 12.5670248562455 -3.87371862844951
Daubentonia_madagascariensis -76.4866096620654 33.540209729523 -34.4231952559205 1.17342204276757 -10.9533645615869 -4.42569063754107 10.4766079427809
Delphinus_delphis -136.117612150526 -7.91379834488493 -77.914635262639 -14.3764854837654 25.6436873348168 -0.802854652451059 5.1352700648341
Dendrolagus_lumholtzi 17.2090007835177 9.43251101267795 -23.0650694775734 1.54118532886671 -29.5324208668141 3.24201720436899 -10.8388140487776
Dendromus_mesomelas 5.45326928542601 18.228618977946 -2.24159801469905 -17.5964976737972 10.3046855982225 21.4467210976676 -15.5498441183427
Desmathyus_sp -37.8787604560549 83.8690314276205 -1.9625095896163 0.373015767066536 -10.6517186148258 -6.02053326852547 -1.71824090533461
Desmodus_rotundus -26.6731988858034 45.3531746761914 -10.9285616632084 2.89724917413016 0.289902117454263 -3.99027473521014 6.68656715128117
Dichobune_leporina 23.1697133409992 40.3646333393714 0.546872918006059 -10.3579207453313 -3.75552551621606 -4.92098437539172 1.82513593803442
Dicrostonyx_richardsoni 0.457060853105228 5.19179739852236 0.0180909165345413 -18.0969325927339 -3.05623150844363 22.4019155120005 -11.7340207001604
Didelphis_virginiana 89.4796925503234 22.4153469111898 16.8503880666692 -9.42337712039614 -2.69912381187045 5.77239550899075 -2.39767875211629
Dinomys_branickii 1.48752934770177 7.58818345682857 -31.1657794120654 12.1732266905366 -7.52466181157322 9.46317558682243 -0.218916656954144
Diprotodon_optatum -70.6417808288593 -13.8347247754473 -21.4245433262512 -1.65279186380853 11.3053190981131 6.8873453399654 -2.54379226280151
Distoechurus_pennatus -0.626745281024646 39.3114095091074 -1.01692225198957 -8.30379825578537 -4.28482429960155 12.6688301434876 -4.01057316075179
Dromiciops_gliroides -0.125910701449853 19.876429621937 -4.37417719700198 -16.3502497765089 -5.31655229589639 12.4146308210459 -0.18246294581461
Dugong_dugon -92.2288280339337 -8.82890192625415 -30.1524522814476 14.0941181498031 11.6338342452423 14.5467888752961 5.61007721942323
Dymecodon_pilirostris -46.2670476732916 65.8409661703632 24.0601951782414 -4.70711563453018 -0.332320120969183 2.27816910937742 -1.95995011337395
Echimys_chrysurus -2.67398678176845 20.7487049826428 -6.3232270619865 5.17802252706588 -7.1528911537052 12.709696812689 -13.0995710208722
Echinops_telfairi -2.30672978022365 -24.415565705739 54.6377669134297 -20.0296205233189 18.336260718936 19.8223851105766 -4.24270604703543
Echymipera_kalubu 5.59437695941568 52.880086954889 44.857180255803 -19.6744549735621 -3.06730689164154 9.99655743853473 -2.37466161824966
Ekaltadeta_ima 27.1760273027261 5.5399483455997 17.4650810884354 -19.6763456010288 -11.9768319257357 9.00724088504752 -3.27026086416317
Elephas_maximus -99.2840290165 36.7494480433305 -10.0160893720855 -8.14250805537631 -10.9717065253507 -0.739022286253434 16.4681013706767
Eliurus_webbi 12.5344248607799 -12.8855423926134 2.35680121549979 -16.1147907671894 2.8509436975662 19.2919355884969 -6.2704084462691
Ellobius_sp -4.53566596451298 -36.0566113333172 3.08596162818595 -1.4428206612419 4.2558720090188 9.49834548557725 -8.74455049519032
Enaliarctos_sp -33.7310948682315 13.1986649797837 -39.5519183913758 2.31150089198292 2.47990995466727 30.1760490493931 -17.8423938047326
Enhydra_lutris -15.71542600207 -6.67325131499955 -31.9778079866056 10.1086267300539 -7.3698081433481 5.5103154009686 -6.27971608526818
Eonycteris_robusta 6.1842172054968 50.4120348744927 -2.75050345928804 -10.2807838943758 -13.7615972178321 11.8364356308458 -4.45158389113804
Eptesicus_andinus -54.7237230492159 -30.2325139312098 -1.82318947974943 17.6553253678281 7.71055580403074 5.15126993549883 -6.97236200785446
Equus_quagga -47.3408305621592 38.2445826668454 -18.311907644415 14.8270503892204 -9.19211360983286 16.2806834595156 8.44748197045501
Erethizon_dorsatum -56.4383657136644 -25.7482332070954 -14.3933986539373 15.066137712654 1.36762668150651 29.1840137396021 8.56811356163267
Erinaceus_europaeus -11.2714190145338 12.8442137559997 47.4409511598932 -16.901569308965 -4.57905602099271 20.1768205338014 -7.05869940945977
Erophylla_bombifrons -36.8688223231193 50.7292792287318 -0.397572649267738 -0.801426605355654 3.46591987179553 19.6231247663956 -7.40817607111275
Erythrocebus_patas -36.0454506971824 58.8552664635929 -77.7330328357259 3.3778632973243 2.12120567947472 -0.180078127881448 2.51487263737389
Eulemur_macaco -31.1043629155604 48.2633889018607 -36.3722040446745 6.80016225130391 -13.1391288146331 -2.42305853692064 1.98482007216875
Euphractus_sexcinctus 1.36910306845407 20.7178127377291 33.0304861289004 -12.4804049161714 -11.4847907731993 0.893132380306185 8.8151211047373
Euryoryzomys_macconnelli 58.5321195667307 6.7615989225644 -10.5496883949761 -13.6531843586946 9.30101000311199 21.1552297912858 -6.81965919657545
Eusmilus_bidentatus -20.8061820433071 27.3104603319873 -2.0254811609682 5.04766358891736 3.74373106657822 9.96675155915393 -10.13315033553
Eutypomys_thompsoni 59.810615331722 -35.9631365760446 3.47051894000304 -11.2861625147538 1.85993794556912 15.3350003972695 -2.55234744433999
Felis_lybica -18.6555995707211 52.7321356135894 -32.7190542104056 -23.9012198092653 -6.1797766576144 19.5449837206472 3.24462352867415
Funambulus_pennantii 28.7427890588388 29.9202333774699 -16.3396444094972 -1.86128305291416 -5.39553037276598 6.44751987850572 -3.64577354967675
Furipterus_horrens -92.3269326157871 -6.50639747450088 -11.8269146807188 -3.73569243291987 7.67710769191076 7.68077379088909 -6.88529167579383
Galadi_speciosus 8.65744808038939 -30.3044585460774 39.4772823744733 -33.4204255377337 -6.3681366574298 8.31615454396486 2.42194207346441
Galago_senegalensis -19.5113913639235 49.3810163761719 -50.194048031195 -13.769358687759 -21.4793392811346 13.6541281730465 -3.00222614545187
Galemys_pyrenaicus -40.0971020946798 55.204261698411 -10.9076084097112 0.685228642793234 -5.11684309631278 5.78853702365652 -3.43625603259055
Galidictis_fasciata 14.3465913689871 49.2673306144668 -4.68885827161647 -9.06021265790023 -11.8510458645253 16.8745869474286 -11.5624819926791
Genetta_genetta 33.8308980270465 32.7870647626975 -27.3150143598683 -8.44220443964607 -11.3336734591821 20.019584354403 -4.01063705145642
Geocapromys_ingrahami 3.42545490587905 -17.915865953717 -5.31568181096138 3.75378111617177 2.74499144512484 15.8531675695171 -1.43029041370914
Geomys_pinetis 42.5819775484857 -18.1232828497127 -7.02693241123352 5.43603052377917 9.60657460247278 13.4353959984948 -10.1356179299153
Gerbilliscus_afra 27.4751304526855 15.4236955657436 -15.3526731345186 -2.04732393906753 3.33858091815261 27.1896869238368 -4.22951257257558
Gerbillus_gerbillus 12.4141288839689 23.2025848751183 -5.29992094275616 -5.70908440817985 0.0670627752065191 13.0946927472419 -12.837702382826
Giraffa_camelopardalis -65.8331576763506 7.03300564753464 -31.1871143347759 24.5055959013231 -10.3054853902273 13.5582560190681 5.94797563516926
Glis_glis 9.46386821597615 -9.63973090577314 -14.4641751147454 -10.1195325692467 0.371469179942129 21.1219228998613 -4.38779040723241
Glossophaga_soricina -24.3052035589942 37.4473197014367 -2.54207716490817 1.63810055008443 3.95251425026372 6.25914948469315 -5.66707035075382
Glossotherium_robustum -88.8187452448949 27.5287133651102 -6.00247976750136 11.1463623653189 -8.6555438304375 20.4175422292023 4.89217918498907
Glyphonycteris_sylvestris -49.5638718407215 23.8852227045137 13.780077922478 -13.3223399538164 -32.5000441086949 9.98931910618417 5.66321450695687
Glyptodon_sp -69.4246472336983 5.93695368603873 -7.20704593966932 5.51804950449701 -1.66463406180335 14.0752094374887 -0.541348790113506
Gorilla_gorilla -82.7155511175784 68.324345322235 -74.3591906453067 -10.4040071422993 14.8333279152899 3.96864015859266 9.62709930992346
Graphiurus_nagtglasii 2.35396954940999 23.2972186573135 -3.97903885024114 -9.11889556613988 2.4545994417117 19.6355392239693 -4.8137321509352
Gustafsonia_sp 7.41582585552657 -9.69108962283674 -18.5633473170999 -13.6666754473072 -9.57290431637708 12.9239442319265 -2.2955173998403
Halitherium_schinzi -63.7881241966625 8.32023564953483 -41.1396484672457 -4.8453656704741 -17.6365666442237 25.0744772247247 -1.43415679600492
Hapalemur_griseus -6.37741762203723 48.5845740593678 -40.7994151243083 2.26830320193273 -18.0412922767184 7.66251595107298 -1.25835728293361
Hapalops_sp -51.4641722446912 40.6434172264766 -10.7056896182058 24.4688467728968 -0.129943048193551 -11.0472772164457 -0.508969842639529
Heptodon_sp 5.259463246308 -41.36397936025 -16.6614628878053 -1.37318173678935 -13.0314066110689 18.252149451016 -13.4752273666597
Herpestes_javanicus 48.5814861383311 18.0445263359184 -26.1601036409863 -2.49726021967569 -18.7393360163394 17.1313171957436 -7.19577775534143
Hesperocyon_gregarius -27.3713526978253 30.715535954165 3.82501407791448 -1.64962601637999 15.9649576263351 18.0062619915174 -9.40711219181688
Heterocephalus_glaber 15.7349144770914 -61.0927074412425 -2.51365941909754 -11.4986310616024 9.87245852292578 14.2170433105695 0.0439437050882301
Heteromys_desmarestianus -1.68095648864594 2.82060868043624 8.08537595719898 -10.0835471254908 8.89274503775304 20.0294536233063 -11.8951440775203
Hippopotamus_amphibius -45.8632771891108 25.9506174665596 -21.7475447758742 20.6273323221641 0.742772238271662 16.8009306456171 -6.90306360090009
Hipposideros_turpis -8.74003680501147 29.8540761244559 -36.1775929794391 3.02231221399556 3.66464699173117 10.9354897281951 1.22467617306072
Homalodotherium_cunninghami -32.7559989847854 11.5757081883851 -13.8638495436718 17.7810409829407 -6.62262356296928 8.34737383426413 3.19630530629414
Homo_sapiens -149.944414842368 31.3582828348306 -77.280829540215 -22.65589073322 24.4093820944051 -9.2824893229674 9.12087243299258
Homotherium_serum 9.59888952606746 24.2440180606713 -34.0967388776225 -5.23214398574504 -5.38142501782316 10.8085949026947 -0.733820984474718
Hoplomys_gymnurus -7.9308088556896 15.1723236090993 -2.21887370746261 -6.54066335789585 8.27726067221008 24.7951199616695 -11.5071243324066
Hsunycteris_thomasi -54.1850812584211 32.2524100283991 -6.62678437165649 0.737333484196061 -21.3128730683638 20.34099206876 4.70105422262223
Hydrochoerus_hydrochaeris -3.47700412273611 4.24842919628398 -33.1511532997852 6.89219573228904 -15.6082405926525 18.3116822103032 -4.41824755479116
Hydromys_chrysogaster 7.16104249740978 -26.2687148175101 -16.4459755246433 -10.4425291294382 -2.9655593249246 21.1050002348257 -2.19975659190594
Hylobates_lar -65.1299222034996 33.6365077673496 -76.844017885612 -1.79239154144528 6.95529434329186 5.7078687725991 0.407674081897928
Hylopetes_spadiceus 37.8597320079967 47.3788141745786 -19.6553992533608 -1.27464998631183 -5.66803835887473 14.289253803585 -5.46610177375076
Hypsiprymnodon_moschatus -4.25710715766258 41.0532207119544 4.71355371944989 -11.1888832606557 -15.6413661165744 8.68819297940989 -5.12366542049478
Hyrachyus_modestus -30.6393310282427 1.23382460606127 -14.8965837972676 2.66193440283477 -9.19531233170921 9.85641134091835 4.85140111184756
Hyracotherium_sp 25.0447685859238 18.9971015175246 21.7233904760063 -14.743657675303 0.371298122191171 0.289639084706084 3.77434693725035
Hystrix_indica -50.5492558481351 -7.75916489810655 9.57012133484487 3.76518467289027 -16.5997644238051 15.9052686923317 3.32687857982227
Ignacius_graybullianus 19.3344225260635 -38.1349149407255 -13.5485976642811 -0.348946172394095 -1.4640993452795 -3.80173377280831 3.29007321721319
Inia_geoffrensis -105.615379452593 0.481263164909045 -48.3312722742351 -5.2585933975248 19.5194902286695 15.676889108863 2.35065390495473
Ischyromys_typus 43.4342968245802 -16.3112011750164 -21.2143516209741 -15.333779791405 4.60827539034606 4.56310173584074 3.5417404385148
Isoodon_macrourus 18.7772487133291 20.7307102382081 32.6920482905559 -24.9334179089211 -3.58838497489903 8.77634326738929 -1.03738873134196
Isothrix_bistriata 13.567984093833 -8.44100360468708 -14.1197961104432 -11.5206045617953 -1.6057095397183 14.3487058048875 -12.0398614939303
Jaculus_jaculus -20.9115850929395 29.8974907396583 -27.5692938589543 15.1033881451401 17.1309188292919 21.0046170526599 -15.9405057168607
Kerivoula_pellucida -83.8920510304461 26.162770719469 -18.5909640443038 7.01471765977221 15.1370783527479 15.2527631990736 0.68554053129193
Khirtharia_inflata 96.870631893333 -19.7261077836468 -23.8497578240494 -27.9224475458718 13.1838109810492 -10.2099991977218 2.78358986692609
Kogia_breviceps -86.735691356026 -3.40204675430053 -78.6306986395161 -4.15004911935105 14.9460278729538 2.34538739010876 1.05779994666639
Kryptobaatar_dashzevegi 14.629673516361 -2.56431443940913 5.07732229808702 3.21764250977564 21.9976272417898 -5.48178541957511 2.49777214348861
Lagostomus_maximus -27.9240229604425 29.5437620281023 -54.7766587940399 -2.05670297414446 11.5349843059827 6.44348885335725 -2.64556428720668
Lama_glama -50.1545515238881 36.0249440801453 -24.4727396918469 11.342932882474 -18.9485665972974 10.5314870812832 2.09190380653986
Laonastes_aenigmamus 11.7685508256912 -9.11996325194177 -6.51570541669437 -6.59501996358459 8.35526167186542 8.35177305022241 -6.5997347073746
Lasiorhinus_latifrons 19.0258030020748 41.4410855377889 -12.2001767921403 -7.4305236431948 -5.77161049970493 8.57519399918685 -2.07531505539894
Lasiurus_intermedius -73.599098282148 -44.103310008866 -3.55116601425512 16.3190011319295 8.5978021117707 7.82508323086222 7.99351691525551
Lemmus_lemmus 18.3199485706069 -24.2235581600852 -14.1731737571406 1.69042087077164 9.78296042371684 12.4774336143859 -11.1185978883935
Lemur_catta -37.0910519599585 39.5826655595248 -40.9396294008309 0.580949453554147 -16.2297227862273 -0.0967112144367557 -1.35787327910664
Leontinia_gaudryi -40.2679712331712 18.2967696777662 -20.7663061591069 26.3166005085002 4.05043349922233 4.62677322333367 -1.18830315644447
Lepilemur_mustelinus -12.2450862455596 24.3826575239532 -34.7718727877298 -0.432284853386672 -22.7887780697107 4.49105713017198 -1.68029899884699
Leporillus_conditor 41.7397196886887 12.3424557631041 -13.6274712250472 -7.24834646990755 5.34246730012302 20.297038397287 -6.06083223241341
Leptailurus_serval -21.064350521177 48.8757288382573 -24.595042677093 -15.2484994045767 -4.19023098298814 14.1397704809497 -5.32473967192391
Leptauchenia_sp 40.2329064412484 -7.22255596318752 -9.08556290266934 3.89402176010703 4.43087374703824 1.56217389332514 -5.85210514014153
Leptictis_sp 34.3081503206234 -12.0847176733992 5.36390726245225 4.38888658347786 1.65744492200904 18.9115601421674 -0.188703204521748
Leptocyon_sp 35.8188777128731 10.2672975870624 -18.7794478839367 2.24698206727502 -8.20595406570153 8.9559746726528 -7.71760303384773
Lepus_europaeus 8.82059632238161 38.6211964400724 -26.765149048443 8.95404370402897 -11.3368283810165 2.34760982442527 -0.401792497010388
Lonchophylla_robusta -43.026593029483 5.61820507207809 2.086936989888 2.63193169510024 -21.1605128217608 10.9944017134919 1.83154810024042
Lonchorhina_aurita -55.5236816905148 15.439098275707 -13.9248836799237 2.92158854084938 15.5314483269902 13.9840143590762 2.83515870557446
Lophocebus_albigena -44.2412958037184 31.0254160510261 -80.9398942345969 -0.532536954358949 1.73551219234593 -1.54598823332538 1.25277723087095
Lophostoma_brasiliense -52.9214013679033 12.2272506773258 -17.1609495782405 -9.7891407634687 9.36112377169819 13.068382491308 10.0938095160764
Lophuromys_sikapusi 14.1239549202504 16.1908547107909 15.6546617121467 -5.13031933330708 3.12467358018894 16.9470772775517 -9.55272194944045
Loris_tardigradus -47.5487521694648 92.9923227870141 -43.7241003988889 -24.5745617785203 -8.80314043662209 3.32261699603504 6.77854538510716
Loxodonta_africana -98.9015964574696 -13.6440531487496 1.46356976294221 3.63692018848867 -15.1609098026924 -1.67539184156579 15.741714034404
Lycaon_pictus -3.55288094316804 67.1501739213681 -32.0314853423501 -3.91796742875477 -9.79415578011655 7.42153387723478 -2.856720635376
Lynx_rufus -4.21168175939236 49.3331635900312 -33.9591000598842 -12.7805137884467 -5.65647802880769 18.2025932549282 -1.1140611003111
Macaca_fascicularis -35.2422862900414 45.1810163664198 -76.1849792634076 1.28203422998576 -1.5856491794847 3.87955666992601 1.1060227016754
Macrophyllum_macrophyllum -55.7936394310408 0.946728949741854 -20.1264543684158 -3.96521627740571 0.244497343149562 8.02431366444395 2.11279563475424
Macropus_giganteus 21.0380795584124 8.64325975347994 -15.315454784521 1.95538503560003 -26.168833637276 6.4614189444793 -3.51189660555108
Macrotarsomys_bastardi 35.022187099418 -8.3803738995336 -3.07104606225484 -9.50379069979888 7.57533656320192 21.3313700357322 -3.01111478841928
Macrotis_lagotis 43.1061121687732 20.856465882137 20.2437835033108 -8.99672828466356 -2.56117230446015 3.47156216249809 1.41296789357218
Macrotus_waterhousii -55.2210546150746 -8.57162071622049 -9.09933549645453 -9.47745292363529 -5.86902360870318 8.20945940512629 6.47506430755683
Mandrillus_sphinx -44.1026801393799 26.3339231063119 -80.2022227045733 4.2910713633869 4.6248490903292 4.38732004938736 -0.654550937298451
Manis_javanica -52.5399596174599 -45.4514988258647 36.5358378203068 2.60071456975652 -1.13262538610518 13.0315745111802 -5.42931598267235
Marmota_caudata 22.7609693972905 23.2092161456078 -24.9143446807961 -5.47267483638225 -14.4924576141318 7.37565309146077 -3.64469180647574
Megacerops_coloradensis -57.4789645542603 38.9467647762751 -5.66072176222586 16.3353515324778 10.4502124749575 13.8989969935596 -3.47760558984895
Megaderma_spasma -39.2193176530847 -5.01666848763424 -23.4348174376517 -7.52934631171359 -4.89129017656243 10.4715014259066 -10.4209380154018
Megaladapis_madagascariensis 72.4260698401976 36.2124839909531 -41.4682042066391 1.70848429928794 21.377889182457 24.2694470235553 5.65697450941497
Megalagus_turgidus 39.7408083236749 28.3267039031804 -11.924309960152 -4.49957192453811 6.82036300097732 1.13800015547351 4.02966656219929
Megalonyx_jeffersonii -72.6057634544446 46.4749149060556 -8.68479735752956 24.1954441658272 9.77785387414417 8.93826880888263 11.3021953190585
Megatherium_americanum -64.051398750844 32.9060467101874 -9.40104606636547 12.4996217786633 -4.10222188080998 7.45684900918933 3.1504824259102
Mellivora_capensis 5.25550083615136 23.1072662590802 -23.0627225803688 14.7909522625063 -8.55051717591001 9.03339086170447 -12.6943565338722
Mephitis_mephitis 56.108880948348 61.6344433318694 8.55427233846832 -1.78200417324905 6.93442109368193 34.3394719663507 -15.5466224738443
Meriones_libycus 32.216789047211 18.0117226808517 -12.9606056430699 -0.760060247716418 -0.473008708396114 19.4565751997503 -13.6323558242859
Merychippus_severus -18.1084405612358 48.6793814026131 -18.913865043717 21.4907107067693 7.40127050619637 18.9015457167769 6.34617065461769
Merycochoerus_proprius -7.14848044193469 12.1447270688464 -19.4245179422234 1.16287144825925 -1.27656341158763 7.32483321407315 1.47697486334888
Mesatirhinus_junius -55.3838747967975 -38.0466894096359 3.37439814608656 6.09157074207085 -3.61693048073387 0.854820437544801 -0.3948056457258
Mesogaulus_paniensis 7.04609616833366 -12.8176853923474 -6.856446303425 -3.41556059563493 0.823473665531599 6.0715566084197 -2.81636014397506
Mesohippus_bairdi -9.41549163306213 31.1164709137116 -25.9761124487784 0.951411593738999 -11.583751968369 18.1830086097679 2.54966317834527
Microcebus_murinus 10.0062581777792 49.0109562652077 -22.8585111249448 -15.1644699533345 -8.42253586972112 12.4732619911666 2.12714362732392
Microchoerus_erinaceus 18.4120642151772 30.7680087805921 -37.6062611477629 -11.4513190213869 -4.3619545849003 11.0142147520456 3.89123016769113
Microgale_drouhardi -18.679469901613 12.6242085433498 39.6804497668467 -4.77269829714196 14.7787412476061 10.9167493684313 0.899382058385731
Micromys_minutus 5.77944974226605 25.7720005967342 -3.02030957286631 -3.0745572238841 4.55862038113161 17.5000070805643 -6.0046703616859
Micronycteris_hirsuta -27.7113141753713 34.502746075744 4.65340691000949 -8.45702030469818 -6.91349203355009 4.14867178828493 10.1241876617969
Micropteropus_pusillus -5.60099349661359 2.11188806957054 -1.15043169293615 -18.6657025324317 -5.46836166236864 20.4799124167284 -9.46383288918375
Microsyops_annectens 19.8126674670223 -15.7364274173862 2.91213394131114 12.0114213054333 0.407230901665954 0.312531473418554 -2.7857655735401
Microtus_yuldaschi 28.4961818062977 -26.5486258891431 -12.4781837915761 1.61637543113295 7.85794738498913 1.43341514630716 -11.5406731421749
Miniopterus_schreibersii -53.6227585326009 -0.899217174925084 -8.53370672350545 7.40031601449624 8.96959391625624 8.56459682801263 5.53540819320277
Mirza_coquereli 4.59703116759612 55.8960534006961 -23.7049827709003 -2.79017588794448 -4.36600810841812 6.95367092567358 0.0646715006819892
Mixtotherium_sp -33.7996634168232 -13.8346807572801 2.24735670235488 19.5842302538325 -2.57976600342601 -0.368957356560546 -3.32887383086229
Molossus_molossus -62.3241422138236 -24.1688336617967 -6.03664172040809 6.0392820307123 -3.52672834370435 19.5561499472653 4.30308671216643
Monodelphis_domestica 55.3840604210731 -31.5634948812778 8.85910405960853 -16.7272249361085 -0.908771076021501 14.4098022500633 3.88028207075491
Monodon_monoceros -136.842288025473 -8.09999302639317 -73.1606626193819 -12.3082026335927 25.849382164605 0.188475908189182 10.5496971579918
Mops_thersites -37.562962653702 -6.27797393589216 -1.59940005799904 8.58787923238055 11.8467257716113 10.6990751454902 -3.78797537747118
Mormoops_megalophylla -122.404336937552 -4.7718580524226 21.4351704054642 -1.84896434216819 24.8231021018427 40.4382846731198 -11.4768757833744
Mouillacitherium_elegans 25.4749137148877 11.859053727691 5.35888482458273 -17.902072095416 -8.39090831181586 11.5887976245775 2.572215452959
Murina_cyclotis -70.9944966573283 45.6424725913007 21.2698718149034 5.23102009297475 5.01096026811233 28.1647895805944 1.54567045677052
Mus_musculus 33.8892834120857 2.50869296771207 -0.487595362662064 -0.981804532443632 10.1845665076311 16.0252120417428 -6.51015143628244
Muscardinus_avellanarius 9.73206989841698 37.189581376582 -9.19248153236349 -14.423002844905 -1.37153335009698 26.9215857542011 -0.963714718284087
Mustela_nivalis 29.9837636005819 -3.2536983505258 -13.8217904784517 4.46965558354349 -18.1232425627341 23.3509161411341 -8.88888321006045
Mylodon_sp -102.294387962753 46.8543064172067 8.25562321090363 9.3761935501797 -10.0871913939251 -0.486341845946499 -7.2739285798303
Myocastor_coypus 42.9592947141738 -13.8843214960372 -19.7012514480247 5.02920277593335 -2.55364522618863 10.4915169779224 6.58134965283313
Myosciurus_pumilio -19.6150507706589 53.5146435941107 11.0961281451666 1.93433315772148 -6.72131708167961 5.04539312476989 -4.90127847983306
Myospalax_myospalax -21.2824024363086 -1.46731632185817 -4.65385937868194 -5.24901156310912 8.54293601935175 13.455927370447 -7.46704301386334
Myotis_adversus -70.0771077745317 23.9869798119005 0.484943109518392 8.13160956629288 5.8650276474222 19.4571044369287 -8.96048144705701
Myrmecobius_fasciatus 8.40338195202738 32.6414273199907 15.0598336841578 -8.34839311843693 -11.0751580536746 2.37667805255624 -1.87682753995785
Myrmecophaga_tridactyla 43.5253276264944 -23.2064682582256 9.40876014552331 8.08210895938358 -27.3455774868394 3.17222033881242 -3.90940358335729
Mysateles_prehensilis 36.489052493396 -2.81347745286529 -21.1749470149783 0.651252970891486 -4.12209680482022 14.141364432551 -7.28247404974584
Mystacina_tuberculata -83.4901794563905 5.74186883279414 12.6271808555411 15.937819227714 1.97713982902766 13.2072533370903 1.80291456110563
Myzopoda_aurita -65.4978910607594 -14.0265628277574 -15.7873292663304 0.705469660034324 11.5652573562879 9.66596194822147 -0.0113431372055679
Nandinia_binotata 41.4911065455179 47.2110187031134 -22.7777212269951 -8.83115921803136 -10.1179746927528 17.7888975582805 -3.12075829359291
Nannospalax_leucodon -4.21333165339546 -2.94249159247954 -10.8183422130023 -10.7995202123241 -5.96996595717068 20.0704827182233 -13.0588711227107
Nasalis_larvatus -24.935212984673 34.5738922351909 -74.1090891101304 3.59497412367209 -3.93204647264696 7.25551701766838 1.32724318176578
Nasua_nasua 6.92437919271753 66.3060909018297 -23.531654367259 1.83765977459878 -8.41706175789419 9.59073173360053 -0.807000045182412
Neacomys_spinosus 1.83695636350856 10.7316265399602 0.828434888561088 -5.69865315429229 3.67224793194639 20.5992891970587 -12.2987380783342
Necrolemur_antiquus -3.85292106932245 49.6519685370731 -38.7622185872056 -15.0023637059872 -3.09557296743437 4.84904766670085 7.71074793228313
Neofiber_alleni 27.3357886591194 -5.86218996048301 -6.30895440268074 -10.8391514438101 5.26826684950202 17.6572055135038 -11.4984291184385
Neohelos_stirtoni 24.0445952255396 -24.5943365693186 -8.11917612683688 3.97150360265036 -4.58193783879278 19.5608185705213 -10.3875709025636
Neomonachus_tropicalis -72.7174492672372 -33.2965089928184 -51.7951268654386 4.19741682827248 -3.05663138580549 27.5064513634268 2.70981167231717
Neomys_fodiens -60.4245281328769 -14.1739532465633 21.2024136231181 -6.66875096881941 1.3255155148625 11.3461044945324 5.28269432591571
Neotoma_lepida 14.1093785645159 27.3170274629976 -5.57493428922764 -4.19642685813385 2.56884582978545 16.4091513936283 -7.14381906514237
Nesodon_imbricatus -10.080576060829 2.45545623914755 -29.0768545210717 -5.63202879402605 4.99119267039819 18.7104176606554 -9.84976740675505
Nimbacinus_dicksoni 72.9823026012147 -28.5807894728016 14.6520491305619 -5.40827451869276 1.80348343376431 4.44200887337559 2.38142712764468
Nimbadon_lavarackorum 47.8816504407742 27.7915257386871 -2.08648329928301 -0.726067244204189 -1.42655372122415 8.39686693746864 -2.37435865647482
Niviventer_rapit 20.3549049629367 13.6214116453656 0.737384614274586 -6.57284966904075 3.55508097630146 20.1543074776224 -12.3048620912603
Noctilio_albiventris -94.8979354804018 -21.5690579010084 -6.59611291611444 11.4942422817839 0.749344648383465 14.1152968800263 4.02371991688292
Notharctus_tenebrosus -12.7145219616069 -21.947916531027 -26.6008945791093 -5.40072473524132 -14.0986874095884 0.13188969593824 4.87195805148083
Nothrotheriops_shastensis -58.877147214857 36.9186717960925 -9.82388998129289 13.5582876407083 -2.12962850295595 17.1120183654685 -1.27100825017577
Notoryctes_typhlops -53.4413343615049 -4.72260466352058 42.7965359920225 -22.605025754623 6.38338879291228 4.6131954482473 11.9152371177781
Nycteris_thebaica -57.9603716713353 53.2489613851875 -29.5341413254744 3.69338623583313 14.4142567525428 4.26298043452698 -5.68127902706331
Nycticeius_humeralis -75.3450537365338 -28.9547112880796 3.84529646407759 7.9818823144475 13.304428983795 12.6937516028747 -7.69008622187198
Nyctiellus_lepidus -25.7913230408875 11.5692416982231 -7.1544089519122 -0.0692329668244753 19.176773924932 1.41226853238573 -1.02021458741521
Nyctimene_rabori 16.9577508738994 53.0023528686136 6.7121068061381 -16.794945060862 -8.17601759450962 31.0797581503622 -14.8559244658687
Obdurodon_dicksoni 16.3369175697501 15.5345542014565 -22.1044349928492 -5.64048465498042 -10.5096865675823 1.02328542908507 -1.58384033085136
Ochotona_alpina 43.1862672726956 3.11680043614317 -30.1140416894918 2.37444761336979 -3.59345589190514 4.13929503029938 -7.96763520092276
Ochrotomys_nuttalli 13.6736843027357 7.98407166932621 5.34342391512872 -7.23573022055796 4.05546500754475 18.7762452945913 -8.09975083580644
Octodon_degus 30.4950939703113 4.20804036172198 -11.816361381509 1.03435074697135 0.24196537558889 11.0003842874654 -9.21235217128244
Odobenus_rosmarus -123.70466822375 -24.7420451991463 -37.1639752594906 -21.8562435217478 -2.55354609318788 24.8366533979956 2.30092676496498
Odocoileus_hemionus -12.7865810789768 51.0600762491421 -23.6770583490036 19.5195574297209 -17.4078888843731 10.4448585608302 0.945606164807645
Okapia_johnstoni -30.6606044212304 -3.80727874087206 -29.6538971818596 20.4724091653516 -10.0963074880112 33.8766345892798 11.3008946684207
Oligoryzomys_flavescens -10.5801584470331 24.7945157309707 -1.23403393549012 -14.1918927128108 1.9634425999625 18.3518402755696 -10.379402760597
Orcaella_heinsohni -113.299905495504 -36.0133645117361 -72.1028192843645 -8.79398088100435 17.3583292914125 -2.77307245125165 6.81432051172875
Ornithorhynchus_anatinus 0.0346646976860773 2.76145304465544 -23.3588928186292 9.444192437905 -10.5160958620961 3.82218789344119 -2.13358094141349
Orycteropus_afer 38.3266356031463 16.603086269745 2.11642383421921 4.2981897640442 -6.22243440417917 -0.704036900819108 0.31189167830012
Oryctolagus_cuniculus 12.9492703007007 30.5129282948227 -46.6046227359821 14.2126288362288 -9.57582547346351 -12.225230825682 15.4637031426183
Otolemur_garnettii 0.0545608297044871 63.4871665239364 -37.4736166292789 -10.0515480685233 -15.5912266913573 3.66707884737922 6.0028856486376
Otospermophilus_variegatus 41.1565588778736 8.78153888552584 -16.0892605250563 -1.46066924287509 -9.4781942445084 10.1411171149495 -6.92811964794966
Oxydactylus_sp 5.81743496576744 32.9186366062288 -26.5907501424142 16.236622698142 -4.28478651602507 3.36246092097494 1.74515707706662
Palaeolama_sp -25.1671532810066 -17.9862451910454 9.49643967427014 27.229408484671 -0.0645281165248465 5.05281070746153 -3.57361137962534
Palaeosyops_sp -27.0359842647259 -26.0228823361855 -20.0213119005832 1.77542306052567 6.26649781912376 6.07601774368001 4.61779136938748
Pan_troglodytes -94.1548240551947 41.0168102777965 -76.8503194034221 -15.4396542037999 6.54392329751007 1.61585225219256 3.62842797094669
Panthera_pardus 8.83082391018759 31.7350984046326 -33.4378293041548 -6.22133662010954 -1.22737828832949 17.591139868426 3.06940368624875
Papio_hamadryas -48.2815889092608 16.4583145925861 -77.1209481500632 -5.9733163835155 -4.61826102789994 0.971354090594469 0.474709021340052
Paracynarctus_sinclairi 33.7763863261133 33.7688648079991 -19.3530459990821 -7.6086529121542 -5.74189387015897 12.7354227404492 -10.7752607684229
Paramylodon_harlani -58.9791024922708 6.5039839964687 -21.4612202719237 15.0365237622854 -5.76757909240453 9.79837659636028 3.3046703536688
Paramys_delicatus 42.5797606162633 -21.7113656421937 -7.14498797428011 -1.31731199708759 -0.42386545496176 10.3123913822818 -8.90200347534267
Parapithecus_grangeri 16.0244858713163 38.4659674510403 -50.5902459718339 0.967950014355504 -5.15698705315833 4.30718764245398 6.0668783121841
Patriomanis_americana -48.5445024089025 -47.6162911492871 55.3902403461014 -20.6119060103742 -14.9124084657064 13.2732151483554 -14.0422749162273
Pedetes_capensis -12.6668083287573 39.304152078756 -22.1999597292119 -5.12178740939588 -4.0555150098821 24.1802146921906 -2.87905257128561
Pekania_pennanti 37.0833228580176 36.8847230771362 -21.1025403800123 3.38947194085036 -11.8222930112821 19.1524301513337 -4.04066691349648
Perameles_bougainville 17.0794814752105 34.4764881795975 28.9231824331778 -19.2198338170549 -3.59295332205993 7.89683323065576 -5.81821914669609
Peromyscus_polionotus 20.5817194018857 2.49932243849865 4.77427753751833 -10.936383738558 5.77140094479214 18.8189267920259 -10.4977459912625
Petaurista_leucogenys 21.8174767880066 29.1337505004052 -33.1707857235386 -4.06168355724749 -5.46432178021798 11.3981458430629 -1.95223209412081
Petauroides_volans 6.5403831004432 -1.08135929371208 -6.53951599365286 -6.84162223992335 -13.4483573884191 13.2430351840672 -6.32146220664158
Petaurus_australis -3.81102296525875 8.32143888313284 -2.07320115906394 -10.5236818433811 -19.6530385850059 11.5550855763121 -4.4349394549208
Petinomys_setosus 31.491524482879 39.2452073574209 -16.1894660323525 -5.91185543185307 -1.65638863774806 16.6201886414897 -7.45432541944812
Petromus_typicus 18.599817980896 -8.11307792390962 -14.8235194310254 0.480874633215221 4.88055837410011 2.3077772879961 -5.3075931980349
Phacochoerus_africanus -102.244654701115 41.728100828176 -19.1051375097116 -0.181540502823136 -7.10724418135867 -12.8473560036055 12.5014577701735
Phalanger_orientalis 49.4406071466143 13.422583637431 -9.88628429246551 -11.5778055475632 -7.29829470030614 15.8363961260739 -4.57015001931938
Phascogale_tapoatafa 33.1038571474743 34.7460314122554 17.9343260092962 -7.54212446127687 -3.29684342471131 4.20821377020939 -3.49142183742488
Phascolarctos_cinereus 8.33528856833725 21.5545886469102 -16.3214325292315 -3.21419173906012 -25.9177479364442 26.1907225008858 -1.0673768400422
Phenacodus_primaevus -25.8111551124745 -36.0073461834495 -14.2717832379745 -1.32475994960922 -4.39521577532077 -8.66957051246188 5.47831908348496
Philander_opossum 65.8688726028004 33.3102842283213 18.2995585305393 -17.5709849983512 9.96494063123435 13.7196954162502 -4.58338344671197
Phocoena_phocoena -164.960595046198 -35.4630914006609 -72.0744776976517 -20.4334208601191 27.8337631935074 -8.37982804342938 9.26298335666258
Phyllostomus_hastatus -43.9179836218711 -4.18702874977681 -3.86900622699648 -8.58302942509022 -32.8536643221331 1.11162168217119 5.47765510472195
Pipistrellus_hesperus -57.9051609692353 -44.1796757587273 0.596300333272444 14.1084759915279 10.1241493132109 6.28394109689597 -5.11219297322183
Pithecia_pithecia -52.238911395728 54.3666784680848 -74.2411706217391 2.80013649789072 8.61460291935897 0.681992247258441 2.07836278859731
Planigale_ingrami 4.57015969452203 -30.3623992739354 23.1622473014725 -1.47621533324258 5.00668534080963 6.79464002439993 -10.7206854528658
Platacanthomys_lasiurus -2.56746047998784 10.9574650638313 2.44782976737869 -8.79154095227408 2.09254538259528 15.4987443812032 -6.12828278104379
Platygonus_compressus -81.2157355642277 42.0804547514996 -22.132737013153 6.78486843765334 -11.2303583256081 -13.820348248153 12.5518579537843
Plionictis_sp 40.0216074913114 19.8270055261151 -14.5237993985952 -6.6028169396185 -14.1082302425946 20.6803376358257 -12.7217690912288
Pongo_abelii -158.019531939222 53.8463928058529 -85.2760763747612 -26.2881671448707 23.222081808996 -0.956046574691088 12.9592975877553
Pontoporia_blainvillei -109.684471411386 -29.9935929031024 -76.4613573772689 -10.1697669962833 15.178579445534 -2.4198917557288 3.5811355545214
Potamogale_velox -11.3736543756174 -25.4999303242898 -9.5466827608648 -5.84239311110804 0.76451272469789 19.7021057372834 -4.69720383214178
Potorous_tridactylus 9.26755461121023 58.0072696087531 13.2819392421558 -11.3475202775365 -19.774732159642 8.0488812799028 -7.01081103791568
Prionodon_linsang 35.898906002793 9.06650760147531 -26.1474118380812 -5.72648247735439 -7.33623919289596 19.0730035056081 -5.83279006734098
Procavia_capensis -5.5003522303544 15.7748134564665 -29.8198223650164 3.11764816223881 -20.3022911605565 9.98528905635909 -12.9179168004456
Procyon_lotor 13.5733015993146 51.7370911523699 -22.1458707815099 -0.8381158303834 -5.4754590356213 12.9633323467241 -4.85360490021219
Promartes_olcotti 4.63496777971581 62.2083796236246 -9.74415928974888 -11.4907317178231 -2.03480889567896 25.2033116927075 -3.42752092501397
Prometheomys_schaposchnikowi 17.5557883390106 20.8930278064128 -7.15873880292357 -10.1817212907038 3.64836532239015 16.6286292129337 -7.9774840907169
Pronolagus_randensis 37.9887804618247 20.4903255933098 -36.7647126106496 -1.06808469880545 -9.3343036116764 -0.993027178614117 -5.13111596725127
Propithecus_verreauxi -68.0015681425517 58.0912867184799 -46.5340670269562 0.470082112308318 -0.0764794295530781 4.51295095717069 2.18148637296976
Proscelidodon_patrius -54.3238010123169 28.2521126845701 -1.64181104384111 24.2720759301989 -6.94286554113797 9.4154468285684 8.03938028001306
Prospaniomys_priscus 21.3882747552512 -28.2183781873906 -15.218616702905 -1.35581413765344 -5.61925009266009 15.5597426691402 -5.32900187432247
Proteles_cristatus -7.5065945161209 3.27675931598201 -18.9810495361673 -11.7521710799133 -5.5619135348398 15.7423967157693 -2.09668876644369
Proterotherium_cavum 0.69066391510605 18.7162220540184 -36.9329059945821 7.0203280089297 -8.631605904648 6.63394175562449 -3.05052866766485
Protocetus_atavus 109.927639429245 -15.2690296056232 -51.62933244221 -29.6171675338227 34.0365770529688 -16.3203800877491 3.25102905209406
Protosciurus_rachelae 36.3153828135573 5.247326987647 -9.26927592646 -4.13246351606378 -3.22493742944021 12.4009938577832 -6.92693230157733
Protypotherium_australe 11.6477361345539 28.6137236285445 -15.69768221446 -0.803162725840127 -1.17955282600605 3.06163971517511 -5.10168093781483
Pseudaelurus_validus 58.5726981661373 33.8848247901798 -33.9343032414104 -10.2940301759375 -4.80819171493843 8.67364002788177 -2.13919410801254
Pseudhipparion_gratum -40.4548089203193 58.8617952382715 -18.6982557469633 21.5267901622217 -2.76726409281317 9.92122599612178 -3.35872137916093
Pseudocheirus_peregrinus 17.2619906564057 -6.17813926747686 -14.1037753218197 -9.98187894469142 -12.7468097327822 12.8253060110048 -8.4322677432575
Pseudochirops_cupreus 12.3464043373447 20.4919093203609 -17.1508155786026 -4.59896239945905 -2.87150270078235 17.9997916790391 -5.67093134208111
Pseudotomus_horribilis 60.4578108603779 -13.0764608379743 0.82128980760492 -2.24479162471055 3.30578584478266 19.6201918357997 4.59211124059117
Pseudotypotherium_pseudopachygnathum 27.8941616704793 -1.1321279461569 -23.301125840985 6.33561453905849 6.32350866239204 13.5149695756631 -1.18548619479396
Pteromys_volans 7.9996322586127 20.5679958437081 -22.9331482820248 -5.11931968294933 -10.8944658811861 22.3151594911151 -9.18341825084971
Pteropus_giganteus 26.2611184801207 47.7654403848256 -18.0845256015186 -4.46452761515443 -10.9338218681873 14.3059757469383 -4.19250910613681
Ptilocercus_lowii 29.3340289917203 24.9189665749729 -0.49747493438842 -0.141333750858142 -9.34449305314917 13.1250951344014 -0.685695441866327
Quercygale_angustidens 21.895972253672 -16.2366735306576 -4.48414296146033 -7.28627829694935 -8.6549771029251 15.7384935698277 -9.22845197263806
Rapamys_atramontis 40.4873773216864 -1.70052063992011 -16.0585342917291 1.54455696631377 -0.754080500161208 3.65978169243459 -6.0165177295422
Redunca_arundinum -33.7474682041511 11.1423366117653 -42.6242716257321 8.58677812430337 -22.8236744526422 3.93537787350545 -1.9988417867733
Rhinolophus_affinis -9.04880922798323 24.2390132590609 -41.2499380790698 11.6544942164314 33.3058595054423 12.063044018222 0.188955111110144
Rhinophylla_fischerae -38.6278835956358 37.2638145086228 12.4786628718727 -9.77381223349796 -0.0975347118685079 7.28149615921911 3.07665955267798
Rhinopithecus_roxellana -66.7192917214764 51.5582237774032 -74.6365558371961 2.57839461992065 9.60950280110542 -1.02761098032523 5.95532204972117
Rhinopoma_hardwickii -9.07900836259693 2.93448016625012 -22.3085852558102 5.0060561471459 17.9834586228831 4.94133655432773 -7.17977888181917
Rhipidomys_fulviventer -2.51874809839875 1.25317648301802 -9.27106862126035 -11.8517894342443 -4.960164857086 17.4709530252642 -7.68816456650362
Rhizomys_sinensis -1.68805652725856 -43.2458819178757 -8.55646643009254 -5.39924894304891 -1.24996894079453 7.13321815550002 -4.06813429526994
Rhynchocyon_petersi -2.70759898434258 51.810180629205 17.0696075239695 -8.40982084226968 -9.93517868069279 2.4952720994939 -2.25909260400502
Romerolagus_diazi 51.9782933191762 46.9504361524212 -28.8717548459198 4.14487437932408 -4.07171454364815 6.53379934908717 -0.0305120569891466
Rooneyia_viejaensis -0.653657614103391 42.6418150323411 -38.6423417194619 5.4092105157866 -12.1096826086353 1.80327085501199 3.23855604200853
Rousettus_aegyptiacus 8.43784752686789 44.3214108702377 3.94422845363398 -3.34134014614846 -10.1689374225502 15.8385608678921 -6.5510729635983
Saiga_tatarica -35.1477668018605 24.4244724388966 7.18013225139472 12.922681147569 -19.4469158385247 19.9449595472198 -2.14698033876355
Saimiri_boliviensis -67.4542210757337 51.9306966971533 -76.9708186950373 -1.83001796148885 3.1906481065018 -2.83756301921604 6.08827889974901
Sarcophilus_harrisii 27.9065439989673 27.0764173006612 29.6888978984022 -13.0058640025933 -3.73136307692149 12.8151673192783 -9.22850712927082
Scalopus_aquaticus -0.04730359887104 0.685299742824176 1.81658249578206 -1.53296756617404 2.96634769575931 29.2343895024899 -18.1541534503179
Scapteromys_tumidus 30.8775995808144 -4.45310276179043 -0.0815548534535512 -9.74654683784038 3.47014678175782 14.4174286979459 -7.79048582623676
Sciurus_vulgaris -8.36646988409041 15.9169750411147 -9.67216984067565 -4.27639927014496 -14.1614899135181 5.96673182790628 -6.3855880269485
Scotonycteris_zenkeri -16.8084235214784 45.63097843884 12.5507369886669 -4.91584886030311 -8.84415407508094 16.1995745740595 -16.7025307717929
Semnopithecus_entellus -25.485236986419 28.9559353220595 -67.8854313800775 2.40919855469211 -8.69982210146554 3.45384708054291 -2.57529155697871
Setonix_brachyurus 26.9216860972647 35.2245387881695 -18.3657604659901 -3.71790069645404 -21.979629022717 9.96414486113061 -4.79659673454552
Sicista_concolor -9.92243329383953 19.2770706993718 5.63158355868161 -8.9093256115606 1.70208680537377 17.5579333262889 -13.0565223896989
Sigmodon_hispidus 34.6357333304479 -6.50750907011011 -8.32421963298484 -22.1708385535178 -1.56900780034019 16.0922764807171 -8.81769334261815
Silvabestius_johnnilandi 47.4658426828106 18.2114655803534 -0.324363027608393 -12.7486961043034 -6.2705680341994 12.3524177225987 -5.45606356967552
Simosthenurus_occidentalis -19.5627925719825 20.214465439146 -8.15581448350546 7.60961155009144 -3.16011102570903 24.1874768484301 2.7697599350798
Smilodectes_gracilis -12.6817587570586 20.6728774970987 -22.105632358423 2.7169013151478 -7.11639592818185 1.73651667313438 6.89661342078871
Smilodon_fatalis -54.4453612793012 -5.55990364611227 -28.2299599897834 -0.36861168682672 -1.17850292490073 15.8632770558436 -8.31998828099676
Sminthopsis_macroura 15.4665908063829 1.19901887355883 18.6385124593924 -16.263152452526 5.24028064256343 12.4595404280878 -8.64506028287391
Smutsia_gigantea -69.8397423982867 -30.8341467847596 0.411576874400903 5.61180061060862 -14.5192729267536 17.5784441797163 7.07742282376405
Solenodon_paradoxus 38.251290052221 9.29640606665451 28.9074093737755 -3.10217890957488 -3.08902644463651 3.54865255005373 -1.68610371094491
Sorex_araneus -32.65370894894 26.2525040952604 35.7914835667536 -5.23409658823473 0.506269449805699 10.951505457709 4.82018436221696
Spalacopus_cyanus -13.9443258734389 -9.7816302630419 4.07086773896169 -2.72403896998332 7.62431016571933 26.7087499860377 -19.3683067520403
Speothos_pacivorus 6.0387817043147 42.3773886441172 -27.3177169604502 -1.31796481405806 -10.3898088456539 16.0579866787841 -9.29724195213945
Steatomys_pratensis 19.8335366159029 -0.661991626171487 6.3877875673607 -0.825970017996479 18.3186232758941 18.782610723258 -10.9753483666713
Sturnira_ludovici -46.4892153508261 28.622715421175 8.86144295823586 -14.758248119454 -11.9321239009147 2.70201118247162 2.60448760795936
Suncus_murinus -15.9455852073671 -25.0775763515247 43.3316522064539 -8.21981968915264 -2.77427875491101 7.94141654599662 -0.826083388040659
Sundamys_muelleri 29.451745354723 8.70222932119193 -4.08984810197364 -16.4425474739529 2.47080279395402 20.420291818057 -7.0914575120022
Sundasciurus_juvencus -4.78074966773128 48.9332434153133 -3.1599616966075 -7.29117676875902 -13.8944331726133 2.14624007184383 -5.46841013242089
Sus_scrofa -76.4614552000448 53.9312955677076 -20.7014510175117 -6.18166784638143 -14.1632544665905 -10.7492061675877 7.42519486278648
Sylvilagus_bachmani 8.9678970567654 53.1827336327091 -27.5538540624519 5.04290183330595 -10.6164715502394 0.572819551355098 -2.52856087015458
Tachyglossus_aculeatus -70.6242386814356 -28.2674244991425 -5.78716760306735 12.3468266290365 -22.6614257241173 -18.264257026399 9.56437979911401
Tachyoryctes_splendens 0.772550003284013 -43.9310171819128 -6.33485489270835 -8.76059095618946 5.81854588620272 14.0660718337739 -11.9177361243342
Tadarida_brasiliensis -54.6964977973289 -13.8394760828767 -2.68735199342699 7.44591949984455 3.70252416864358 15.6802501981237 -2.08210394986957
Talpa_europaea -23.2340832981099 25.6434591204248 27.1500400190825 -0.79321597155049 -6.54247402298416 -0.89414189722561 1.1268821789654
Tamandua_sp 24.2572077694922 -9.21134096186797 -1.11516074369669 13.2708222339687 -20.3407844454307 8.52562313918154 -7.80631988077655
Tamias_striatus 38.4085844733734 21.8667118709175 -13.2384273495651 -4.50571139857786 -5.61891611274348 11.9145153037015 -8.50277309340831
Taphozous_melanopogon -60.4108178618933 -30.080662263062 -12.675174186075 13.1883785743052 2.07331599983289 1.63342713236577 -10.8859710203943
Tapirus_terrestris -53.9013493842347 -15.6416905668058 -20.9423158367824 20.2734859960633 -8.15486963256751 25.5317754687108 0.959579839890194
Tarsipes_rostratus -3.25665839476895 -36.9533749265972 -6.05789509514811 -22.7872737163282 11.5202300234316 10.5198450466891 -7.60689551206186
Tarsius_tarsier -39.4862342709921 54.1460338923271 -55.4210989629907 -17.4956573910891 0.413378700320253 7.06926516874657 3.57455460129796
Tayassu_pecari -71.1355088318419 45.378507571655 -27.1340998200697 7.22511343921252 -11.0566774789536 -9.36921857957212 9.46450243100079
Tenrec_ecaudatus -13.5301936681836 -7.36528251834822 45.2655429454781 -28.1520171609699 -6.67206526390748 -0.390715670865344 8.72077206212652
Thalassocnus_natans -17.5002622295732 30.5006318182113 0.478648212532782 21.6273524927006 -11.7735610606776 23.9043456687266 1.49583852620043
Theropithecus_gelada -54.9100960716461 41.0746666086782 -80.1698702033719 0.254834559341571 4.74059642736548 1.3637821901549 2.93031295004755
Thryonomys_swinderianus -3.19177852819252 -33.7228316992723 -31.5215387093841 -14.0272177913244 -0.480843928288165 15.4807972737662 -3.33253714968988
Thylacinus_cynocephalus 26.0272128220843 -7.92313898739582 -28.8454064281756 -14.684827856283 0.00271621673751666 14.7612289397449 -5.6673974843071
Thylacoleo_carnifex -17.0815118491146 4.24620161354098 10.0033087644507 -2.76377328061457 -13.595848563645 21.4027490801043 -7.5452833033209
Thylogale_stigmatica 14.6789534338501 32.857618536904 -12.1310677074457 -6.3836208968935 -24.0471308338638 8.58216518422681 -10.2338258847467
Thyroptera_tricolor -67.3398515042397 -6.28077081489048 -21.5590853435031 -7.38320627239439 10.4332231403007 14.3448658565764 4.04521871705484
Titanoides_primaevus 33.2215557521913 -14.264236848138 5.15969646527931 -6.27240086082696 1.29240928813166 3.47099469689983 -3.12766719606305
Tomopeas_ravus -65.1163071560178 -8.3112877496643 -8.42383207060629 14.6691099110344 13.5608723382236 5.74657716295155 -4.01378560748404
Tragelaphus_scriptus -26.878130857973 40.229114201975 -39.8513320896968 17.5589372526262 -12.4460959847929 8.65358349251424 -6.20961348060416
Trichechus_senegalensis -162.435618718549 -5.37667177383547 -13.263723554804 -16.4518111012033 -3.21834958987605 44.9041022443207 3.95541028926889
Trichosurus_vulpecula 20.8681650337742 29.2740368609847 -11.85572553754 -10.7281163791951 -11.3317199697107 14.8203712662817 -4.44062107199219
Trinomys_iheringi 12.857090570251 13.7590163733103 5.05585045110568 -3.56404710946921 5.83589520674243 27.3535754841931 -15.9531442009985
Trogosus_hillsii 12.9359110390594 20.2878428278609 18.8983167933245 6.46513473554136 10.8488660266905 -2.85224073782206 -11.7378296087338
Tupaia_belangeri 26.686640746768 43.4260200419676 -4.73018579310541 -6.00116914516409 -14.299403011237 6.89202475255492 -2.37399563687264
Tylomys_nudicaudus 14.1267015176602 21.9495520007419 -6.34113724299888 0.597682040345278 1.22130394227231 18.0450858853963 -9.79080108711134
Typotheriopsis_sp 14.027517122626 -30.6040318320397 -43.7445980202138 -2.0464899509606 -11.4808180125968 8.1841395941734 -0.105803385207006
Uintatherium_anceps -7.56677717068027 29.901120066473 3.14338867393728 -28.378168792937 13.6937532610301 11.4990939126033 -7.55439736713839
Urocitellus_columbianus 15.4732700103126 35.3442031838014 -17.5022509874927 -11.9915867079123 -9.86315204047795 7.16702586256534 -4.20784045646658
Urocyon_littoralis 1.84126916537565 57.4206322360923 -30.7345508199365 -8.3212599793443 -19.3113974488923 17.1074442003 -13.0665665097937
Uromys_caudimaculatus 48.1666711897239 -0.979308720051925 -1.9045502027187 -7.54917738852526 -1.69149489362717 18.6252496419769 -7.84221274109527
Uropsilus_gracilis -53.4629668948332 30.2523204664262 30.3560923186253 -14.3678906627751 6.23632463659924 6.59028761057973 0.347158690126808
Ursus_arctos 22.0221031218497 17.6495272320926 -30.7274773028422 4.27747493977477 -8.33644725497825 10.5164793416721 3.31761133428249
Ustatochoerus_profectus -64.1094737421408 2.08928332105765 -24.6064703945069 -13.276726857446 -4.29097622853058 4.68256104006236 -0.431720091206294
Vampyrum_spectrum -8.95264786683056 12.4137382062004 -7.59223818634611 -11.5176109179484 -4.1253467352648 12.8368134299787 1.6801426728675
Vandeleuria_oleracea 8.32424535695178 17.4720338581423 -8.05528447802882 -16.4519794509545 -8.14001051864335 18.8407448215452 -13.7523573130621
Varecia_variegata -35.6137070207161 30.9067470725287 -28.9816866189286 2.6883451238252 -17.0314451064388 4.84196815123449 -4.87331874454034
Vombatus_ursinus -9.80885753540124 8.46679443446379 -7.28107268999201 1.12277001578585 -11.1675089043244 15.1872527336664 -3.15432680194148
Vulpes_lagopus 11.2076888927768 71.7579304976181 -15.7488057003853 -11.540581333215 -16.1808015427866 19.8177825373154 -13.4975635246244
Wallabia_bicolor 33.430236290834 8.6219595918555 -6.66624208373987 0.697904293957578 -23.8061920972704 12.5643775927687 -10.2894071920414
Yalkaparidon_coheni 9.51890180512723 35.7906345378009 32.4917302857069 -15.6759569284704 4.86533419167033 19.3512301053459 -11.9167349013482
Zaglossus_bartoni -78.8206629317081 -9.65771692741217 7.17209571683536 7.86716488683595 -19.1093542701269 -17.375791254069 2.33264578499775
Zalophus_californianus -39.8979432493001 -6.6426225427086 -44.8479254844331 3.34742989582263 -14.9904578479007 22.2742397488766 -5.42089368172584
Zapus_hudsonius -6.85983554170293 24.6788676661541 10.2977210691467 -14.2729705961445 0.177333541063296 19.9339538087735 -15.5894275974505
Zenkerella_insignis 33.8067371839566 35.1513251438511 -13.2674397830173 -4.00498329791543 6.06092773662676 27.3691279949624 -16.1081321206786
Zodiolestes_daimonedlixensis 37.0891173109249 -15.9840228500599 3.22227299934324 12.8737458361066 6.94206057853318 21.113707021572 -3.91719469664886
Zygodontomys_brevicauda 10.792103097591 4.58121591072433 11.6213804700725 -10.8217210487848 8.33413440855985 17.3526447098062 -9.81718638686851
Zygomaturus_trilobus -5.31209060740647 24.4164465986144 -8.19608844620026 25.1629711864115 -9.46447954338078 12.0430748746901 -7.77347784095371
