Abrocoma_cinerea -32.1754649562714 51.1165493388892 21.4866612756337 24.9432307474555 7.8917125021072 -6.39594921393862 -8.72047735048144 12.1009073679017 -11.7783450820291
Abrothrix_olivacea 49.0069623835152 3.033171386251 -3.43462287690751 -0.54627485799933 3.18617318496645 -9.48857312694813 -7.40931537147963 -2.24493040440901 9.52957945103416
Acinonyx_jubatus 14.8904552110231 -1.03678607697998 -29.0666290650954 10.1198918012524 10.919189452525 9.83644176130331 9.18166847733542 -0.623854217609311 1.66650157160011
Acomys_cahirinus 31.2779478129692 25.0284559633364 13.0821115263157 3.85061355273674 -12.6480227970609 -3.13655029925578 -9.23662444598792 5.0193987147447 0.117161655406701
Acrobates_pygmaeus 28.6957110275519 13.6547616295887 -13.3969976140375 -6.49854077916195 -0.718077814578048 23.0409444708232 -2.53715722104677 -0.339199615263593 3.87185548155101
Adapis_parisiensis -9.92647440386106 8.13513615817049 1.36469294278271 23.1123750875183 3.55978579378794 -10.8030772769122 4.75902502099514 7.03023142696151 -7.14285930465424
Adinotherium_ovinum -62.1504837415537 70.0757263542076 16.9860217433053 -6.82407294063373 8.13713838359061 -0.116639599196001 12.5799974224578 20.0557197411219 9.11623723845089
Aenocyon_dirus 2.0504904737708 -26.042411245304 -0.526278510298981 26.3440741035721 10.2934856347168 5.51464347255338 16.0976217953788 4.96578031653716 7.67619703395851
Aepeomys_lugens 54.404431771018 11.8579388500437 -4.48796989232803 0.0696015562864147 -0.818005674540959 -0.440157302841104 -4.53830824359792 1.23018502898497 5.74367890203283
Aethalops_alecto 11.2609487600201 24.5961073739249 13.1657312264766 -1.14651078698389 -8.10845886015643 -0.870337432212222 -0.146744665539672 10.4119286944923 1.83456526929899
Agriochoerus_sp -83.6895142247109 -11.1054701986282 5.38015949654304 19.6355791152864 -2.68391752543479 11.0477590490259 -10.5329514505411 8.35580565835696 -8.00372006143588
Ailuropoda_melanoleuca 26.0862387529419 4.69722565010831 -17.4477751179616 39.5633551296688 -8.02402550741016 10.3997141337238 13.86403867627 -8.59161108007005 5.4016037818259
Ailurus_fulgens 39.5508891463101 -1.05090508457306 13.1014580949461 44.1249779908258 -6.0942079005138 8.55616608332089 12.9907770207487 -0.941275696925602 -6.63494752300418
Albacetus_salvifactus 27.8944957564666 -76.1217116429425 -0.920407411195768 -28.800273914176 3.31784266027352 15.548947634378 15.4208514504895 7.72904660642974 -4.0354983077459
Alcelaphus_buselaphus -40.9333120105657 38.2478541430665 -23.7566183645594 14.6728373903686 -16.437525389462 17.4035074484186 17.2315957839644 0.323352933519074 -7.08539462703315
Alces_alces 3.38746149879475 36.3126840662065 4.8711460029309 17.3444247753721 -3.65557222013396 13.8001167850558 0.402147069258298 -1.3264123001105 0.858842501373531
Alouatta_palliata 84.6467577687765 -16.4178297263252 4.37403443777675 43.3558078883641 3.30698184033817 4.86889699411937 11.3445518563213 -3.33583921383651 1.61288946624059
Alticola_argentatus 4.71686403279895 4.59601782773525 20.5475592491063 -2.98445867825136 7.10160242889566 -6.935228255991 -7.69364482934956 1.69748091612789 1.06933851913629
Amblysomus_hottentotus 83.5806298194828 32.3563436868098 15.2376713505426 -3.80703150047899 2.36912313099964 19.8283708152917 1.63955194969931 -9.93089848959725 -2.13200016118957
Amynodon_advenus -46.2723041462536 62.360432974734 22.3407765551746 13.2685284166193 -3.75308098185963 -13.110242873297 -14.2815585584543 13.2909334544608 -3.13796356078823
Anomalurus_beecrofti -1.32152503076774 26.6836709350388 12.9863687106704 16.3062748797602 0.79433711039324 1.16436142136497 -7.5244901172268 2.73315815205204 0.474127810090871
Anoplotherium_sp -92.7221687952836 31.9101526818097 -40.8259224120462 35.5085926860607 9.73758024961066 4.6243425546098 -4.48196301386507 -0.817082527930016 5.49017416954495
Anotomys_leander 54.3468398417362 4.62817599474931 4.21922939143873 -11.7344764232567 -15.3381938247228 0.953678020954811 -13.1644109340978 -8.00821576631933 7.41780793935152
Anoura_geoffroyi 21.6361918850939 54.5806905673082 -11.0028631242664 2.56937560290471 -11.3989712194213 6.82831147873428 -7.80049949187374 10.7423411859189 -9.77981814445645
Anourosorex_squamipes 59.5956692391422 38.8526961804802 10.6881136765007 -31.4704928177756 -19.073642307901 6.58533547024754 -4.47680879448676 -5.20141430090199 18.2332588126176
Antechinus_flavipes 28.0693264478175 13.7540899146431 10.732504556414 -11.3827917761534 -8.56639830765879 6.39544854994376 -11.9055034782059 -3.99572956017353 1.21361617756301
Antilocapra_americana 38.9132580539281 27.3002327725031 6.67459670862777 27.706917417536 -3.07443068643872 10.8128038547634 17.1076565094341 7.52423512589148 -8.80614632407374
Antrozous_pallidus -10.4547842680937 45.8754280364899 25.6092907304054 -2.51873736694725 -22.2081823760502 -9.74425857111018 -24.1358391465828 4.45241552675526 -1.28856464294489
Aotus_trivirgatus 90.4359304149868 -13.9827375761891 11.9027759488801 32.1624631778138 11.6145484756946 16.961271305294 2.17028238765492 5.09131626699915 -1.432576245839
Aplodontia_rufa -0.869476652248927 28.3109403697199 10.238647508396 9.03184386551854 -0.891075569158464 -7.20612476834497 0.690189193672416 -12.9575804471469 1.22429064257848
Apterodon_macrognathus -57.1976451447512 -29.819578552407 -50.9946922545006 -14.3733252861447 -9.34726036081077 14.678840428263 19.6338785050261 13.5524491956663 0.380652304326237
Archaeolemur_sp 81.7684839263218 23.5064181839646 -3.61626082704059 37.0548482166062 2.65917399459278 0.567725914379888 15.943948192597 -0.315580488173875 -0.767291452423898
Archaeotherium_mortoni -44.8588848718159 31.1509475042864 -10.3893887267329 8.33232057083463 3.3217991470178 -14.309051349619 9.17745115072479 14.9373676000655 4.75456288395649
Arctocyon_primaevus -46.8444339486667 -31.8614872833149 -17.0431316017367 -27.800318721871 -10.0099746052224 -3.73392724434273 23.1958271801314 17.7782174512066 13.8945431472403
Arctodus_simus 14.8498026193017 -25.1269589901644 -20.2225697926433 33.8959065801731 3.90833690872794 -8.59801092965647 7.32010899286911 -5.23636917465685 1.9543328294055
Argyrocetus_joaquinensis 21.4030534151856 -108.039550586445 52.8606189823968 -41.6619730210345 21.5183300781614 -20.0426498101242 9.05770550259607 -14.0592209277621 7.52040454345415
Artibeus_planirostris 38.0602884421756 18.7455604910842 3.060800313145 3.6580187005364 -17.5892208511387 6.1331457020322 -8.83824164270511 1.44146073925368 -3.1019609954304
Arvicola_scherman -16.7529122654316 9.33371547428808 31.5769203225218 -10.1145256982056 8.00726014884542 -3.12605050392624 -6.88827191958464 -11.3180821160101 7.80787861153284
Asellia_tridens -10.1687290612524 42.253093236226 17.228160177962 14.6477966864321 -33.0202178390901 1.83003552468754 -16.4081495683564 4.95255339854216 -13.9539613607076
Ateles_geoffroyi 109.602060070337 -15.4387982949534 -4.21480040880031 50.6617672170166 8.69048794622115 12.431929320768 21.1139795541861 -2.71396321696379 -4.01364938303816
Aulophyseter_morricei 50.4370674069926 -98.1446810583927 78.9781738526282 -64.7602635943672 13.9455102265943 -6.0133374682869 -5.57486656025051 2.73121199829896 -18.2242118696984
Australopithecus_africanus 107.746982915618 28.3832900329447 7.41870803075116 56.1266359933524 -1.74464250690293 17.4270225987841 14.1980682545655 -6.33142068891017 -3.88413186136221
Babakotia_radofilai 52.4657199171913 10.1081116302842 -8.93556810242496 46.2689694871546 -0.275841617121127 -4.06680913767249 11.1375084035699 -2.04383820511267 2.89886698246263
Baiomys_taylori 34.5098213349273 15.2634062991095 9.33257237853491 -7.00904369214302 -5.60683527264895 -13.6723211122817 -15.2111173876348 2.07568646830037 6.22943856940206
Balbaroo_nalima -15.3244791437137 22.5335075934877 -3.66590063551704 11.6571997498379 -8.31290082482852 2.88558139051516 6.02361811511785 1.60978413871123 0.781981330483167
Barinya_wangala -21.1570393872854 0.426726293308664 13.4077860095555 1.02065691180061 -10.7842870508865 -5.11220055337064 -3.52278349593608 -5.15981183761628 3.21863476799759
Barylambda_schmidti -72.8478896797943 -3.08408748881181 -52.0788869157113 -35.8018215122402 11.0399172603694 21.9859811249017 -42.1234736318137 -5.60139728288125 3.22605393714654
Bathyergus_suillus -7.24984021189698 47.1666931346821 8.74988505323528 -4.46564102193777 0.401392274040897 -12.8094653872079 -9.93176139428024 -10.3410715062043 4.08808216905209
Batomys_salomonseni 30.5489825242263 16.4521460520706 11.6608191842094 -7.05579661652565 -3.53345223911828 -2.79769439274994 -5.88304823575357 -2.34420207174977 4.61744912499347
Beamys_hindei -2.96920281812107 20.6613102104038 9.67094900471244 4.47673942649829 1.9986019697297 -1.70407256125825 -2.59119151299806 2.41285284397713 2.34853416119341
Berylmys_bowersi -5.31243401073937 8.30288562565689 9.54353852100897 0.34943753651566 -10.1123933928499 0.0693944808673414 -1.11143797625201 2.58357464108496 2.97964321196916
Bettongia_penicillata -4.59359859420071 -7.6846121850867 30.3818577900464 45.3577499980734 -34.8484075955043 -25.4077597726423 18.3571209715463 -21.7743919377744 27.792003349334
Bison_bison -32.0805465046054 13.4224263723825 -18.5556148194898 17.9147341146976 8.45115459874903 29.5184760149746 0.699233939756131 -17.3613617716638 9.8512668651721
Blarina_brevicauda 68.3561713668004 27.1867348313162 3.06086860138527 -26.273893901236 -14.3410181943417 -7.41560373787514 9.33886577666234 -7.2433225480499 13.7933270753182
Blarinella_quadraticauda 59.5684077089947 13.7459431644151 -3.05690107145377 -33.9305757185732 -17.761732060457 1.32643387062539 -3.69273097323197 -12.6438314662044 15.9701318071989
Borhyaena_tuberata -71.156540683108 14.5978427503021 -17.9719908344777 7.45894168186909 14.0794780520943 -16.6891091984926 13.7786202286476 10.0275958837972 6.71806724464327
Bradypus_tridactylus -24.8414491306827 8.50632949127085 2.88205895738731 7.20804047764362 10.507266480572 14.9899410438034 -3.09034536168081 11.0749928036718 4.66467098598194
Caenolestes_fuliginosus 43.87374977094 23.901970782449 14.1772411285655 -20.657050782684 -11.0418780642361 -2.3655647277384 -12.4770635399791 -7.47119469138043 1.77492388516333
Caenomeryx_filholi -13.7934365346813 22.5263703631367 22.084331110365 29.6036349835315 -5.64989838951306 5.04172359166004 3.14458737781379 -1.94766989158061 -5.87886662161139
Callosciurus_notatus 22.42753391577 25.9498278141893 6.78173065999807 19.3086693473619 -2.53862921059917 1.81310469048505 10.2219434244766 5.42057883487685 -1.44623666331005
Calomys_laucha 39.9547829961274 5.12821600468875 -0.496583300460659 -4.04433242632529 -4.87855395118731 -7.35819546157211 -7.84642909961125 4.05124425565124 8.32918066177172
Calomyscus_bailwardi 46.7788993650458 28.045481981333 -10.1135882976125 0.160021994025953 6.56969346876993 -16.8294810685148 -7.67605076357442 3.85173340785136 8.9560373737007
Caluromys_philander 20.5794407504201 -4.38194548529982 -1.37816745470866 7.24528499969759 -0.765314366298173 -6.6890164153672 3.20011082062919 -3.05383998337255 -0.0958962513334185
Caperea_marginata 12.5902979276313 -111.380677207873 22.5121676461863 -26.9510473307923 -5.14439272134737 4.79290671839507 25.3605602186429 -5.53286244679953 -11.0513946029414
Capreolus_capreolus 21.6950378669694 27.9999610139832 7.03526708936272 39.6871276048723 3.15371497834443 19.5011147426966 5.6958368491769 0.90582138040229 -3.11925715729664
Capromys_pilorides -12.690431149081 30.2017128176473 0.771814953819625 7.54522229584947 1.47718619241488 -5.91033676802335 -7.59382543842765 -5.61956323534483 0.481904090800976
Carpocyon_webbi 21.8819845168932 -17.7662510187503 -11.0501755786876 29.0861117517494 6.43756712049301 2.21879798853056 12.8656432128893 -4.34421703706885 0.894164712031506
Castor_canadensis -13.7421320687544 -4.75161362662065 6.15806663736044 9.73548782599386 -4.75036232812431 -4.46681517636899 7.04639472132592 -8.64243833906181 -0.183512666419403
Catonyx_tarijensis -4.97364645668072 21.1993734924125 -8.45224694065149 -10.7178405337792 -2.25580760875524 11.8651791555232 7.95923238156894 1.78300032187263 -3.87439066489023
Cavia_porcellus 10.4552595122665 22.6799631710929 14.169490582337 23.8868871046304 6.85293835547558 -11.0500167733177 -8.60200676598678 6.83836863335006 -1.88945517411391
Cebochoerus_lacustris -85.9658835033643 -18.7994932708763 26.7083583741165 13.6039193210601 0.736899878562707 6.4408701731557 -0.166266255597087 14.258475379138 -0.222404994147525
Cedromus_wilsoni -17.788420237215 36.2139382059929 2.58294908141696 9.66959583469675 7.84374495402092 -3.27263561895065 2.78972727765187 -0.974667307804766 2.31523093596084
Cephalophus_leucogaster -21.4890364083146 23.2429645062987 18.9285917953671 19.1674355134162 -5.15292569520043 8.45317417794522 10.6690000524173 3.07738816623523 -2.37758423791008
Ceratotherium_simum -66.0610382165843 24.121364932875 -28.6127761547819 33.5122611727986 9.23870851843268 6.48356133493674 0.704923973034141 16.4528971749149 -0.941174693310397
Cercartetus_concinnus -2.9031528386992 23.625069478719 6.12359930933724 -12.2234163000864 6.59417830139415 -3.89886512556463 -9.25579314944822 2.10873785168544 6.43204931505565
Cercopithecus_ascanius 97.2603218569298 -23.5317535934769 4.66003460495735 45.9256324506644 -3.26088464636417 2.18062960300533 14.2409761683264 -4.17579998405087 1.28332320462338
Cerdocyon_thous 10.6686560184423 -0.662856638380638 -8.6679504782743 14.9550626865849 8.03178566599594 4.93033744530305 15.0182734864607 4.0814069129555 3.87176119372106
Chadronia_margaretae -24.863807949262 -18.3063438840316 -25.2691700459033 8.43519755857081 11.2054532061224 -1.21582832015347 -1.52784325045859 0.94414975907493 -10.6627942653275
Chaeropus_ecaudatus 28.6744513583816 52.26485719134 27.0672188418832 -0.569826597409052 -4.96069750929372 -6.83763038785802 -0.5110066070445 2.57051005504753 4.93652253959985
Chaetodipus_penicillatus 9.52109352451825 60.5283603884525 26.7236880814852 -2.25921751695062 2.24202703306811 -11.5778344129536 -4.86580588407317 8.74334411068663 3.32982559271443
Cheirogaleus_medius 50.6259160783375 8.44677587089947 -0.960009201477553 9.25412838217026 11.9326680811762 -5.3806121343364 -0.695230879907328 -1.42278616787242 -0.082024219408229
Chibchanomys_trichotis 31.0925676514001 -2.83888927385035 11.1062510715789 -3.41370524494788 -13.1014233796582 6.79918479620051 -9.39070700820399 -4.10326682004392 7.36980158836644
Chinchilla_lanigera 12.8601366709393 64.4487708548378 33.6345578256277 20.4639190573971 5.09224426352972 -12.4915449962557 0.980156692451273 14.1816118290745 -10.3513341568455
Chlamyphorus_truncatus 124.639029539418 22.8987813929779 23.1461225560714 -3.12122713102345 -23.5531634057673 22.6977495447847 4.79864570391221 -13.4020155554514 2.78527926477613
Chlorocebus_aethiops 97.8032631146785 -7.83585942471044 4.91120124952852 40.9314549799731 3.34540163316609 1.72233471254415 15.0477721031196 -4.25454744624991 2.05693002766322
Choloepus_hoffmanni -5.7466395729801 27.5672061347926 3.67962324685359 -10.3988275796018 -0.630582853790053 8.10733006664591 15.5078206163855 11.8022028010664 10.1749982936874
Chrysochloris_asiatica 81.7588271868955 18.4745584756048 19.7175362078353 -9.03554894390819 4.3507926880355 10.1062837517892 -0.280390444864322 -10.0623194345436 4.12068700275997
Civettictis_civetta -11.6620647839929 -22.8432697831618 -26.9556305928332 15.6919110436735 13.8090760427522 -7.59324849970227 13.3618871267573 15.0450566789495 6.33131870918132
Clethrionomys_glareolus 6.29462036539707 6.14413353986616 20.7995625296438 -6.55979656489274 7.29880550457745 -8.38361146331654 -9.93611455418872 0.00150138315901472 1.95253005307713
Colobus_angolensis 118.113634259475 -6.33288158100874 -8.22784846752724 45.1626576407831 2.93996359631742 6.82452726264555 12.2123928216566 -5.30673846081883 -0.737260031503144
Condylura_cristata 90.0188101468212 21.0534734234555 -3.20960910507654 5.73153113029123 -8.70024435682513 -0.947534895616596 -18.9658741457437 -0.573650346845702 13.310268348738
Cormohipparion_occidentale 41.6345875330958 40.9787906731562 2.58101294114864 23.5313504288227 6.5216600422431 -6.96139702644205 13.2710216978666 5.65053590379503 1.71186364408196
Craseonycteris_thonglongyai 30.4982125278577 50.7388337226001 20.2956118689292 -5.55692790329963 -29.2762166791426 1.24428742559996 -23.7643330880508 14.5239059600305 -6.61044990920556
Cricetomys_gambianus -6.0075353822441 15.4570113951228 10.6975087868537 1.72964242107583 -7.07986044983963 -2.6521211549218 2.4105214477142 1.17026680252174 5.00521165719664
Cricetus_cricetus -22.0119112837036 -17.9190908499157 12.3410587911407 -0.69546805095099 1.37865591740003 -14.3149750819697 4.72396403207909 -11.2099087288383 0.062858208622684
Crocuta_crocuta -19.2890365246612 -29.4398048418464 -0.111381526259997 18.5702406146481 9.81134341978752 5.7881454314805 7.38965362270242 1.31904838435402 0.68518097858225
Cryptoprocta_ferox 9.5267501805883 -28.759305044023 -11.3713395836045 13.6765733607684 6.96459794055914 3.26060448940496 10.0971425645277 6.21022341748062 6.10740970953796
Ctenodactylus_sp -5.66625982649787 43.3177698127403 20.4707297049729 9.69327852096094 -5.75889106479944 -6.42658827416596 -12.9645557527339 9.28979526929913 -1.64749282927857
Ctenomys_conoveri -15.3649487348218 28.1978755345818 15.422899397615 -6.5454742814271 -8.1415497386572 -14.5047689627786 -9.75740654340646 -6.48290594406462 -4.80814642940919
Cuniculus_taczanowskii -24.352067954923 17.6312301571273 19.7925312996537 12.7567923445764 -1.90536851747465 -5.83826515921401 -5.7730208658529 -6.57364762675598 7.1700706724116
Cyclopes_didactylus 10.1606343731332 -12.3775997718152 12.8985181931649 18.0208430877319 -9.69277516934372 -2.08274709983792 0.164030777482229 2.75978499394962 -0.596894062963489
Cynocephalus_volans -60.0192738724511 6.01773668969635 31.8499758690141 51.3563037716323 -21.2752639496 -15.4322754289872 1.14130940461616 -14.5050940850449 35.7817561321962
Cynodictis_cayluxi -37.3286195996656 -23.5944244841758 -9.93740287868994 2.97251280484564 15.8014730040254 -4.97355671329918 -3.56254355015717 9.90592630241869 -4.0828663547291
Cynohyaenodon_cayluxi -64.8665840071342 -20.1111739457021 -9.3913486520853 18.515241529943 -2.88490779225587 -10.1611562141644 1.62881186059727 4.63555689490579 0.238006497811858
Dactylomys_boliviensis -16.0058465191437 8.40559871569316 7.0948335111161 34.2683736432508 -4.27683129604603 -8.48062239682998 -2.91891900156737 5.22481306153538 -5.18533595966508
Dactylopsila_trivirgata 19.3133152289401 3.39171434533304 -6.58558624841292 23.0643661129852 -6.72067515024414 -4.34245743692308 16.2512631219661 -6.24238098714844 -0.499139293045883
Dasyprocta_leporina 3.58331304409962 14.2192467623907 3.06777295401694 25.7979107671534 1.74828077431924 -6.60231219940614 1.56896196623245 -4.75941603749496 -2.20916731053489
Dasypus_novemcinctus 77.7747363538259 58.1470430937026 8.54661285794907 19.0065207012694 -18.3670144893916 6.23004794806589 -1.46888635842558 1.98372637441301 -6.42429522851222
Dasyurus_hallucatus 1.76910472301489 13.2392604641228 5.74216573093887 7.99040169727297 -13.596439495398 -1.39892058524292 5.49919527509929 -6.96911660830311 5.89081338969934
Daubentonia_madagascariensis 80.2426683764583 13.8485316462637 13.5133406639942 35.963110459117 2.84439712206407 11.2915554330193 1.58289286561409 -5.39858488466124 0.477753684511891
Delphinus_delphis 73.1471580717479 -79.5200301472244 -25.874144084884 -18.3907627542965 20.3122226871586 14.627589323639 16.0945303277389 2.55950381048811 -6.23943880472284
Dendrolagus_lumholtzi 7.63749373131478 6.02517915268873 14.9247039285268 13.1633824836034 -21.6411815752995 -1.65761685373115 3.05115027145518 2.37398437554659 1.70650530169914
Dendromus_mesomelas 37.706570025422 17.3588303653227 7.41149599908174 -1.72724091188638 -9.47361794606237 -4.87150777557437 -16.5733834784531 -0.0549208210002378 3.90975718755087
Desmathyus_sp -7.3694948025244 69.40533343568 21.9961820452723 -9.20230453541715 10.3357828611324 6.24185645139108 5.30495355628952 12.1885391242208 -9.43569780696632
Desmodus_rotundus 52.8458359013539 25.8640114918872 7.91567070868298 6.06166321927994 -9.12111203862441 3.07293671521594 -6.36965953250277 0.506887853848574 -5.48000204859616
Dichobune_leporina -0.666292286458868 15.4687923903131 20.4030056781681 31.7747199168128 -13.3793371107221 -2.70894457453602 -2.15042218553278 10.4057449429697 2.57392790057847
Dicrostonyx_richardsoni -8.38548981408162 16.4093119582049 26.5975690230584 -6.62198486284524 2.85864364935446 0.59030714575218 -5.13873043034967 -2.14469578961587 2.31508633729364
Didelphis_virginiana -21.9945806876892 16.41328518324 -1.33223533906672 8.94304484292296 -16.7495900150467 5.08477855311797 9.10479674186079 4.52429531249281 7.92394729386305
Dinomys_branickii -4.19566703758691 19.2293069474202 5.46991179494199 22.8631614604078 -3.2563134202094 2.13198530736173 11.5687056618843 -1.91995042273022 2.4797600410291
Diprotodon_optatum -20.1364106285304 33.087319446281 -40.4101457417986 -9.19833719513257 -28.4480263482706 6.07494050117475 -3.76163407599271 7.4020542526076 7.17307937678177
Distoechurus_pennatus 22.0467587492667 45.3061964855173 2.3051081144244 -15.7471667074666 -9.61960325922727 3.12380707645034 7.43577275843886 8.34960477400564 -1.60592697542706
Dromiciops_gliroides 20.3698902026181 17.2587067522682 14.3757033662392 -9.75624729111176 1.97914382057612 -0.314184130864533 -8.97551208775664 0.588252801802624 0.139503628064576
Dugong_dugon 15.9475547121447 52.153718379592 -32.3248824811427 -20.8859161381821 25.4220752089421 -15.8669442435109 -14.6550901250003 -31.303332990956 8.59795407278822
Dymecodon_pilirostris 110.1510711243 12.933816235848 9.55275243414375 -12.8679202863388 4.59449760155001 24.4761037964411 -13.0670545490172 -13.5686091934905 12.1447199436907
Echimys_chrysurus 26.3347873457933 24.2052207076792 4.31765859642309 24.851016157053 -12.5820001033624 -14.6354272335764 -0.39041702838112 16.315341674524 1.53341159111854
Echinops_telfairi -19.2452520342267 29.3118036685247 16.2818865697221 -18.6152606006801 -13.3213424052021 3.11401417444838 -6.11124792990639 -1.9560189811637 9.69907941063283
Echymipera_kalubu 29.0674831365681 54.6475618120879 7.56120559259609 -24.9981098649972 -8.39700374663199 0.619530725958875 7.87029486424959 -3.78138071854772 -0.756843061428279
Ekaltadeta_ima -15.1624926585527 -0.275328844005786 11.2045741968111 2.61309353093007 -11.4432296728978 -1.45126495084843 4.41290569011427 3.44317567120346 6.29894203942921
Elephas_maximus 65.7211416149937 30.0059364357032 -19.9370050872582 30.228567400555 18.5858252999537 26.1420582872338 11.9910452862978 -4.54433318539697 -5.41388836317327
Eliurus_webbi 14.0392279904678 -2.50203874048202 12.2722404532052 4.43775989888059 -3.17804848475728 -7.75449036668644 -6.00685972288585 -5.15259844399404 4.32314209268034
Ellobius_sp 0.0126046766969358 3.96811713504686 32.6481892993685 -20.2728908232956 8.8266691089798 -1.9902533642208 -3.59302782665533 -11.0639962814686 7.97283850138838
Enaliarctos_sp 46.8042449639277 -3.53864285149719 4.39282322311655 6.40338994613159 11.6170289212342 -25.4590115824435 19.9446986335666 18.5003902881151 24.2292122793394
Enhydra_lutris 79.918159263219 -47.4458214593905 -34.7871579268488 15.3018207873982 12.6383228927883 16.4419318457615 8.42039368179582 -8.01128266126338 9.37807024925886
Eonycteris_robusta 6.90609150854556 29.8332493210179 2.16024827195984 9.37109519113125 -11.3320411481309 -0.518835128011092 5.05020936868537 3.99333786983084 3.97498068674573
Eptesicus_andinus 15.0436037691389 22.0415714604493 11.733000654515 -3.82155656020883 -20.8629301162415 -9.93829670737492 -25.5140776826882 -2.10886159452093 0.546493758448642
Equus_quagga -12.7348731883921 42.5927348947881 3.34038378796472 26.8444995172025 10.0225276197168 10.5572701614033 14.4127873877902 2.15945426485204 -1.8162870682705
Erethizon_dorsatum 11.2289852353962 13.2020647581871 3.45005511500754 19.1669843836102 -0.277956355891467 -8.74293689042482 -10.4632078616065 4.97146483852697 -0.642046671795382
Erinaceus_europaeus 11.9425243537028 21.8521810173922 5.67940791393178 -15.8186757124874 2.51600675792218 4.0972038441762 -6.74092047388485 -18.0965584263595 -5.02819862687811
Erophylla_bombifrons 53.1159353678933 42.3868615293062 -7.12613416868684 7.84433504270499 -15.2196523610475 2.50924817419178 -11.0907059831469 8.09289111055339 -10.6628972725136
Erythrocebus_patas 86.0622097268255 -15.4866523628667 13.8562784094051 43.7026136808076 -4.56396808957338 7.88767915635363 15.0913450736573 -3.08164052794648 3.21221108941115
Eulemur_macaco 69.3296563131421 2.66676349927368 -17.7643432918017 31.3832091663003 1.37154358483321 -2.65178515309841 20.9461349477764 -1.02250284479038 6.05792097545562
Euphractus_sexcinctus 19.3731748071742 16.8516167936114 -4.35107410668428 9.30883364157038 -5.55023649111905 3.86941150183815 6.67517865233498 3.01095150277703 -3.22439578805215
Euryoryzomys_macconnelli -1.05468971048213 17.6690651547399 13.8457031653242 4.96362092734394 -3.76920305222415 -12.0120510435014 -7.52779090334893 2.53486361024549 0.884950447856476
Eusmilus_bidentatus -31.0578550010391 -0.733902460344766 -12.5892095891743 -1.60884213084503 18.2904662245411 8.02772889315061 9.17883496492637 9.92702379009362 12.1375107568158
Eutypomys_thompsoni -22.9926366532439 -5.00674869768588 26.0676842105659 14.6419190559738 -9.53686535395063 -16.6127637398459 1.91417256120438 3.64133706627803 2.95001712853368
Felis_lybica 28.7452792228045 6.16731318602718 -26.7959532544914 23.1933856138523 7.55385322913107 1.9688622422496 4.5768108261826 2.50662835450933 0.986098013958922
Funambulus_pennantii 15.0901175318545 15.0831588392766 2.34762782018531 5.75321141267977 9.69191273274533 -10.2406989333113 3.85038949854638 -0.815194077221983 -1.09805820335299
Furipterus_horrens 28.6144881503356 37.2113020217834 18.7233625990856 3.64659131422844 -19.144541708538 5.5596613919989 -25.6739083441174 4.36304522659927 -12.7190391325492
Galadi_speciosus -12.1114403059716 26.566089262479 -8.26166204785316 -16.7984618928074 -18.2062499385464 -2.64891832089465 6.58522690552022 -10.0211377274508 3.84051693600033
Galago_senegalensis 95.7792744849589 13.8826090751606 2.36976731615984 40.5322023047998 8.88705391168588 4.38886312876356 1.51058789185788 2.60646218620025 -5.26982669035781
Galemys_pyrenaicus 104.354709692067 21.8111073607913 1.08060338594376 -11.5591560282484 -15.206868087383 6.25524916391122 -6.9042098898409 -3.67006380623326 9.60197877642782
Galidictis_fasciata 33.9899325177303 -19.2589490591425 -4.73000451751219 17.2972560790961 -2.266015869474 1.76519762647195 5.61967973722712 4.50055635673483 3.62944164138789
Genetta_genetta 0.570886188649706 -20.5541571306041 -9.57041323958789 16.6297924532681 9.93198675415233 -5.65945821920381 1.93708237442154 5.94923886431181 4.3633253454192
Geocapromys_ingrahami -6.97499321988449 27.6379376600362 20.5613445352593 14.7643022234668 -5.95453291114608 -12.7522359447246 -8.82230345028787 2.44059467032388 3.53649437779532
Geomys_pinetis -28.3282336028117 31.6616684912196 38.9145920341222 4.37846041995495 6.71447937910659 -17.6300790372689 -3.77908214108874 -1.65424267801565 7.74078355117126
Gerbilliscus_afra 10.6282922102063 25.0239028232767 29.4136884405668 9.33608132469378 -3.04651294389078 0.0119550544697904 -3.76004987109216 0.285242005559074 -1.33526191436472
Gerbillus_gerbillus 18.4975347766173 29.83894219551 29.9385072793358 -1.61023162841285 -5.88857068230511 -12.0505978014892 -12.4910623072939 -1.76179077043564 4.41113476746073
Giraffa_camelopardalis -21.5724481303669 33.4233693478846 -8.87192272169223 37.3905900279717 4.0761061981698 15.1780298536884 5.1031746013085 -0.799077852498657 -4.79330339271074
Glis_glis -1.84260796550858 20.9364507391788 7.36205280078597 3.57692158614075 2.6875165632579 -5.65928500806955 -0.397820410976203 0.702085957567266 -0.897437951676598
Glossophaga_soricina 26.2670351398774 34.7148345477449 2.01266103234455 -1.64657922864 -12.4228812843208 1.74151212544962 -14.6952194286018 10.5906518107886 -9.96486854739671
Glossotherium_robustum -6.5245282459014 2.75355036598768 -16.8980091241064 -8.24588520317056 10.7542014757337 15.5350392724186 -7.89810783179185 16.3600183412766 -6.61344741759622
Glyphonycteris_sylvestris 20.9428463262131 32.1959934363804 12.7975109420451 5.9045116472686 -19.3263084380136 8.00806505153969 -15.7059817106951 2.38513995627778 -5.22869166697269
Glyptodon_sp -14.8835163990591 48.8370162626248 -59.7210516421482 -31.4756267599409 -21.9879211626493 10.493873107878 -2.80299821409857 24.3277933977265 2.74469139043001
Gorilla_gorilla 106.829637969433 6.255909801792 -13.9790115681324 44.4599347780209 -2.20216632077376 5.76880864965951 21.7400386395156 -6.03821555664544 -4.52442001725856
Graphiurus_nagtglasii 25.3806435722037 20.3304836165451 3.76990327665315 -4.26733508682199 -3.82675635342782 6.40492579333653 -2.89086854475661 -2.31283851561878 4.10728916221719
Gustafsonia_sp -34.068715022099 -22.8428491186519 -13.4786635601117 20.0108729018152 -3.1145259027595 -12.5163599345765 -0.49828000167268 1.29790084437022 2.13098707324057
Halitherium_schinzi -39.5320603911411 30.4988942662111 22.4715736820522 2.99692435463796 -19.4759480978819 6.29534213039662 -9.12903116431514 7.0442529052607 -15.1295511417759
Hapalemur_griseus 62.133629087165 12.6005117915218 2.31863396056534 28.7087249246984 8.88020205055645 -0.904577910938228 2.74370650406107 6.17836330357888 -2.35639186476535
Hapalops_sp 15.6275055230711 41.9751479451922 -14.0061889973022 24.650450397201 -1.40608375208972 7.4348962938018 15.2852806346499 5.25904971948154 -10.7634275430082
Heptodon_sp -85.3884041429536 21.5965931553519 47.356415655427 10.9572425802416 -6.09837951008158 1.64151515057369 -5.07414952716693 -5.74808421074523 4.59896895899001
Herpestes_javanicus 4.75516823981891 -41.755433664601 -8.18068398870146 14.4149608715357 15.5955491135237 -1.06260367987406 7.59395463908586 5.89524922166204 6.4065742142804
Hesperocyon_gregarius 10.3495308775877 -64.896553970261 5.4744820487724 -20.07073944791 13.9629474772054 0.781199097626739 2.40118504065327 21.6963737029257 5.61333255620968
Heterocephalus_glaber -30.4099845439507 13.7485808584093 17.998664651807 -3.27530220478148 -9.8170713009949 -8.32468573083158 -4.54466207449954 -2.68487932684294 13.0033461412285
Heteromys_desmarestianus 8.23068930607163 46.2743160492035 -0.347626904084774 9.92495406882312 2.66884509796807 -10.0669100591071 -7.53412957838338 3.10555577981661 -5.13498039331826
Hippopotamus_amphibius -21.2342144592436 37.3704308645182 -20.5888380946146 7.69821502026469 5.5796121870223 15.6086783850835 1.32722233273075 0.113631180501003 -1.76393765385849
Hipposideros_turpis 26.707025191817 37.6277944673711 -0.4266803342574 19.665379091343 -27.8835485978491 -4.50844245591071 -5.10628437464469 6.03073502956918 -24.2346121200858
Homalodotherium_cunninghami -12.1016538042365 46.765723061168 -31.0497887725778 29.4277656685199 2.25171396457085 4.91910983082483 -18.2710846511597 9.24361344662143 -0.391799820329948
Homo_sapiens 160.874858480859 -37.160634973867 -14.642591220476 81.4666521035623 -7.36446216856661 20.7031510940108 16.0768928182407 -6.31138044912582 -3.4146316127899
Homotherium_serum -34.8168919430013 -30.1840394714512 -31.8208051373774 17.0981487158505 23.0264232029028 -20.0066663519173 0.617163119733166 -1.725612430491 8.53173146014288
Hoplomys_gymnurus 40.0258866741861 31.9679694820968 1.57971200877485 32.876289394186 -15.7013850795146 -4.50160681932411 3.09186810479211 8.92796922449092 -5.21369916395795
Hsunycteris_thomasi 46.0882132017906 25.7712683484825 5.35836579434975 8.04171867514246 -22.7780278005542 7.05269810403319 -16.3383097920274 5.60540965943484 -9.03534863914432
Hydrochoerus_hydrochaeris -13.3587202709776 59.8758523287189 15.7335288381586 -7.86088539789104 22.578040332908 8.19840971036193 -9.73089395633363 -18.5864058619664 -5.63598459653363
Hydromys_chrysogaster 18.4479094312876 -5.46132959388762 -3.58243977797502 -7.0800642877458 -9.47219677798903 -1.95189758554999 -5.2658777875934 -1.45457462760326 8.36237454527985
Hylobates_lar 104.411852154011 -12.4637164666634 -0.713565317211847 45.9369439259475 -2.67648172280996 4.86557861608289 8.7130564765226 0.16889965010979 2.00116500718436
Hylopetes_spadiceus 29.0034618948499 20.2207600058694 8.0009146800396 7.19118076995353 3.03800119023029 0.273085837722988 5.15691458097816 4.32265559447601 4.36748571605797
Hypsiprymnodon_moschatus 20.3685401105757 25.4414849038633 5.32977815056528 0.126089820722224 -0.0060391018295685 -0.717437965323377 7.82126722422214 0.327229069975884 2.58164639552899
Hyrachyus_modestus -68.4223971654329 32.8889947980002 -7.59196641754863 15.571543578692 16.6845417861992 -4.47356622703493 -4.81972822458983 17.5003020507451 -1.43250626499986
Hyracotherium_sp -30.5780501253504 0.970994499132072 -18.8903662565762 -2.3010398231065 -20.9199053633266 1.12969772920202 6.68517447728232 10.0490523260466 0.954589278833314
Hystrix_indica 9.20364961456871 21.6741094132929 18.5823591017187 16.8828077163894 -2.90233595805495 -1.16075177041776 -1.64445876714933 1.69124086214808 -0.2401834419507
Ignacius_graybullianus -53.0129803206028 10.7106405457255 10.8382240420453 17.1232522574189 -23.9129532217361 -4.9430398916095 8.59420800859526 -10.1991261969816 -5.42256937762132
Inia_geoffrensis 50.315228566474 -67.2967196229143 -22.5435193005682 -25.4891787227508 18.693218016693 7.74177056474837 8.03876340733866 -13.1979562523405 -1.48807324494887
Ischyromys_typus -44.5174828328322 13.7228239988923 2.89144162756935 19.5278977974035 -8.66810674668627 -11.2660301444639 3.9157314809852 -8.13810197973771 -10.0742844486474
Isoodon_macrourus 1.00644542304311 41.6149553659937 20.8218533920473 -6.43755427104892 -9.00353971945724 -5.91699631329061 1.87649832966639 1.572435086399 3.19402819277979
Isothrix_bistriata -20.5434901557629 15.171544015249 7.89866140877263 34.8392875799791 -3.72637025775163 -10.430607601946 -0.819105231157587 13.068617393223 -2.0562046819859
Jaculus_jaculus 14.3478491507232 78.8351177511205 20.0127727621953 4.40362788328318 15.1727500147593 -20.8568883888522 -4.04927285311661 9.77663138174064 -11.0452990742076
Kerivoula_pellucida 60.4874874717481 44.7621144747504 13.364176078398 7.33967822488836 -17.5781694061251 5.03265302831951 -16.2136430195731 8.16640964765535 -14.721555204537
Khirtharia_inflata -68.9382361027389 11.2072318475012 5.33743239561569 45.0426064917784 8.64504423531375 -0.593279685660283 0.207887395841562 -0.600050352555003 15.5302533820036
Kogia_breviceps 53.5551869613727 -60.8394467135254 0.761659389138337 -17.5792342044388 34.4931647602187 29.163108410665 6.131702127596 -8.32265630724878 2.21537202124594
Kryptobaatar_dashzevegi -37.8236509253875 36.1970462818254 7.22840094286636 -10.4237495525978 -1.04943954939098 -8.47702054314325 2.65177749915174 5.74709825878151 -3.54452648336754
Lagostomus_maximus 36.9244639814017 59.8347974040686 17.8067940185071 14.5814292592311 -13.3509434214528 0.585047649053582 3.42357982418106 0.549027331290019 -13.3935496340138
Lama_glama -6.0254771840065 57.2733267556124 -6.59224051459448 30.6694472014354 5.32565227987052 7.48357911697473 18.947316893545 -5.95294753025228 -7.77579197211525
Laonastes_aenigmamus -6.78630259245791 27.183339079043 10.2608118796547 29.0892176137966 -17.940529908241 -5.81618483538288 -4.4524519816879 16.0731712684084 -1.28944476520509
Lasiorhinus_latifrons -2.37137767483602 30.2989830219595 5.06435951560357 2.9146834741947 -9.07280101874944 -6.28738028653555 -0.771559232253717 2.10930693970924 -2.77556358097627
Lasiurus_intermedius 10.0815885090474 26.434372574718 -0.58089152754123 -4.89341759464718 -13.5370694445137 -16.7862606378554 -10.7135944390575 -5.34685404087544 2.31329981877105
Lemmus_lemmus -13.8647139197821 12.0752457913094 4.34437621633373 5.1567773394775 18.1226811477801 -27.2276565861475 -2.7539425968185 4.85083042558482 -1.17894361665366
Lemur_catta 69.8823781378228 4.63571351911711 -9.80020008379212 38.9048256640438 14.8572036967904 -0.101593157340589 2.70716989274306 2.30702481210355 -3.38750274110118
Leontinia_gaudryi -38.3465274220037 48.789192260781 5.49445512336923 -18.8858415382911 19.359508780161 4.74828904122653 -2.32786396987844 -1.3966392185128 -11.6519990105055
Lepilemur_mustelinus 39.036279236976 26.1555893791136 10.8813425157637 28.6104116466641 4.32353494220269 -3.27816683920469 -5.34837926489457 10.9819256375728 -4.78513117645472
Leporillus_conditor 7.89463145547314 23.078734917844 23.1259426798762 4.9371095448384 -2.78703433674185 -12.3451134846265 -4.98438280345942 0.859398111392878 -0.497731446352132
Leptailurus_serval 25.7939863613974 3.54107912170366 -14.8578970076976 22.9703053494562 10.6759733317269 1.92285831398369 6.89727766780193 -0.392910756110053 1.14493839579085
Leptauchenia_sp -69.2033537355372 33.6893760223519 10.8871358183135 34.085338063045 -0.0218986981961443 5.08787643893481 8.19681595092175 8.54297660174609 -0.380951270570129
Leptictis_sp -19.8900385301812 8.83315390497789 5.7624502832892 41.9713494635486 -13.7607801141078 -5.02409045097009 -4.46374179998003 9.64986564197793 -2.31497051415122
Leptocyon_sp 5.91757458356942 -32.1827364988345 -20.4655010680732 28.9666785800393 -11.0482780342472 -1.1465975902144 3.42378174354778 -4.73973822167889 1.08681374228989
Lepus_europaeus 15.0452527224929 23.4910054402731 24.5503982269515 35.2880225312235 -7.28033619027274 -13.4307960708654 -3.89974157779462 5.7271062385812 -1.68365467836915
Lonchophylla_robusta 37.1308424611801 15.5086314122607 -5.41021283693149 12.5063434714441 -23.8604039939742 -1.35683466227006 -12.0864003150857 2.40965929852219 -5.33343720558858
Lonchorhina_aurita 33.8158933046817 37.7226312531727 -11.0735241731563 -3.44218784488093 -27.5100987892844 -3.13537532006613 -15.3443607518383 -0.670444986917037 -14.4742381751422
Lophocebus_albigena 125.378817892209 -15.8930241766491 -5.50972538409394 43.4021803729868 5.69138854426392 4.70357006472624 10.9717413697955 -8.64955904630362 1.20093774577259
Lophostoma_brasiliense 42.4645511449525 36.516117843075 5.97776586484743 18.733280561436 -5.35978748250254 2.93878245267942 -22.2151396415347 8.09446882285611 -6.62120733249724
Lophuromys_sikapusi 28.2863861145919 25.2338021137711 1.45317199376573 6.47583413621518 -4.13281068867531 -10.9833434556191 1.63324718398877 4.50774730956897 0.380049022875347
Loris_tardigradus 96.7156856010753 10.5038719082598 7.81866889796183 39.8262390362296 7.77280899381729 -3.94917803311713 8.73289366503796 3.06654497383149 -4.20365834870627
Loxodonta_africana 32.9657153110332 38.4533743150512 -19.9609849409004 34.4517782190821 6.76855032591884 1.06339696181274 17.8392048046289 -7.99676798182758 -7.56477587536264
Lycaon_pictus 31.6434254788206 -12.7595347164141 -2.40020729405334 27.8828195032956 15.8969714584789 3.81622734278677 13.3860526241354 -0.0240344114578389 -1.4150773922286
Lynx_rufus 38.9155059041786 -5.31289990554522 -23.8645547361474 22.3371844264882 5.98687414049493 2.49420767151441 14.7551956839969 3.56126805957673 2.78050053228882
Macaca_fascicularis 108.710819106191 -10.7319942256026 6.56473201756641 37.6085785705983 3.14048793299202 1.84724809553465 14.8115772607387 -2.34243810535166 -0.214968862322506
Macrophyllum_macrophyllum 46.3798109055158 38.989454435556 8.08162968355414 1.46972853862153 -22.809569346681 8.06428016760728 -17.80084000033 8.01049725239049 -9.79056851316006
Macropus_giganteus 2.42090245770784 20.9349132069149 25.1898396401616 13.7768565422891 -10.3090879918721 -0.0266243071468322 10.2938400216779 5.08634349620933 2.58818942173194
Macrotarsomys_bastardi 22.4420924698352 14.4421075680895 19.7760585187121 -0.394526770884494 -7.35986741441445 -8.88009684597633 -10.5801051450507 -2.37738450087296 4.54983741453212
Macrotis_lagotis -17.1745124098954 39.760247657285 28.2849073620832 6.66455518929763 -5.29521391697433 -2.36027381678257 9.22818512451944 -1.57581026318293 -4.68686503107053
Macrotus_waterhousii 43.1057678003733 47.5683549202402 7.84117305081886 16.27453905137 -25.8631764215468 -3.54598317079412 -14.9331420748613 3.63542027795259 -13.5429837119746
Mandrillus_sphinx 99.3681261893376 -14.4287029815765 10.1305102406726 45.9217607170387 1.87220738456613 20.8790824669797 7.79110639051799 -4.52239738497363 3.06750613107455
Manis_javanica -17.9050924883217 -36.8029811944106 -21.3360244028135 -21.6209660788937 10.5440417101015 10.6400896362913 0.75342521759335 3.63249321188745 2.61457780763792
Marmota_caudata 17.8145266851352 17.0495592848027 5.05997069688288 7.54659458150176 -6.9935450232365 -12.9349881374926 9.82797685259967 -6.83816594947424 -1.50383843152741
Megacerops_coloradensis -35.8201425639837 73.4571705168621 11.5604185960428 -19.3852899506531 16.1836868967034 11.280641493166 10.7345936469729 14.0715782763402 5.28027042394141
Megaderma_spasma 6.56345040741856 33.5293138047394 28.1893435560131 26.1498835610965 -26.2267969910011 10.7819393430765 -9.48005404681579 14.1289630614008 -11.9783587520613
Megaladapis_madagascariensis 39.1608649739749 0.71694934466293 -5.03724622020731 25.9523273669166 -1.08472986926044 -6.70636891954849 -4.35822264280539 3.40921980785988 9.1184722130217
Megalagus_turgidus -0.35315898044195 25.33406733146 11.1726699563957 31.8409672964233 -18.2417698271374 -7.90552446213498 -0.981425613056336 -4.20534908176698 -9.91295829729066
Megalonyx_jeffersonii 47.1289427489007 25.2396670284345 -19.1817491132801 -16.1510301858038 -6.01318360268054 20.031647464674 7.09246191105263 7.11523798041668 8.19932505307843
Megatherium_americanum 17.679582737943 28.4232023232945 -39.8514379902168 8.38177691181519 -1.71005866016952 20.3585751735299 10.4806201174592 -0.215942032322472 2.25897527252426
Mellivora_capensis 13.3506942275579 -40.7426231214917 7.93466628673175 32.4247835889073 4.97065842833645 -7.47225938078418 12.2863310936324 -1.95967712660714 7.54659895249894
Mephitis_mephitis 51.1143483284838 1.31611583796218 -0.293124859969238 8.66281673142635 -4.75083800906349 0.105537201945804 4.41335462871268 1.89011687248956 3.95327263775892
Meriones_libycus 25.858921324981 42.858943886694 -1.85163398980305 12.9572205949127 23.7187144060419 -37.1017584293456 -10.1608803804295 2.49155458656016 4.27203552948031
Merychippus_severus -19.3706550551181 59.2120402291044 21.1394591158818 14.0637685917869 11.5540650212858 5.0721268523067 6.51344236073426 4.51721988585912 -6.10164400877069
Merycochoerus_proprius -41.7369146145441 41.8246850204341 -13.4970248647947 13.1564850089957 -18.4723500381288 -4.72323782860577 -5.08750736360586 13.945055728552 -10.2705540150488
Mesatirhinus_junius -70.4095494524731 28.8403093797002 -21.0334588091296 4.20700766305498 -18.7239202665191 -5.43436068050261 -6.23401240939445 3.44192373197558 0.163834204209873
Mesogaulus_paniensis -17.9780379501273 10.4567215790054 26.6858108920436 -2.34752323341891 -7.11072375651647 -8.76267326556477 -9.53752601987074 -7.05292640294579 -3.18473616123818
Mesohippus_bairdi -30.4679812460372 35.4881849359881 14.1345257116913 23.2955852453073 5.23336926470468 3.83338051752473 0.790094818172945 10.652075219287 -6.06588109681408
Microcebus_murinus 57.7291490174 15.7431135399885 4.89833974563296 12.6152982029585 5.78503475937935 -0.0616278848634762 6.66193364110611 3.62123893121931 -2.82783128342773
Microchoerus_erinaceus 38.7433123724608 32.0847352837735 11.1891925373337 16.7263040106697 12.3074849982092 4.52593407985096 12.3345107132558 -3.64973459232757 -4.67339817713927
Microgale_drouhardi 39.6741084900284 20.1773064915709 16.3262640645475 -35.2215557842674 -11.0777002019135 1.72402990981555 -16.0513852062943 -6.98535778976473 5.27404094936048
Micromys_minutus 55.0194665109409 25.3758819391762 1.12620751560738 9.9641471221278 -9.19454319879414 -14.8957365449958 -7.73951593824803 7.60444206886418 4.69818549754155
Micronycteris_hirsuta 34.1305798583012 38.1314116811106 10.6567480711305 17.5793163311354 -12.0342883786146 7.78318725005383 -15.2880894296602 8.47991717543395 -11.1725610230794
Micropteropus_pusillus 2.11780767475166 13.3782012598478 -3.3812231150985 0.355371060000434 -8.82945474213155 -1.86873700099347 0.120236374865087 3.37261314469087 6.57166153113637
Microsyops_annectens -38.1849059584523 -12.0096689600704 -0.63455135517493 -3.8711529461573 -14.7680368049142 -3.1829767554447 8.32989890158672 -4.89741599502474 -4.00703557664043
Microtus_yuldaschi -1.76960244754577 18.5296055047243 20.5050572932996 -17.7250534116957 8.50913973844702 -5.80998547178382 -11.1356081476738 -9.68520280642875 9.47089085661348
Miniopterus_schreibersii 15.1804617674919 43.4785212928618 18.8372438148064 -9.29292248733711 -10.5705737843499 -3.01058077562244 -21.6648376826424 2.60147195069825 -6.52773834832885
Mirza_coquereli 65.4063611674921 9.61608391892121 -5.48445492360721 15.5723475876463 0.300473055877276 5.62128126436662 -1.02356067624591 1.57692601238509 1.37650193893322
Mixtotherium_sp -30.1369991674591 -4.53898875328935 -27.6352676929295 -4.33904152226773 -44.4713964065455 -17.703992859447 -12.8179530284091 5.8310504184817 4.27929971482788
Molossus_molossus 29.9951930570777 32.8731930898973 11.6417717868677 -2.28398668415727 -19.3482339054842 1.51590440776148 -23.6880079988722 1.89243241640456 -4.82473272229693
Monodelphis_domestica -29.7071448047924 8.21046272334889 9.6994409411205 -11.7881418979121 -14.5105418606125 -4.20682669869352 -3.02187764742879 -0.289719694278177 1.79221657372027
Monodon_monoceros 70.1285936819565 -46.1327449340658 -12.9905308882005 -47.4044582573624 19.7556023791056 6.60996447437788 26.112349733886 -1.49823352054137 -3.18297957550955
Mops_thersites 40.8030926185511 21.3307494313778 11.8627150655466 -4.38116334387607 -17.0455457829702 -5.63459950095076 -30.7650027969202 -1.42591361948217 -5.33096228213016
Mormoops_megalophylla 36.7995806241397 30.3310059189103 15.5098209117075 -30.0112110634581 9.72995883900783 -1.85548721603386 -25.5341572699825 1.24375873367646 -1.62180324668894
Mouillacitherium_elegans -10.5004344125711 11.5576145256444 10.752474707886 22.1544879786213 -8.49016204747571 -1.35088081953655 -8.67884261919559 7.7886107290325 -0.727256510075655
Murina_cyclotis 47.6308365866552 46.6620752933597 13.3987067860488 0.203603978737367 -2.21040320180673 7.34308888327845 -25.5215750078603 6.93806999143032 -5.68811749292203
Mus_musculus 20.8908190868283 10.9171472549267 -6.44757438885399 -1.75215454021094 0.720003881342563 -19.2943189667986 -7.65650720913858 0.443048090319501 4.37079841115827
Muscardinus_avellanarius 36.3366183357272 20.31788525735 13.6078246587813 -7.68109748434439 -0.864797209072226 -6.93877466281348 -3.44155308914106 6.17799699666009 4.07522100227354
Mustela_nivalis 34.3248364342152 -28.9575342940481 1.19071360147778 9.55475461158978 17.8245120674331 -5.31789290152627 -7.25690889221699 -0.411034448246093 5.58161901555937
Mylodon_sp -3.28884007191348 52.1715701484138 -37.3389385897257 -19.4254919824999 -3.07737129932776 10.8917954261248 -7.43513281977426 9.02118480515584 -2.38910696591939
Myocastor_coypus -0.292440205375051 14.3638616495327 12.2198983559056 11.7496289648472 -9.01170716389915 -10.8581482775421 -0.0317252158308457 -0.750705542262117 8.03463383670425
Myosciurus_pumilio 43.3386034488023 30.2621219192929 4.27387143075513 4.71375852950497 12.0316189967408 -4.31219536264285 -3.10636069776582 4.03328546467474 -1.50818453351428
Myospalax_myospalax -21.3543609413344 52.1962126405842 47.5038925108982 -17.8566073707883 -1.07066825775271 6.16997277884182 0.750959477201881 -15.6256111463336 -0.691039276086872
Myotis_adversus 24.2214057965715 47.694367759216 27.4280767882647 -3.58096048894528 -18.8944309263885 1.43627997850107 -23.7797520718464 8.5023241145966 -7.36563746265375
Myrmecobius_fasciatus 7.73475137676444 15.3083222360578 24.4946460941722 4.03727797353584 -11.8624065513568 12.5143979856075 -7.08989043494292 6.14822177775552 -1.85315744484476
Myrmecophaga_tridactyla -36.404338645993 -7.84431239870596 4.28566709970885 24.2981277306547 7.79875601542217 -4.95497647955633 2.3807496841093 4.96429981629834 3.78575815176578
Mysateles_prehensilis 0.630057492843011 19.031472422059 7.75252490985432 16.0368536805949 -1.25774062676646 -14.5627233831623 -14.1349855400441 -0.129221597323697 3.42115994856222
Mystacina_tuberculata 47.9926889075121 39.4332927137839 9.36284340166568 -4.02921450129308 -18.3405383112121 -0.466387956783031 -20.717585625961 1.87276661085649 -1.69949274703527
Myzopoda_aurita 14.8181596648998 30.7417877082889 4.09572574426056 -10.8220980863356 -12.0466531945902 -9.8469515348168 -29.2863568237005 0.736122404653633 -10.7570257849114
Nandinia_binotata 7.74896591088012 -19.9664031598945 -21.1854584422987 23.8752047536466 1.22259613400075 6.80289373954612 10.8051342261873 4.68853630784077 0.493568642439523
Nannospalax_leucodon -24.1125755426938 2.85485302399401 50.8837865512212 -20.4607726025947 4.0370919247865 -1.13252232583889 -2.43471339479929 -10.6771696492623 -3.04163132456565
Nasalis_larvatus 93.6295312240604 -17.3701600605996 -3.91444004556478 35.0750376970858 4.25798388696902 14.9244818509919 7.35285880141551 -2.73223460701419 0.502012938323271
Nasua_nasua 45.6882684827353 -22.3424891241166 -11.775712300045 27.9778463691458 7.96121261443214 2.99535804060893 12.580586191917 -0.0204476838871238 0.196196110788036
Neacomys_spinosus 31.6642926232895 23.3389113716868 -1.51597556228836 5.25488217969944 -4.42400678213041 -5.47478235377754 -6.2822280499118 5.60309107938105 3.46272890333678
Necrolemur_antiquus 65.9019099891937 39.526834107137 12.3789280509413 19.7853522023951 6.84472726208718 0.972770485578874 -0.020764906810132 4.59680861488416 -11.6606255728024
Neofiber_alleni 3.21292004554441 4.47768947544823 7.089834655803 3.90650304009568 4.45778401741611 -8.51022621628571 -1.83332689588879 3.62272496203931 3.86557362105518
Neohelos_stirtoni -33.5731191440021 6.83999927591316 -31.6013103164434 -19.4213835143933 -7.86413945371213 -11.8522916169042 15.6079282861407 0.557320654962037 -3.16107657384922
Neomonachus_tropicalis 67.2313356006818 -76.7944180046666 -45.728999501136 -28.4994569480455 17.0791706500518 21.1982008314351 16.2563908574917 3.19231385670834 5.99008548483589
Neomys_fodiens 68.2303618984513 19.0300370086415 3.53807208990923 -18.0884539504544 -34.6718960070522 -10.9630511721966 -4.11669438393612 -6.27785369636278 10.0324991464713
Neotoma_lepida 27.4336935543458 17.0884962831475 21.8220640730537 -0.235224370075843 -1.40796677885369 -1.75210204367527 -5.0452555645686 6.01414094414355 3.30079004117287
Nesodon_imbricatus -96.1113037979652 60.6399797822568 27.4110379188437 -12.7288718061977 8.04718910325047 25.8856524014606 7.66236714199744 19.2339917319979 21.6350522979294
Nimbacinus_dicksoni -32.9672413236465 -3.04694969192503 11.7703531253226 -1.78359564184352 -13.7494335419062 1.59083864433986 7.83752030714273 1.13438292336836 11.1465082330529
Nimbadon_lavarackorum 15.2387089740066 -6.84946545515133 -26.5119556920819 20.7059269481822 -9.00110248758908 -2.03016026907523 -3.80154738360324 1.92615874031177 3.08909123848402
Niviventer_rapit 19.9666970802004 15.7513120551513 4.30459515338619 10.0979718179431 -6.1957081137568 -2.09024123982439 -0.581003036269964 1.11617713701214 6.82975451371813
Noctilio_albiventris 44.0760855123154 17.5734713979347 8.99473453695184 -9.23797749302981 -17.0506570418488 2.36872420718853 -25.4318126969766 7.10291985461005 -2.5814009174612
Notharctus_tenebrosus -4.35273911683062 1.9738598300366 -7.69723252748799 33.3746514238182 -9.43173231777341 -5.74169853850999 2.23190028004154 -1.68619593251298 -5.15803405284874
Nothrotheriops_shastensis 45.609485791981 46.2929343478811 -14.274494977658 -2.07764601565992 -13.9716629494769 4.49016205211184 17.943046257388 2.52020520502382 -18.857158575425
Notoryctes_typhlops 78.2451469649882 28.017123611565 21.5949483301585 -2.46351252418154 -3.8048510163964 0.8781156934496 5.62266575158198 -0.562432725160637 4.92949580714233
Nycteris_thebaica 13.6056739202464 52.5827520938506 24.3156200398872 31.6180452146126 -13.8228063995339 8.11697757732059 -16.8905547950295 15.3210889641516 -19.7416528016198
Nycticeius_humeralis 11.2199703888817 29.5908263902957 24.7486989474398 -8.21779830673843 -29.8955711057508 -1.06026112573652 -20.2523583985355 1.11026896768686 -1.00930474431681
Nyctiellus_lepidus 25.1536893614735 69.0633915635975 18.8032962442991 -12.2125866067094 -15.5207368627882 -13.2827085356733 -26.512355076717 7.28801876620804 -18.6580761665438
Nyctimene_rabori -9.20497118593746 2.88363701703609 -5.82214194238095 2.43602875471101 -0.0559506443338165 1.95178096344787 3.58348158847408 7.47727873054796 6.61098617591068
Obdurodon_dicksoni 36.8394003616599 -48.2359591890734 -4.75277783932221 -1.1057944769684 12.0891465759181 10.6662440923101 -6.64629670023203 -1.86873326743138 2.24973261348825
Ochotona_alpina -7.57120285659254 20.3814685854131 7.4502052788147 12.3380303036865 -2.56381102068215 -20.2600313124091 -11.1192508360886 4.38954340473529 1.91035894243285
Ochrotomys_nuttalli 38.0334870997457 13.9273735041609 12.1161136538452 -2.17529386858239 0.830143903922938 -3.5769960280046 -7.27709102754117 0.779504147573366 5.06825511625913
Octodon_degus -8.61932704380388 37.428555886518 23.2461621160606 15.5971814653608 3.24045647092561 -15.1595229907702 -2.99196092249051 13.0315438013054 -1.60922871864046
Odobenus_rosmarus 70.7171993720061 -39.305921463444 -26.4360644563122 -6.80099757527576 21.4634875944293 23.6631193568608 -11.3903691551428 2.2078607089118 1.80330525311917
Odocoileus_hemionus 22.1366126869051 23.2179325758762 2.57323846741581 28.3644717795376 5.26162148025261 13.3011069291773 12.4086628369455 9.94825780357919 -1.7917558783063
Okapia_johnstoni -20.386487112172 -0.168006772139302 -10.878341255569 22.5251530221738 18.2106873246327 13.3979661480503 1.39566890761779 0.698393203359667 -1.37623640941672
Oligoryzomys_flavescens 44.1996583030651 12.144237108951 2.53592632849639 -1.0763193881801 -6.93841605418576 -3.11093061313553 -12.0672605121252 0.915780217697926 4.93268310216311
Orcaella_heinsohni 44.8605861147894 -41.459569423256 -20.6082181357593 -18.6388611419827 22.1573605457125 7.49877666726851 13.3704510096803 -6.21895818462694 -0.454036465207327
Ornithorhynchus_anatinus 41.0795335827379 -31.0040449334045 8.96954577271099 -2.81508158910004 16.0126299467714 -13.1599789610073 -4.69031912202309 -6.81024818324977 4.75563361782706
Orycteropus_afer -21.1113513614405 18.7813763299949 -1.52393748130376 33.527153368609 -29.1867684747118 -9.55542153847066 6.48537809456 -2.69200372061077 5.54950810837772
Oryctolagus_cuniculus 15.6019662340827 32.4934036017629 9.88156008185614 28.1285601995394 -6.64759029497797 -16.591276294253 -5.00204285209969 -7.93931968753473 -0.074205924755016
Otolemur_garnettii 68.7834446704525 21.3732129360521 1.16671896423832 33.664903689263 6.15301114930352 8.11643512143501 12.7168372132503 1.12614240299643 -0.930802831974933
Otospermophilus_variegatus -0.132369571443377 8.7880044924942 5.02778835383326 9.52474302729961 3.19854889588399 -6.53699868120137 8.71225787485316 -3.91091000426016 5.05107972401056
Oxydactylus_sp -31.6387161752671 6.38603520899327 8.35912415927237 46.2474258539646 5.47814545493288 4.88395094776985 0.435832979109917 11.8463567390769 -10.3142079086604
Palaeolama_sp 10.6808654861901 -2.14754625851691 -4.49365869061384 31.4867432219802 -14.3531893571304 11.8415156309099 9.24944030424625 8.05121152604358 -5.0302779491322
Palaeosyops_sp -76.7922630371101 65.0925348431434 -16.5073632348254 -20.1116719689095 -7.85971668314896 2.42844938507705 -5.13058310441297 4.13913116952372 -6.77750286230703
Pan_troglodytes 104.754196537293 -8.12617586192646 -15.6128407563759 48.64139412022 1.75799155649069 11.8062790909069 6.22847707031747 -4.87688838377968 -3.05696671945355
Panthera_pardus 12.615113553104 -18.996799430819 -25.4314090746398 14.8947388283456 6.20040147819707 -7.92994033092312 15.863329712289 6.44607518188571 -3.9510035811098
Papio_hamadryas 110.184117050143 -30.3862004493609 -3.01754927665107 48.1549754662806 9.32722474534067 18.2879577182641 10.8130557339212 -9.081481117193 0.157917536216493
Paracynarctus_sinclairi -0.941902801735378 -19.2364794656676 -7.31625719982863 22.550495908131 8.0530745459333 7.93386452629504 15.1944276776852 3.39283841827297 1.24790696930824
Paramylodon_harlani 2.72050421691872 17.0391900228766 -54.1292619293636 -19.6506572974889 -11.9078909464632 0.827743671125548 -1.21435123569377 17.2768416841922 -3.27899461468893
Paramys_delicatus -45.6897237771364 -23.1724523811992 11.6791179821871 2.14082046353976 -14.0998774582381 9.91048685813772 2.04769170088349 -12.3425722453282 0.69409507351084
Parapithecus_grangeri 107.911674035686 -9.22663395115861 12.2699829230905 40.816270739682 -12.8120361868698 -1.03903838028112 17.2223270657734 1.47953084748037 0.982525158811476
Patriomanis_americana -13.8982684066632 -24.5467229124398 -2.44669219952653 28.8474229684003 -13.0150502366349 8.1960918099 -21.0315663817542 8.2626030170956 -1.87790277870599
Pedetes_capensis 4.87748667887975 41.0288822812762 33.1581277811084 2.68198698852078 6.62599478826276 -2.08479874511265 -1.54997099722804 2.96095126494882 3.19201451081301
Pekania_pennanti 29.7683170412477 -32.6816052193914 -1.95280589116558 28.871275953861 17.7353567221089 8.44397469400616 8.75357609513851 6.29475961735192 1.41777011943396
Perameles_bougainville 51.182460568638 37.8431391764938 23.0453156245448 9.07803391307746 -13.1018739526607 -0.615524454867162 3.20260524477785 -1.28374808074009 0.95573017215435
Peromyscus_polionotus 45.2250981717917 8.97842779450046 9.64283896989233 -3.92409988290133 -1.82472652461209 -6.92232974270498 -7.66273432710436 -0.0351818768442191 9.20894676487296
Petaurista_leucogenys 22.633734053062 25.8465366261226 0.425141121520445 18.2633347281418 3.43237386112584 -5.15855004812669 4.58572401147518 -0.467615352832889 -0.70055057975859
Petauroides_volans -21.4887264416175 23.6485184583999 4.12931425685374 -1.03947031663365 -1.01396658222305 -4.03855220887303 -7.8574893555177 1.5951144243815 0.959892891582421
Petaurus_australis 24.4524467434937 -2.41301846142947 -2.71049378690799 3.32564864566594 -1.7493234284558 -3.83163615801747 4.66285213972375 -9.62362440734812 -3.58559668410974
Petinomys_setosus 33.7771334888736 17.8870322955293 10.3745451448818 8.18913627385776 6.14660076662708 -0.304437319692214 -1.85785157464112 0.74763225956209 7.19664642600035
Petromus_typicus 6.02288880930125 36.0445178796493 14.2586275047286 11.9226167906388 -7.21527801442437 -5.7357733879031 -15.0042563318602 10.0575259166467 -7.94234204132596
Phacochoerus_africanus -13.3394015748595 51.0861863355015 1.66986245134693 1.6843557959676 8.95453857071184 27.5710554464185 4.23431683363461 -9.64230855939264 -11.185154618424
Phalanger_orientalis 2.01976851405399 -7.55334365202349 -0.375816764574171 14.693966008607 -16.4234592380189 4.374299011791 5.56881269480126 -2.22530037190286 -1.47742336369971
Phascogale_tapoatafa 19.0985113430134 8.39272658275401 21.1006787789478 -3.52439614226564 2.12665210174126 5.62444595116672 -7.13859408460129 -12.1449189343116 -1.20576858165641
Phascolarctos_cinereus 3.96071951645515 27.8756609488313 -8.43938546045734 8.79760602286995 -8.6278177648271 -12.5287568630479 2.52662740806398 3.95827890943345 1.73383641570415
Phenacodus_primaevus -47.9014989999714 0.703460899493359 -47.6797472106811 20.5356280024782 0.00791487995787473 -8.87684637054915 0.713613890948523 4.40170802893802 -6.94159592596763
Philander_opossum -4.45748076849965 17.2817041659707 -9.70815090788026 -0.986088634431695 -15.3642135537231 0.00851316623212892 9.14512985972292 2.81378224286643 0.538575337051847
Phocoena_phocoena 57.4471556803887 -89.5860948528541 -54.0989812082792 -28.3656552022192 23.1421174500173 22.4489881366527 19.5317984171291 -6.29196390596491 -7.61650045202647
Phyllostomus_hastatus 37.3607147342569 -4.95655272032958 -17.198777005084 20.5444413792291 -28.2261874349469 -2.78008980403505 -6.33300980940025 -4.00960134166212 -8.68432160777695
Pipistrellus_hesperus 4.81720071747737 38.581651392385 17.2464095845725 -6.99471994191774 -26.218890927544 -13.6885282315352 -27.3517234777946 4.67961344353302 2.05046417642729
Pithecia_pithecia 94.4158423188948 -14.803315697259 18.566216876846 36.3853450956754 -3.64262087446386 8.63206820186994 12.2540626230557 1.639078692203 -1.24310776852065
Planigale_ingrami 32.8789568991573 -4.08404626944536 -1.97689740599713 -15.69428510668 -14.6523798211387 -9.42768002628672 -10.3840619795813 -13.4832580738596 2.37140530707202
Platacanthomys_lasiurus 21.0388168369664 14.0183478175328 7.4642720045691 13.5025109849648 -14.97382465107 2.65033016100633 -2.37126097620872 4.9270413784127 -0.489765822993095
Platygonus_compressus -13.9904388963228 18.7390874996432 5.61620794223942 7.92829033877257 5.63767329373175 22.8622740070955 -0.723594833345917 11.546049159971 -7.19695857358904
Plionictis_sp -5.24305507818375 -29.1494053108576 -4.65864944645179 23.5288644501845 11.5022313834958 6.28587091396731 -3.25054539819194 14.0834247211301 3.42824948035276
Pongo_abelii 128.116758170128 -12.7211775132455 1.1197345471157 43.8897828486099 -3.20571599500962 20.4021766762978 2.1074807629541 2.66761415281244 -2.36484967269524
Pontoporia_blainvillei 66.9840167214591 -52.1628479194181 -39.896168846767 -28.0350950010115 21.0468706670576 14.6641673426979 6.15682619018911 -27.6609469820819 2.39267184271633
Potamogale_velox -11.1528118275728 11.5034360657206 -0.298317301590892 -26.2396011059262 -19.1963423503768 13.3805958510814 -5.65966293100318 6.75489322134611 -2.6023473062494
Potorous_tridactylus 36.9617795949854 20.0748774090034 15.3807450433841 -0.00284827934370283 -6.54151044069335 -2.09489276464013 0.380771162848023 3.45385302452654 3.81796523527961
Prionodon_linsang -26.9021516026176 -25.9193180100608 -15.0832433325241 18.0995953415165 14.1212290950066 -12.5395758518861 -2.98322235854369 14.2219875087782 0.682497197756553
Procavia_capensis -10.5974830016371 30.392036921377 3.52058414419502 19.410659478202 9.76367078426053 0.055981613211271 6.92395216096889 12.4646227894307 -3.7663030480669
Procyon_lotor 43.4795533764011 -13.6657303077338 2.10481600863958 32.0419324746666 -9.6591551666335 -2.38081235043684 17.7279601674102 -4.48386112200182 1.34350997994243
Promartes_olcotti 46.1565875266045 -16.3158100220734 0.489115634707443 16.8639214263552 4.84697150686823 25.4265859499985 16.2664937445357 3.12373921807613 3.0036152424702
Prometheomys_schaposchnikowi -6.1162925293192 22.7888532841966 24.2666851595456 -8.65630928597015 0.011911104000467 1.04448952472147 -5.98168989115464 -3.98545555171541 -0.00308812970813277
Pronolagus_randensis 6.49056431723844 29.9156197904259 30.9074759281044 13.1122204828689 -6.00350777658388 -17.4311278360769 -11.1801581218498 -4.93468592951001 13.8161791636598
Propithecus_verreauxi 84.9929916600693 18.8100449531312 10.7469446050896 28.5121226194228 -6.9811276369725 0.434977206212567 6.70719890542783 3.80132227767431 4.34563309260129
Proscelidodon_patrius -1.03441953944323 25.4520559214011 -27.7908660041751 2.87459067533629 13.8343572988993 12.2661282775041 -2.25015336293841 8.76024114950898 -3.55100172300093
Prospaniomys_priscus -28.7202858735832 14.9978833189193 17.1843678146507 13.0119538924636 -6.07731473583707 -15.1352898905177 -3.71469688441448 4.66148146708122 -3.7278203027027
Proteles_cristatus -25.9365387154369 -13.959812900142 -29.9378098797259 17.9249658863492 18.5169537800448 -4.57967773576153 13.2681607497713 0.0439013468054377 0.834908834132493
Proterotherium_cavum -59.1768417533826 38.7902257618402 13.7050950374846 15.8913274537359 8.97649546255421 -3.11714151767116 4.18607806901782 24.601381161722 1.19104860934139
Protocetus_atavus -50.8409954066739 -40.9121696429807 -13.3321838637187 13.5518848743491 -1.92794925078021 6.09415294307729 8.32027764393368 -7.16963536951672 -3.50564362968254
Protosciurus_rachelae -1.44498092134755 15.8573101419987 20.5596775922401 3.35215925343158 -2.3039278323537 -9.31599387012914 -6.41818830233376 2.13356775420016 -1.24714149163544
Protypotherium_australe -16.9425175248544 67.843866214261 5.57449365285055 6.62388944556979 1.83635769551771 1.8809247461101 -19.3447132901853 3.58759932384789 -4.08994777909561
Pseudaelurus_validus -7.17659199003063 -14.9058456744583 -28.1590014985119 27.7756134550811 14.5036439080407 -5.08703911682736 14.0673919918818 5.24508817679132 -5.37339578728448
Pseudhipparion_gratum -6.69317052155054 66.865458992926 -1.12198338601437 14.3540954890587 3.63672906496926 5.67858046541703 8.88128021166142 6.50596867667862 -3.05672447041848
Pseudocheirus_peregrinus -25.8904216949252 7.96313181406199 16.8882409688454 10.1650679876565 -6.00859391478006 3.30276223112117 -3.08867828712321 0.101021239916529 2.90871938847038
Pseudochirops_cupreus -24.5853519936965 15.5705022675471 9.38171262305322 -6.7062278159703 -6.11557120407194 4.78638825166567 -1.0853186636364 1.88366585458068 2.18477570666933
Pseudotomus_horribilis -23.0097195752793 -24.9894983677825 14.5766547054083 15.9689979817233 -29.6232426679356 6.13741555875515 5.9484072076674 -9.68260064367601 -2.9035883000593
Pseudotypotherium_pseudopachygnathum -33.6319124371886 52.869606407832 10.4894907776819 -1.44545574590325 2.8302539655157 -4.33550709701177 -3.45756946023357 6.67448751496752 0.143712982922274
Pteromys_volans -5.82489565945793 26.0932716235611 17.0456255069194 10.0182220738538 5.96580231208312 4.11602658007119 2.66155006145226 11.2563464057543 8.45340505462462
Pteropus_giganteus -15.153493970631 6.80376258471842 -7.99995391163655 28.6072971669829 -1.52752209905013 -0.00380540210353653 16.1275823300011 10.7169140166125 -2.19439794749259
Ptilocercus_lowii 29.4213044300072 14.2876491879844 5.25535819821895 7.77065461139429 -15.012752871588 -3.60237809395674 2.54797243754941 6.35366802481059 -0.142568830162192
Quercygale_angustidens -61.8785276638307 -29.3528776398833 -9.85196738501635 7.64483533102538 6.49393684371019 -9.84371729011509 5.0994472505416 7.92799755001853 -1.01841217949216
Rapamys_atramontis -34.2294773508262 19.903416371423 8.179519515451 12.4578242704544 -1.71527447304418 -14.9041500720302 2.15946074536925 -2.24455307546647 0.13054023298764
Redunca_arundinum -35.556105833652 41.5034780795341 -11.1854909958837 31.0946343416931 2.8705127271301 12.2318556584684 18.6029501963115 -3.21232258530544 2.27272434381776
Rhinolophus_affinis 30.1746878398125 30.542898742681 0.535515433129493 27.1404155512007 -14.3411802290268 1.90607466306495 -20.5337473452464 14.6506531625464 -13.16319891906
Rhinophylla_fischerae 50.0543588598077 22.7006270976016 2.73681574633602 5.25623979679115 -20.8755870429411 6.98695200973815 -17.692669563563 3.38512130650362 -3.22840964148002
Rhinopithecus_roxellana 115.667338765862 -12.0839144548243 3.20028368695918 43.9861788511021 -8.78820039068227 15.9840910575476 14.952412160399 -4.00067814760057 -1.79133738474518
Rhinopoma_hardwickii -13.3585509769954 46.695316394865 22.2207120915449 17.7054313845635 -26.6253677266371 -6.6817794662303 -20.9712728814378 10.8958746791792 -11.2441680885537
Rhipidomys_fulviventer 38.8934833910375 5.16764490755063 0.443829739635813 15.9167976516574 -8.12428563529809 -1.63852029612073 -2.50211758800517 4.85492337578321 2.82094549453939
Rhizomys_sinensis -67.1649032861251 22.5622287811586 40.5313234936585 6.40555917459161 -4.99059925030587 8.9127656794769 9.38641069147155 -7.20754990089963 2.49928679970848
Rhynchocyon_petersi 12.1637730898309 54.0492803217626 19.1169758506598 17.4445580875692 -8.50718690602365 -1.1179648272905 0.128649429383217 2.01655945077328 -9.03821314918641
Romerolagus_diazi 23.2750395898192 22.0037551002383 21.5826409633742 17.107972047203 -2.85878270291194 -12.3170221826999 -6.70229572514529 -1.49537072604875 5.06154349090003
Rooneyia_viejaensis 51.8807740356895 29.7855052630287 10.3069402986613 18.5077266334046 3.93987560650019 3.29157354625191 7.2349219425736 -3.41543769870781 -3.5738314350234
Rousettus_aegyptiacus 6.31368730997848 25.8958986371871 9.92747688464116 10.0492162991646 -2.46465455333011 -1.53732863425455 1.16587956664957 8.36660671104751 4.91821808628272
Saiga_tatarica -6.56228319429566 12.7233948086208 -8.40213369624748 8.78206238604538 18.2605888593273 10.1933464894696 10.3104307634949 6.23714663437803 6.97530003304306
Saimiri_boliviensis 117.181635543615 -23.5819580791164 22.8436892407219 45.7551296112703 1.0515386678183 13.3807631470122 16.4532360185691 -3.51107797580788 -1.36980193629936
Sarcophilus_harrisii -28.1424609664456 23.0051314920156 12.8123076584492 -8.80971930145136 -15.7490974134679 7.73877337030462 -0.44126424643772 -3.52431207447624 3.58600353590904
Scalopus_aquaticus 10.7114892596182 36.1195711484322 25.6273522418277 -7.0294874141361 0.866113786009057 -8.7037727763181 -15.1648145241501 0.768114781906317 4.66408913143978
Scapteromys_tumidus 37.1302749771291 2.31249706567623 -2.04559895809235 6.83068724114298 -2.80764934059657 -7.75656471848577 -1.47330916274885 0.0177739657745338 4.74279581993597
Sciurus_vulgaris 0.19699385115131 16.8210232848617 10.6230106540934 17.2379049182861 14.1674139782723 -4.16663176365968 4.64742459114774 4.65276568591819 -2.34614045231084
Scotonycteris_zenkeri 4.07986141198881 35.0954486442011 15.5321065284767 0.749460713069337 -0.397809886985844 -3.97861644501512 2.75848753300035 9.9264797959836 9.3167535773629
Semnopithecus_entellus 74.9298427610374 -14.2034197365839 18.1670469518024 35.58348230532 -6.77307469418628 9.60787319175361 7.35058989672631 -2.32380133913297 2.47257780802364
Setonix_brachyurus 16.4266577295624 14.8543085681164 17.8909230900548 19.7713617081462 -11.7171967099046 5.20266002886179 9.08633843320332 3.47016910213191 -0.615216277683263
Sicista_concolor 42.8620946337276 22.0049911420418 4.45545091056925 -5.91944277068001 -6.14443932720376 -10.0650278057303 -5.14875427737271 -0.357093768352015 6.57541886791321
Sigmodon_hispidus -16.4983620981409 -0.548908567017036 8.51990317579999 13.6028301758045 3.28815995147886 -11.7704668301775 -0.348348939920044 9.159655815996 1.91922111510414
Silvabestius_johnnilandi -36.9132729161598 7.24450087281486 -7.73904623514758 12.9228602747901 -14.1092344734429 -1.77644218180243 5.39149651810489 -6.44248998655176 -3.14500049876493
Simosthenurus_occidentalis 11.9515688972689 22.8767308814041 6.40928594989431 7.58235458644177 -9.99653654364813 -1.35479789588825 -0.313781984205013 -4.54009078842252 5.92691725686858
Smilodectes_gracilis 28.3321100946384 33.6200397957612 -3.01898261681055 18.4016616634495 -12.8775558412052 -11.5396805866025 7.56171961155889 -10.3087146054747 -3.80426137313999
Smilodon_fatalis -64.70698349815 -12.5109667617821 -58.3192915218611 -3.63929154989174 15.2497732019626 1.27320101120908 18.2133416321882 10.0350021782226 -0.800077317395028
Sminthopsis_macroura 12.2797750469017 6.42384467098387 16.9860347740528 -18.8560709249476 -0.434717222931712 1.36098742704415 -12.6502211496613 -5.49526089985483 3.0376415284997
Smutsia_gigantea -5.49993338948343 -25.5095857588446 -23.150299125157 9.34837447936945 4.4779934160507 12.3281751665642 -2.84535038443968 3.65707670599013 6.67267496459432
Solenodon_paradoxus -11.0167044421204 28.231113533828 -14.6739846215744 4.5484545934865 -10.6636977756857 -4.26499036655032 -0.827895509682631 3.80765475674936 -5.27481663608448
Sorex_araneus 87.6462763192389 36.8081393104747 -0.19369476890857 -9.54686016115786 -21.5149200511424 -0.502576962449457 1.90553062698954 4.91979756101226 12.4120925079787
Spalacopus_cyanus 8.51086492316045 30.3990589074664 25.5848960009443 -5.82415106475463 -3.13642917433658 -9.77395420047599 -16.272505551466 1.32727725791795 5.44901710812664
Speothos_pacivorus 15.5795378318449 -21.1060799880379 -5.73246932964441 15.149818019984 15.5287472413176 0.140126616160999 15.4547233879521 2.98041479893967 0.770504090156509
Steatomys_pratensis 31.2484703245918 5.87853357545363 14.0128842038661 -12.3217599565688 -3.60200839594288 -13.9804724574795 -10.1542533227763 -0.332706172621391 10.4199256708498
Sturnira_ludovici 49.754625231835 10.8213639901958 -7.87985180033873 12.1567279095639 -5.51370082649297 13.2499824788474 -16.1242841518806 1.18376291631995 -2.65145283563801
Suncus_murinus -10.5190296271816 21.9156378473972 -3.12714457496907 -17.3796916767203 -29.2733640715589 -14.2708843619458 -0.953408832044796 -2.38009247976296 -2.43666177935958
Sundamys_muelleri -5.8719737323371 10.9878094028102 15.5907267112308 7.43686065701346 1.20862559165578 0.7554871274222 -2.33869185998284 3.1452239936002 -1.58870074651112
Sundasciurus_juvencus 30.3571866079306 22.0851285746719 -1.90049603389339 12.6179521304721 -1.95727122845544 -6.63258294723298 6.93284990463499 -2.2654626371287 -0.817500743048888
Sus_scrofa -14.2550503480815 24.132928162864 21.5284582249179 -7.24356692368175 11.9282788901549 23.9362078909115 2.51508597403488 4.13489298837361 -6.53799841837083
Sylvilagus_bachmani 20.3635809475781 40.3508452509527 31.0690760920176 13.6924244874391 -5.31482128793521 -6.42681194946741 -5.19696934359334 4.03443987697776 7.43398623904694
Tachyglossus_aculeatus 43.8556019459048 -49.6251820097668 -7.4224542479516 12.4646266166219 8.80317059858442 7.82084693442681 -0.986222595839186 -12.1960240110056 -0.251684443970661
Tachyoryctes_splendens -59.8993623218535 9.12259462324865 32.6913792706776 9.68074410658635 -2.49339203171504 -6.25157643537654 1.13200502006741 -3.30205850308047 2.60479882716547
Tadarida_brasiliensis 11.5021349633515 58.5404282839212 19.7304995909745 -2.38170658647663 -15.5673308573313 -13.6703436525458 -27.2710485457933 9.07633593801213 -2.80988097521881
Talpa_europaea 83.0807584961149 -2.92041209617716 -14.1322369546901 17.2406676837743 -13.549405383142 8.65905822382014 -0.103487357227402 -10.1640012830182 13.661420997434
Tamandua_sp -8.9984625291292 3.90801044900808 -0.516136082394853 17.0073128427587 2.36487047623416 -3.51939717986964 0.830218829800881 6.05691541764935 6.5312944709989
Tamias_striatus 18.8494278787512 16.3590396633343 6.5317835425426 -3.59427509854798 7.00648966915366 -1.42676917945926 1.4833226622002 -1.52678071123514 8.49828485379466
Taphozous_melanopogon -8.36974511449824 26.4124880868643 -3.74469321780432 15.463469138918 -18.5119114816869 -10.0801096396459 -20.8349665716449 -4.38434161197495 -10.9453118214579
Tapirus_terrestris -58.520126341551 71.8465527382187 -6.55658690545463 10.1132675597179 6.81088840207657 9.80436411855682 9.77384850583904 4.03971716721417 -0.139047630588862
Tarsipes_rostratus -4.02123704055044 -0.311190576731789 16.5585671802132 -1.1660447601672 -2.16328833028604 -4.61509438726706 -9.96561147839436 -6.03486054273376 8.59987667360062
Tarsius_tarsier 100.001319495771 3.69138076058474 8.27363433668013 38.334828618567 -3.07480222345027 6.51033987178197 1.81898069130195 -1.12752178575125 -7.47189679888881
Tayassu_pecari -2.92623247184829 22.2938900076176 11.4993326363049 0.499039030051428 6.47195112218221 9.99188424891825 6.03372520587179 2.437631608989 -3.18508849126868
Tenrec_ecaudatus -21.3603608117334 14.3858139894111 26.8220746937305 -15.615562905257 -16.211085204477 14.6980329599349 -7.19030425856135 -11.9424982780437 0.144499312822466
Thalassocnus_natans 52.1684557001353 14.4260319972941 -25.9236324964959 -0.89515068197212 0.674229143738681 12.9686630229499 -7.37062456643775 11.3516760973251 1.43816886910459
Theropithecus_gelada 101.932674689184 -0.814310440473883 16.3195500744525 42.5427295104757 0.76034454386764 13.8666236030495 10.356675996296 -5.38009799786611 1.2093883660002
Thryonomys_swinderianus -36.5497622653818 26.253780215077 19.4985203522468 9.59397600492431 -4.82114312191922 0.0837050353063105 -2.15380010597044 2.68943110761989 -1.09390759312522
Thylacinus_cynocephalus -22.1948029559965 13.6801312865248 1.58857142982165 12.6999645650466 -5.51918571640727 4.67516966649367 2.39828490254176 -0.223036808994394 6.64290349650239
Thylacoleo_carnifex 13.8696867651942 21.9981301162772 -9.95548771411612 5.83897391221452 -5.31621313685001 -4.06141238707268 14.048906408465 -7.12883837486973 5.55614920090857
Thylogale_stigmatica 9.2070506152012 10.056543140173 18.7602206326355 9.06055544825203 -11.1349251259126 -0.548575983426498 0.579348494405311 3.99175993463225 5.0234965259224
Thyroptera_tricolor 48.3651049164175 24.5369537823137 5.83980378889769 25.6999347065055 -21.656936247738 -1.45926541851152 -7.37645171424916 2.5504751616225 -16.3752296054863
Titanoides_primaevus -102.41951421265 -22.0583624782336 -22.0966355097549 -8.98777050820386 -9.50346514009691 20.7066384601681 -22.1293574359478 -2.5074903589621 -4.17791632620602
Tomopeas_ravus 25.9010865710076 44.3426964998891 6.52144123078069 8.53121455268952 -7.44434648790358 -6.34249796397546 -25.807581985378 3.07592945311947 -11.1483018882761
Tragelaphus_scriptus 5.7928278985049 32.1528714677418 9.63582348555624 21.5309221952307 2.23943602482102 5.23153433409405 2.01313754477062 6.33818231602078 -1.83037161810738
Trichechus_senegalensis 5.23914004921872 28.4559732878343 -9.08633721478033 28.6223644147396 -1.59122249244654 3.75784462641561 4.00537040392203 -2.95346986228805 -4.91539691788594
Trichosurus_vulpecula -12.0969153992263 12.2787354704137 3.61880914732747 10.5620680976064 -7.71288559990199 4.40597128482482 -0.0630763176149849 -0.816484811113649 0.61020265728609
Trinomys_iheringi 24.4470511229913 32.2642252697983 6.75910101224362 17.4872242191274 -6.30437998957459 -9.45857261321719 -6.17709983867178 10.4668737784733 -1.08718634811672
Trogosus_hillsii -48.5103668293372 25.9338227386389 -36.4533901052802 4.1436681601151 -0.00573402086501216 -3.64913124702558 11.5515788180886 6.3746747666089 -2.75148023391874
Tupaia_belangeri 15.7462774349137 15.1092082989909 8.0283831838909 9.26227952705647 -2.44020626343671 4.11028165503258 -0.315931554756883 0.268693300360492 8.11990489577038
Tylomys_nudicaudus 12.6590496597222 13.6635831227105 6.63780151157496 20.0910733480121 -15.442331367443 -7.25846027840705 -6.27938393134643 5.36625769544557 -1.56275533551037
Typotheriopsis_sp -73.1545394756696 41.2041115109889 36.9447607191922 3.65232611559327 -11.7401107285991 10.0541209740014 -5.08918735797123 12.3197910043342 -15.0356766170561
Uintatherium_anceps -72.6601245706366 42.3820229854587 2.82872308256627 -85.0004914974857 18.4016564507712 9.06567848997218 -26.0875648784413 -6.60735443297886 -7.34321698987108
Urocitellus_columbianus 2.07960821638512 15.8739798929511 12.5055888053175 8.28391535274124 7.21957629167958 1.99902109174556 4.2112335996429 -4.27412682406832 -1.09898148505718
Urocyon_littoralis 30.9014413492965 -9.53052345166678 -3.63625654309896 26.1837169938896 12.6398417495396 10.5956455878164 14.9656954903888 -1.12974428777834 6.39573668938928
Uromys_caudimaculatus -3.52440837199092 4.87233407344511 11.7780155045949 4.14518635548652 -8.67191089487597 0.851564208055197 7.53855221353261 -2.03976066411627 0.940072050184108
Uropsilus_gracilis 121.202917933189 18.6641440746601 6.10608147765216 -18.76243200096 -13.0597870829292 6.19719700703607 -11.5905390207135 -3.63324630669582 15.0016790783181
Ursus_arctos -15.3500697984566 -26.2854395507102 -18.9121623489839 4.83752158668188 -6.25088724803023 -15.5638181520444 19.0560912713864 2.03766416378564 1.52487015600347
Ustatochoerus_profectus -43.7324293787692 8.18569963364077 7.0269629743539 38.7420935013682 -0.0922158862283524 -1.1898244200662 6.79499848432758 5.86413188972597 -6.52607494900327
Vampyrum_spectrum 15.4320027998847 2.1425825310252 -16.924745613116 14.5432517262767 -12.6980776072874 19.3281126578509 -2.78336112375574 -2.80837391136397 -3.2987502447961
Vandeleuria_oleracea 22.1736720664855 8.07283864127845 12.4641000642638 6.98819207948727 -2.77659002484188 -0.34008672501737 -13.3302330834868 -0.0156868498715187 4.25468458433137
Varecia_variegata 52.2259303539818 8.11153430246765 -1.67173371894813 25.8791665799777 9.08289597007771 2.0304997764464 0.133660625902506 1.10331222218507 4.00554471315513
Vombatus_ursinus 6.99320695889211 15.1028936431794 10.1438371407655 -2.28958808668267 -6.9559506829914 5.98313911231289 3.50251989476622 -6.96352441268705 3.13093490742462
Vulpes_lagopus 30.6795952433897 -17.9045334718906 -18.2616298862783 16.3249289848488 2.48539498199813 13.4150035930867 23.9822427362288 -2.05698202747425 9.55473306105787
Wallabia_bicolor 23.4411060373015 15.5173801614563 4.99338558254459 4.96040790873322 -2.86822287481765 -8.88758683811856 5.59049191742539 1.07175316049643 2.73529152198044
Yalkaparidon_coheni 30.5854755648899 21.0968948109191 11.5992486488559 -22.9095185887568 -2.05865736828565 2.50214470405832 -4.83783369647651 -7.95154565201769 3.5887486097013
Zaglossus_bartoni 68.4933714032381 -53.4346041543335 -15.4957954135017 -14.688981794365 1.42232467052524 14.8233321994268 5.41179459553709 -15.673366033951 4.30912099668848
Zalophus_californianus 38.967586021912 -92.0874848376475 -34.7616931522803 -15.9281212561761 24.3462582242063 -7.52600358788126 19.2087261120288 11.2290065055335 -0.331679842775773
Zapus_hudsonius 21.7576466362699 22.1221730066647 17.2292984105844 -7.24818467305944 -15.0659078227737 -3.2984706776671 -8.73466147479142 1.28236430212373 4.93255287534635
Zenkerella_insignis 4.17947750699454 19.9301736870705 13.4371178260821 12.2705894533655 -3.12404741428556 0.730746827962527 1.01069333333211 4.5920075830162 -2.22056693673542
Zodiolestes_daimonedlixensis 10.5443925253314 -41.1116437722376 -16.772862811221 13.7674989845783 18.618966391301 5.64994287886591 4.29220238936767 -0.469623047831553 2.02673968471516
Zygodontomys_brevicauda 18.6376255785025 5.43301783319248 4.84006559710915 -0.992359929744539 3.88224429324755 -5.24253143457843 -2.82844332923472 5.83737649303466 7.97768766295418
Zygomaturus_trilobus 21.1563631673016 1.36542320136492 -14.9981896906684 -25.4566755453585 10.1574026600032 -11.6444681478052 20.8181001436878 1.00523699917687 -1.45425556902894
