Abrocoma_cinerea -32.0991949601808 50.2940773460536 23.8269181921399 24.6967156382613 7.8193399906388 -6.37838137036293 -8.75005946243573 12.1024773633829 -11.6926964711535
Abrothrix_olivacea 48.9840626373269 3.1492543207659 -3.4613343896383 -0.456017720626389 3.19483865220253 -9.49317686410423 -7.39382518781972 -2.26688082718281 9.55544808632633
Acinonyx_jubatus 14.7906387838632 -0.174876029395706 -28.8195842863654 10.8414081697107 10.9601590542859 9.81882550563938 9.21554774406612 -0.625641227595128 1.71197233697438
Acomys_cahirinus 31.314365152057 24.5982590174503 13.8484933493173 3.64458997068315 -12.6795686228317 -3.12474403016966 -9.25116407512494 5.00986953494635 0.131495220196385
Acrobates_pygmaeus 28.6415170742061 14.1203467977491 -13.1868546051669 -6.08604575277799 -0.70630356385984 23.0313638347133 -2.50118442252302 -0.363019999910024 3.95365300240329
Adapis_parisiensis -9.92545173005256 7.97808048981894 2.25350581298706 23.1062668371265 3.54649113545846 -10.7955879473711 4.7318263524755 7.04877992990935 -7.15670304580068
Adinotherium_ovinum -62.105441793837 69.6189354000299 19.2143776832883 -6.8278402030412 8.03477736773046 -0.109548240833834 12.5799787654672 20.0198030449166 9.12227144934281
Aenocyon_dirus 2.04404735589175 -26.1742315080355 -0.626207335693524 26.2035917249848 10.3188430339989 5.51374776670424 16.0803834873997 4.97620961884466 7.5912037357166
Aepeomys_lugens 54.380024198839 12.0016912015156 -4.24818931156657 0.231501294748981 -0.814370984743577 -0.443637290595944 -4.52273557982376 1.20873136161479 5.80509367115444
Aethalops_alecto 11.2940075365147 24.2011388077173 13.8681547822276 -1.34330181798011 -8.14683085332084 -0.861647375048057 -0.157062828390702 10.400715585097 1.85370029881851
Agriochoerus_sp -83.680553597349 -11.3443376169033 5.76736431736481 19.4403022830136 -2.69464583839001 11.0623255913263 -10.5642583520172 8.36889966693268 -8.00246573741444
Ailuropoda_melanoleuca 26.0466091449631 4.96517431906188 -16.3286001545877 40.0314169389207 -7.99063012711859 10.3944912369185 13.8717099406515 -8.59744487087881 5.39675378643245
Ailurus_fulgens 39.6040350684578 -1.74634315211983 14.0683290830098 43.7567535373648 -6.09282183395944 8.57082918484214 12.9427120756783 -0.912898652507172 -6.70285239473447
Albacetus_salvifactus 27.8443922196111 -75.8460831660772 -4.0878355963107 -29.231316157624 3.37426350737184 15.5409631155543 15.4156649105179 7.76463425051949 -4.06440550916433
Alcelaphus_buselaphus -41.0034381218996 38.9033590792341 -22.0457426276655 15.5095525247556 -16.447859362285 17.3981929103906 17.2525383496203 0.319384523220681 -7.02204514507956
Alces_alces 3.40390545649169 36.0717622910233 6.40971783901175 17.4005733332401 -3.68560461177217 13.8093131968093 0.388057673044236 -1.32845574174135 0.797576717130787
Alouatta_palliata 84.6675137235773 -16.8297219134125 4.71274845135163 43.0928583049576 3.34281478648713 4.875484161622 11.3057772917854 -3.30642310175101 1.48716211781298
Alticola_argentatus 4.76360417755578 4.00965385190552 20.601550139884 -3.49434948173715 7.06845258916824 -6.9245371680086 -7.71625275636366 1.69675875641107 1.03224213422213
Amblysomus_hottentotus 83.6191558619325 31.9058836923441 15.8911635105488 -4.04981889058136 2.34225903345494 19.8326466099208 1.637668788302 -9.93202729433071 -2.15512745792041
Amynodon_advenus -46.1923619444771 61.5569893674542 24.8077936265132 13.106851862921 -3.84448138920445 -13.0943951634169 -14.2871391802177 13.2480470738661 -2.93561632417284
Anomalurus_beecrofti -1.27822459471055 26.170622227878 14.2630833812437 16.137141413469 0.758518286772207 1.17365871155928 -7.53276129239099 2.71308057607218 0.548657585026171
Anoplotherium_sp -92.8366676386727 32.9725850190769 -38.5755534696025 36.7600270401653 9.75458048837316 4.60967519494636 -4.43851906444218 -0.840745689261143 5.55510179950718
Anotomys_leander 54.3447071293529 4.57577845485407 3.88122551848092 -11.8372250893447 -15.3371430907922 0.956621382606911 -13.1568624312142 -8.0256148754842 7.39635896547587
Anoura_geoffroyi 21.6028559442785 54.8992439594198 -9.2785594458061 3.15593464677424 -11.4280507119879 6.827846392968 -7.77647792277972 10.7237688738998 -9.59232851759142
Anourosorex_squamipes 59.6135817918854 38.693161691323 10.9299648853939 -31.507486513068 -19.1137469163407 6.58353371648278 -4.44060325703893 -5.25888303310399 18.2658726221869
Antechinus_flavipes 28.0891194786918 13.4924225800066 10.7981197490816 -11.5751813956726 -8.58870462730839 6.40026401875674 -11.89728866101 -4.01873233614909 1.27894413857944
Antilocapra_americana 38.9380122870468 26.934359051229 8.09246749928117 27.6452874344161 -3.09470238201139 10.8236959547118 17.0704988085744 7.55476158358186 -8.89301139395423
Antrozous_pallidus -10.3780573802439 45.10084139362 26.9460752426932 -2.91132365139849 -22.2805144937197 -9.72097349010897 -24.1609237534899 4.43408500442379 -1.27306664377989
Aotus_trivirgatus 90.4697132281767 -14.5298726554014 11.9885191476423 31.6978166472596 11.6393372805645 16.9718823222247 2.12554871229673 5.12298756923018 -1.5381994532481
Aplodontia_rufa -0.837421722159162 27.9252705342998 11.3911696571841 8.95186490854525 -0.928208912817325 -7.20188370160574 0.691162744690793 -12.9755675938094 1.24948850420608
Apterodon_macrognathus -57.3850374099528 -28.0832743493653 -52.0599614511593 -13.2298912056921 -9.28138714830029 14.6530910253264 19.6848449805077 13.5593670736132 0.427844755760769
Archaeolemur_sp 81.771521729606 23.3552369988197 -2.143981956355 37.2503625368006 2.66788170533027 0.566273315284767 15.9372426449185 -0.309124596425051 -0.740331196481156
Archaeotherium_mortoni -44.8944146994529 31.4376264683004 -9.0156951219268 8.79873064847445 3.29419393367664 -14.313436868855 9.18932936155054 14.9254132353528 4.76646384848642
Arctocyon_primaevus -46.9302380839133 -31.1186709937812 -18.5445222333692 -27.5053599244755 -9.98861211812692 -3.74963098977512 23.2261152741619 17.7630852998417 13.8999147033677
Arctodus_simus 14.786159111355 -24.6942734113062 -20.1370545184024 34.2475246222993 3.95998489538388 -8.60394066393327 7.31509969043104 -5.22252766711673 1.90759500712269
Argyrocetus_joaquinensis 21.502898722518 -109.341197886608 48.4150041065567 -43.6196674497967 21.518143594142 -20.0316976337364 9.00418213842924 -14.0439318432879 7.39051536208032
Artibeus_planirostris 38.063659518248 18.6354213825195 3.59642644571234 3.65914990493209 -17.6008215558456 6.14199535317382 -8.84668384471529 1.43901060915086 -3.08867022382131
Arvicola_scherman -16.6724844578878 8.4402444567417 31.665335805822 -10.8524549666165 7.95327856852099 -3.1140469665395 -6.90590965292851 -11.3358321228345 7.73601944560163
Asellia_tridens -10.1054464219325 41.6067771102754 18.8970706251332 14.4563740769815 -33.0744587048855 1.85352523654568 -16.4364912694345 4.95231200596409 -13.8725745385793
Ateles_geoffroyi 109.599177769555 -15.6324755453836 -3.71955188392818 50.608075683055 8.74273591542063 12.432770201454 21.0802681685597 -2.67286668191503 -4.10127943335518
Aulophyseter_morricei 50.6057787732691 -100.104192075081 74.1238589633769 -67.3423817092533 13.9023306385872 -5.98601060302621 -5.6513690193579 2.75956405213006 -18.1295411540738
Australopithecus_africanus 107.794574041824 27.7708122676477 9.38289635234775 56.0271839577358 -1.73696763619947 17.4384271398828 14.1566207370111 -6.3000574295314 -4.00601707982496
Babakotia_radofilai 52.4543652099858 10.0752211659161 -7.57182278389025 46.524540044269 -0.252057537185048 -4.06646962930714 11.123465505416 -2.03419622285223 2.85703582515604
Baiomys_taylori 34.5251392009713 15.0298046965108 9.52750311993211 -7.17459990022206 -5.6293903131543 -13.6660210089791 -15.212995766214 2.05554903621402 6.23566364724563
Balbaroo_nalima -15.3347682069749 22.5660455128548 -2.57739064995543 11.9031483643543 -8.33140901780652 2.88557909722907 6.0341024773215 1.58966252337054 0.86508828429717
Barinya_wangala -21.1244344848008 0.00857129658070384 13.5244019740168 0.705910955137209 -10.8089277511673 -5.10349467497954 -3.53285082166263 -5.1739240727523 3.21684685774686
Barylambda_schmidti -73.0488069864051 -1.15235196035601 -52.8259422043888 -34.4913577007759 11.0905697813638 21.9597670225167 -42.0308527513211 -5.64417026355523 3.39521602095422
Bathyergus_suillus -7.22790615646916 46.9242773167351 10.1553243983897 -4.40353419067527 0.346256675804332 -12.8060891888036 -9.91827603134128 -10.3736636719016 4.12728331773516
Batomys_salomonseni 30.5733887690275 16.1345462934748 11.9243029763334 -7.25747816791172 -3.5601473521379 -2.79392731428781 -5.87831179144892 -2.36837604630966 4.66677876923361
Beamys_hindei -2.94371894087437 20.3297718384532 10.4800089827872 4.3671855629701 1.96675711324587 -1.70057651583274 -2.5872788509671 2.38811037995911 2.44064084044709
Berylmys_bowersi -5.29157047394675 8.01159532202396 9.83130425670883 0.163362836975011 -10.134542704799 0.0760962140319399 -1.11771983863496 2.57039828647289 3.00247891087417
Bettongia_penicillata -4.47610842194106 -8.96840394625376 31.278401576879 44.5722885411015 -34.8703678598543 -25.3855255022992 18.3011513835599 -21.7973120718447 27.5299622922233
Bison_bison -32.1364402345283 13.889697084502 -17.5284183471025 18.4837926986764 8.46868299034484 29.5069035410945 0.737981781044227 -17.3901839861207 9.8644200118075
Blarina_brevicauda 68.3486317868742 27.2407115514304 3.06251723851742 -26.1927656341874 -14.3643839361231 -7.42250161240767 9.36859190163107 -7.27623242252639 13.7793978692945
Blarinella_quadraticauda 59.5365538438595 14.0425785935273 -3.64747105931227 -33.7651472532276 -17.765568375402 1.31672759148094 -3.64707326806278 -12.6890055573881 15.9940805216922
Borhyaena_tuberata -71.2209132235893 15.1397353015102 -17.0272153109811 8.03715824247482 14.068855236159 -16.701579015486 13.8026595673518 10.0139291081113 6.75701603394881
Bradypus_tridactylus -24.8402763081986 8.38618619296224 3.45765065034768 7.20130939276676 10.49257578774 14.9898665516514 -3.08038440367359 11.0503245895278 4.76534382939066
Caenolestes_fuliginosus 43.9014777673392 23.5904702849969 14.2595724329265 -20.8860392944608 -11.0757053541079 -2.36044501382917 -12.4682646274472 -7.4925695530389 1.80741516087413
Caenomeryx_filholi -13.7153767697793 21.651235703399 23.5621830169037 29.1681423784338 -5.6909379192039 5.06032201637267 3.10297503223159 -1.93462618087679 -5.92952093552008
Callosciurus_notatus 22.4523640367319 25.6107206292797 8.03650739878658 19.2774866237395 -2.56314945076191 1.81880056545638 10.2087530112549 5.42049258591235 -1.43378606983228
Calomys_laucha 39.9401351744443 5.17560853204135 -0.53365895958679 -4.012225882554 -4.87919238557923 -7.35898210385319 -7.83540324412751 4.02599891795639 8.380635706585
Calomyscus_bailwardi 46.7374929540428 28.3726801372425 -9.33329622144617 0.553264379236421 6.56299137637657 -16.8358031800314 -7.65499725998923 3.82800060873993 8.98109877384091
Caluromys_philander 20.5645416614796 -4.37000029184165 -1.35547273205929 7.2477930243453 -0.760929869151471 -6.68902745257481 3.19696344092018 -3.05425558042159 -0.0867770037170558
Caperea_marginata 12.6074373440266 -111.837167320663 18.3145891326611 -28.170784001872 -5.09615914641006 4.79852991213371 25.3095915965898 -5.4668656199403 -11.1838093307511
Capreolus_capreolus 21.7334253284401 27.5123437922261 8.87030169466663 39.6553997638748 3.13952830556741 19.5091170489066 5.67870203695864 0.907489213609695 -3.09461913322119
Capromys_pilorides -12.690605637037 30.1434919537366 1.9466252082473 7.69557910054052 1.45242807272287 -5.90776392353284 -7.59073511519865 -5.62620696201814 0.471117758774314
Carpocyon_webbi 21.844370260578 -17.579280675065 -10.9114342421694 29.2311083841094 6.47579200799564 2.21633564416962 12.8490169285992 -4.31476252063493 0.763268612754753
Castor_canadensis -13.729353228144 -4.99896569968155 6.33120320086259 9.56979207602694 -4.75924359971145 -4.46318823320629 7.03700111364566 -8.64270398720454 -0.195202934062923
Catonyx_tarijensis -5.01652333493446 21.5586830489984 -8.02510488393061 -10.3834682211094 -2.27075883331242 11.8601206988292 7.97744333409413 1.77824673631466 -3.83965909751243
Cavia_porcellus 10.5012456464903 22.1022018932847 15.4608901973764 23.6352477961957 6.82068681472586 -11.036784952898 -8.63220006346747 6.84176887208684 -1.91091437177154
Cebochoerus_lacustris -85.8943065448788 -19.6680167477673 26.7052378374892 12.8355177602703 0.703163732150129 6.46105881268307 -0.216919054710113 14.2714544694564 -0.289790213288065
Cedromus_wilsoni -17.7812110739372 36.0778274095016 4.0563658129459 9.82521987817811 7.80646266397918 -3.2724548819974 2.79737100910797 -0.992024828343596 2.34138408049869
Cephalophus_leucogaster -21.4276933668687 22.5406140026513 20.2003570348636 18.8237876848135 -5.1979500058156 8.46743923167575 10.6378385504389 3.08211397158181 -2.41435438815167
Ceratotherium_simum -66.1444897526533 24.8346931905549 -26.7578632701471 34.380920669604 9.24565276928787 6.47765268529526 0.719382893608817 16.4457318207866 -0.860075259098022
Cercartetus_concinnus -2.89868132067458 23.5215116547578 6.60593907289381 -12.2257706149932 6.56067493459393 -3.90048018200905 -9.23461630089491 2.07412448640567 6.5206566900265
Cercopithecus_ascanius 97.2842915008286 -23.9813804754021 4.80536261373808 45.6177754274635 -3.21711388026118 2.18762816550771 14.1996785850345 -4.14500517844436 1.17332546505565
Cerdocyon_thous 10.6369888891539 -0.482273306494284 -8.27366296835259 15.1764172610551 8.04467574436139 4.92264152233286 15.0284601883538 4.07696813839534 3.90290878689743
Chadronia_margaretae -24.9622517013204 -17.5038895736876 -25.5252587635771 8.9433070982499 11.2440725521983 -1.22375695768112 -1.5242251162428 0.976487549083294 -10.6761436143571
Chaeropus_ecaudatus 28.7575474863394 51.4133514612093 28.5974024175332 -0.958375929908101 -5.03536839661595 -6.82449172328557 -0.52432725063797 2.54518847453776 4.94273019953406
Chaetodipus_penicillatus 9.60282657557412 59.7000916572504 28.5508089947499 -2.57834276740857 2.15476404044557 -11.5657952387626 -4.87283090648918 8.7118789789381 3.3920074441763
Cheirogaleus_medius 50.6128781675155 8.44183481475789 -0.591925543777473 9.287020513814 11.9367521983514 -5.38171924569303 -0.700494353402369 -1.41195465736147 -0.128550420830255
Chibchanomys_trichotis 31.1153906361615 -3.15916287212686 10.8204529663766 -3.72189351232373 -13.1049610762762 6.80619497182316 -9.39535310096134 -4.11817740404844 7.34816874299644
Chinchilla_lanigera 12.9738841940227 63.2672816651597 36.127641303767 19.9672255773623 4.99827491028388 -12.4697523436542 0.936696686837421 14.1875435701543 -10.321097480317
Chlamyphorus_truncatus 124.705034236589 22.1799643456238 23.3417163661542 -3.63637890326888 -23.5722484329669 22.7107169335713 4.77783116787199 -13.4006377591566 2.6778000197278
Chlorocebus_aethiops 97.8268317789449 -8.25855184337214 5.42451847688387 40.7057267314998 3.37469926502975 1.72705554758537 15.0140359024602 -4.22853652178417 1.94738924331262
Choloepus_hoffmanni -5.74480561026657 27.5056059735643 4.36971184875931 -10.291254145933 -0.66807137321618 8.1010969596444 15.5367012700488 11.7592258596233 10.3000855762285
Chrysochloris_asiatica 81.8059539697648 17.9196221745839 19.8219573214872 -9.46279167640857 4.32628705563727 10.1103609363067 -0.283371461478362 -10.0708844892807 4.08034804573885
Civettictis_civetta -11.7565091798197 -22.0817389942018 -27.1282488832064 16.2603658315079 13.8537726657811 -7.61027773831395 13.3865526686421 15.0363058169991 6.42610338800356
Clethrionomys_glareolus 6.340626125307 5.57204703121605 20.8080022563871 -7.06546581447252 7.26360088126156 -8.37366281116978 -9.95430832219783 -0.00443499929862948 1.93029773961794
Colobus_angolensis 118.097101795406 -6.36246818187551 -7.64377459799139 45.2488596150517 2.99277449026866 6.82564065421051 12.1828784189539 -5.26649961743056 -0.884399653615011
Condylura_cristata 90.0081943434286 21.0919692118059 -2.66726082568035 5.90443846969516 -8.68978030736593 -0.948485149137308 -18.9462199195802 -0.605583923220716 13.3376148434662
Cormohipparion_occidentale 41.6475203089596 40.7570299522125 4.34374196222172 23.6639358176483 6.49431464252997 -6.95792885446306 13.2549349891205 5.65741896337316 1.64204600886737
Craseonycteris_thonglongyai 30.5598390193056 50.1295345201559 21.5948532782985 -5.79335772911688 -29.3392714730971 1.2650247274418 -23.7781575285149 14.5016942241189 -6.48542642219874
Cricetomys_gambianus -5.98143033022262 15.1183793780359 11.2567773579291 1.55844399004483 -7.11070057979898 -2.64597143257226 2.40475827168972 1.15380113138741 5.00516103879989
Cricetus_cricetus -21.9910360966261 -18.267705812322 11.8455693319524 -1.10218347749599 1.36833977804542 -14.3100731641782 4.70497274895662 -11.1995528271572 -0.00480166449004342
Crocuta_crocuta -19.3014650977949 -29.5138664261901 -0.467508675799707 18.397201976667 9.83257628324787 5.78966707752061 7.37101260701467 1.3344915728065 0.639029132543673
Cryptoprocta_ferox 9.4787196410617 -28.4656149934706 -11.8984364487465 13.7925810605452 7.00328331475068 3.25368831285801 10.0987807954499 6.21347923839621 6.09630981531269
Ctenodactylus_sp -5.60045468090562 42.6180851890308 22.0785522891893 9.42312163166231 -5.82079606563827 -6.41019811795841 -12.9845538313637 9.27612450681776 -1.61774851369839
Ctenomys_conoveri -15.3279135396842 27.7774159948427 16.1722196241929 -6.77108182002934 -8.19309937990707 -14.4934526179269 -9.76966065529476 -6.48849049414781 -4.80857981671264
Cuniculus_taczanowskii -24.2911606340258 16.9426419648824 20.7282308562993 12.3628402698761 -1.94445476837056 -5.8255391716444 -5.79446893322477 -6.585088399536 7.09614220836096
Cyclopes_didactylus 10.1970140694516 -12.8853677294068 12.9374469963918 17.6149866393739 -9.69529874638003 -2.07071691891267 0.133051632995655 2.76804414498776 -0.61546124108264
Cynocephalus_volans -59.8908265581204 4.65082188394771 33.5076979900699 50.6381455432354 -21.3126437289566 -15.4099758327535 1.101680604332 -14.563132859568 35.6241432693744
Cynodictis_cayluxi -37.3832594616738 -23.2349214616324 -10.4497941856793 3.07723237722917 15.8194694540528 -4.97641616935733 -3.56765924135298 9.92102056637115 -4.07406911878103
Cynohyaenodon_cayluxi -64.9015483194585 -19.9132256126659 -9.30377828428561 18.6710599546958 -2.87132307274498 -10.161093363008 1.62430497689701 4.6362888937862 0.262190907888589
Dactylomys_boliviensis -15.975593628359 7.97536023916654 8.2744550636334 34.1289082123052 -4.28934675814001 -8.46747647620846 -2.95309451238269 5.24001581316435 -5.20352579312674
Dactylopsila_trivirgata 19.2960924779999 3.44063771800617 -5.90772613692013 23.254116201078 -6.71107897508624 -4.34449305017465 16.248716684566 -6.23858766862135 -0.491929416597323
Dasyprocta_leporina 3.59705167090363 13.9643894360172 4.17864777119753 25.7943125452322 1.73726834782719 -6.59672787791442 1.55350942234191 -4.75446634877478 -2.2247411030545
Dasypus_novemcinctus 77.813575411552 57.7338968679068 10.5773346231458 19.0816477100068 -18.4043205649857 6.24197250151715 -1.48234778915036 1.98189439122034 -6.38672554135448
Dasyurus_hallucatus 1.78696588444679 12.9907502845941 6.38339516346081 7.94594261831101 -13.6147455270282 -1.39590138873309 5.50260354049423 -6.99038398610291 5.90812657829863
Daubentonia_madagascariensis 80.2936798161277 13.1967361943146 14.5959506360569 35.6391808055174 2.84508047112259 11.3035446836843 1.54643266580835 -5.37992486743508 0.359607239494462
Delphinus_delphis 73.0208099621998 -78.5261398592887 -28.9872921330938 -18.2430285640413 20.4156718210555 14.6045447481823 16.1111672294439 2.60824655809222 -6.26323516694173
Dendrolagus_lumholtzi 7.68303059169558 5.47550188622697 15.4016517239043 12.81652669928 -21.6634504122133 -1.64271603391391 3.02083893194942 2.3747596293806 1.64839704927726
Dendromus_mesomelas 37.720373138016 17.1447468590437 7.78937716383353 -1.83424534909891 -9.49129087256958 -4.86423498580282 -16.5743847531229 -0.0753946590717791 3.93633443310124
Desmathyus_sp -7.30755202014633 68.7836457664779 23.9892521710043 -9.3478852147598 10.2408951001936 6.24901219656773 5.30797353970753 12.16674421143 -9.27543387648729
Desmodus_rotundus 52.8660108447291 25.5846010698636 8.69814914466466 5.97346236878249 -9.14119901025968 3.08184237090403 -6.38206575328918 0.509588821897317 -5.46114459805886
Dichobune_leporina -0.590120132613725 14.6109773170459 21.694393375 31.3541147856773 -13.4113098749268 -2.69051665998989 -2.18618394094527 10.3967652463063 2.58615755784219
Dicrostonyx_richardsoni -8.31682958612181 15.6435014141234 26.966092648948 -7.19871731068473 2.80684315362247 0.602398863487259 -5.15593094856763 -2.15742068407825 2.30155924161296
Didelphis_virginiana -21.9970814085342 16.3810724941647 -0.495353184699742 9.10644750776587 -16.7657657223725 5.0855079264442 9.11510834659221 4.49900609375609 7.96851831880207
Dinomys_branickii -4.17242134974721 18.9019958187504 6.7036828554893 22.8503439374072 -3.27797639647171 2.13606605517986 11.5618799035445 -1.93268490428207 2.50362447376948
Diprotodon_optatum -20.2691480935724 34.4053774623211 -39.5217428431424 -7.96119196581362 -28.4344985681213 6.05988401340117 -3.69951792107106 7.35650944912526 7.32385987690883
Distoechurus_pennatus 22.0423050461116 45.3322655076218 3.28698443450117 -15.5367679102892 -9.66738368980885 3.12290240387502 7.45545358047326 8.32560452212156 -1.50549973212357
Dromiciops_gliroides 20.3998763802475 16.882751709322 14.6287775163214 -10.0218177676884 1.94562743323703 -0.309240236962167 -8.97293160846235 0.568488284859721 0.214751784235912
Dugong_dugon 15.829921043269 53.3107456681662 -31.1835571229274 -19.76359462979 25.4180775867299 -15.8953087239754 -14.5691608828728 -31.3484917699701 8.6820660547691
Dymecodon_pilirostris 110.167233342129 12.6987828080847 9.32173538836818 -13.0652449408024 4.59886733512283 24.4718292026769 -13.0379002058359 -13.6050495937831 12.1833904801356
Echimys_chrysurus 26.3549388822091 23.9088578280306 5.6230175653975 24.8613085734083 -12.6018496201489 -14.6245511033154 -0.414120709039877 16.3120717170417 1.54680376524813
Echinops_telfairi -19.2084290174963 28.9319054022769 16.7591433092858 -18.8426430730501 -13.3721765105386 3.1213083455569 -6.10535604491372 -1.98541492872431 9.67824863272837
Echymipera_kalubu 29.0759848752534 54.5740926231017 8.54875857388989 -24.8777939693483 -8.45582545344502 0.618661542251022 7.88995534177522 -3.79947948673884 -0.728929548244177
Ekaltadeta_ima -15.1365441682618 -0.634830921855378 11.3268639499921 2.3475707125834 -11.4648270218938 -1.44403642806696 4.40248480272617 3.42733424864415 6.29604012134907
Elephas_maximus 65.6684465305591 30.4212434030701 -18.3602840540284 30.8769501605821 18.6105051758279 26.1280903795857 12.0197561737133 -4.54507466743186 -5.29271310933236
Eliurus_webbi 14.0671009064508 -2.89914985806176 12.2710276260649 4.10568771791998 -3.18989046366424 -7.74694380064793 -6.02105828229256 -5.15937162394776 4.2919978213777
Ellobius_sp 0.0885207988940168 3.11484666549214 32.2527564594972 -21.0794758323358 8.77610412498109 -1.9801165760409 -3.60961966831679 -11.0771891506122 7.88609035859883
Enaliarctos_sp 46.8074487078502 -3.71605917982414 4.38266782939927 6.2725662119332 11.6141461292003 -25.4656196798137 19.945691195414 18.4716422288959 24.1994349738185
Enhydra_lutris 79.7947097805394 -46.4367041399015 -36.0603523357775 15.8664437525382 12.7434111585757 16.4193808939995 8.45051622199512 -8.00098704855155 9.33868409079893
Eonycteris_robusta 6.91482833489632 29.6936367103414 3.32805938534576 9.49802743556256 -11.3581165136215 -0.515925115253144 5.05423037718324 3.97439678316741 4.01513383061384
Eptesicus_andinus 15.0727700435426 21.704482765605 12.2403783710865 -4.00318082905477 -20.8929417075877 -9.924469934232 -25.5224232047673 -2.1263977111891 0.572508467313189
Equus_quagga -12.7153778227419 42.3200292669092 5.42686547580699 27.0053944444682 9.98579691958181 10.5598076374188 14.4074146176738 2.15596895999497 -1.80218999522648
Erethizon_dorsatum 11.2398416970451 12.9779036404711 4.34309080799857 19.1479796322493 -0.290472661297457 -8.73601834921633 -10.47272542766 4.96037530225555 -0.573384623014332
Erinaceus_europaeus 11.9429922309825 21.7901010407978 5.94750769962588 -15.8345555071291 2.48884033544467 4.09579245735289 -6.72219049576512 -18.1094213201473 -4.9633653810575
Erophylla_bombifrons 53.0935671300629 42.5572305330577 -5.76442484968194 8.23596944544429 -15.2376856074334 2.51420166219294 -11.0848477447017 8.08390383287647 -10.5234802474965
Erythrocebus_patas 86.1162686438175 -16.2127018125162 14.2168391422215 43.2151056830071 -4.53887163333604 7.89886020727295 15.0445959939303 -3.05480876507485 3.0763395638907
Eulemur_macaco 69.2804716228708 3.00885900786084 -17.0409317260532 31.820235606031 1.40941090150246 -2.66120721580499 20.9500970031676 -1.01488711378147 6.00662320097335
Euphractus_sexcinctus 19.3556861568348 16.9272354568172 -3.59751302012591 9.51858645552689 -5.56033850806683 3.86883720296132 6.68253431052753 2.99847835151067 -3.1235779821683
Euryoryzomys_macconnelli -1.01784664681898 17.2162144243625 14.5338614429578 4.71484583803922 -3.80422295917239 -12.0021105382449 -7.5419018358656 2.52326801085657 0.907410895727093
Eusmilus_bidentatus -31.1089479992994 -0.331214349954491 -12.4336630519727 -1.24023019654916 18.2961885405203 8.01025092808128 9.22556085916504 9.88520131094978 12.2995090215246
Eutypomys_thompsoni -22.9155062037961 -5.90207797319355 26.3498444273245 13.9656531346504 -9.57258634379676 -16.5948277899434 1.87127294950655 3.64184595865499 2.90174664679123
Felis_lybica 28.6615128822034 6.86797810445736 -26.053866349593 23.8832735453834 7.59297065563241 1.9568742199565 4.59592110393712 2.51202800189593 1.00555023358401
Funambulus_pennantii 15.0889490771404 14.9879993326723 2.96077329300219 5.77403139925255 9.67600725694729 -10.2418988243007 3.85045385120196 -0.815601181649557 -1.08011376946538
Furipterus_horrens 28.6704335889725 36.6106389309645 19.8353709838012 3.35477696591768 -19.1904208740123 5.58071088164156 -25.6981146332528 4.36290136827414 -12.6476660010156
Galadi_speciosus -12.150617491569 26.9331015623801 -7.79788593509293 -16.410532430836 -18.2298865829942 -2.65427732710646 6.61444121695069 -10.0464909706299 3.86027055879945
Galago_senegalensis 95.796520529216 13.5488925092982 3.55217295536319 40.4840893768293 8.9022182972033 4.39517493624617 1.48247126084941 2.62977519956528 -5.29791926779028
Galemys_pyrenaicus 104.347767628581 21.8323892026658 1.14573571427139 -11.4960908339588 -15.2054449658386 6.25363401267057 -6.88507982969485 -3.69270011947058 9.6007849428856
Galidictis_fasciata 33.9689380262386 -19.2125107941797 -4.96609179405713 17.2902106795625 -2.23591936712441 1.76449361173093 5.61156446166988 4.50630682781184 3.61332715503996
Genetta_genetta 0.532117588151063 -20.3397482143872 -9.73555888639106 16.7525446530856 9.96131359024568 -5.66467409698531 1.93856144805095 5.95064535919884 4.37947484042428
Geocapromys_ingrahami -6.90839249332705 26.9030807071529 21.8120011340163 14.4034327620952 -6.00229911554084 -12.7366026012713 -8.84811226200871 2.42963098080527 3.50141170689366
Geomys_pinetis -28.2127332208387 30.437681285119 40.0971509400415 3.58474104397801 6.6309644132887 -17.6105606784059 -3.81553970429529 -1.67132777220061 7.65702189168637
Gerbilliscus_afra 10.7167265754962 24.0621344122018 30.3603688996322 8.71273820318491 -3.09825040736493 0.0308741622456628 -3.79888939438456 0.292480528827207 -1.41298341265099
Gerbillus_gerbillus 18.5832302199076 28.9260136434382 30.7407055377716 -2.21329203166431 -5.94807224860452 -12.0326444187808 -12.5192350505829 -1.77274011426839 4.34459023664472
Giraffa_camelopardalis -21.5883993199159 33.4795029316986 -6.80597432030111 37.7890997896512 4.06575925946503 15.1818914859094 5.09356607964969 -0.790133597068715 -4.81917334723256
Glis_glis -1.82647589510081 20.6939117229713 8.13992113024699 3.51568106405885 2.65798575465481 -5.6561575235266 -0.398568477559182 0.691636961225685 -0.843866803485013
Glossophaga_soricina 26.266266505266 34.6704770080331 2.97312510058147 -1.51530730212044 -12.4535067834983 1.74931788457744 -14.6933084015998 10.5787340682363 -9.81730857445891
Glossotherium_robustum -6.60290528969358 3.40194662419667 -16.9887209769154 -7.83699164453896 10.7655961693321 15.5299490169257 -7.8856654363535 16.3673519540465 -6.56740442590332
Glyphonycteris_sylvestris 20.9825340500804 31.7551524283078 13.8584095636074 5.75150237572984 -19.3620537012525 8.02309424570956 -15.7187262664595 2.37467629135777 -5.17752328068548
Glyptodon_sp -15.0911258353385 50.9284919339783 -58.9127633292521 -29.6754617031813 -21.9714837896947 10.4670696344943 -2.71211839988733 24.2837818957309 2.96600113553301
Gorilla_gorilla 106.799929116998 6.38828326681343 -12.9450905062469 44.7944463376117 -2.15984485708342 5.76517036729598 21.7270210568146 -6.0098775457733 -4.56811219404522
Graphiurus_nagtglasii 25.3828469960408 20.2441757006123 4.22911568321646 -4.25267270821026 -3.84345654879361 6.40547087274292 -2.88029853460001 -2.33052587530083 4.12935420577152
Gustafsonia_sp -34.115395326189 -22.5332680696487 -13.536248166435 20.2393577855252 -3.08491822972302 -12.5189935698969 -0.49888871729607 1.30079746076675 2.13836630245499
Halitherium_schinzi -39.4677336601738 29.8039684636435 23.5729550240341 2.60287868142316 -19.5402327512298 6.31845385843941 -9.16502817466586 7.05362407638005 -15.0922954681939
Hapalemur_griseus 62.1429350855062 12.3583916322648 3.26338177968261 28.6704764561085 8.88461594654107 -0.8996271706339 2.72036873323246 6.19640828625 -2.39306431450112
Hapalops_sp 15.5932876225083 42.2422755589502 -12.0540021845404 25.2477776073055 -1.42118080851816 7.43084727437217 15.2976166446854 5.25591929369829 -10.6322525381629
Heptodon_sp -85.2345303938439 20.0241255740975 48.5868173362631 9.96047499472946 -6.18755211900462 1.66473377879748 -5.10278664616323 -5.78411169187638 4.66225507702932
Herpestes_javanicus 4.71353120917047 -41.5578809031395 -9.06542432171111 14.3775332310128 15.6393025313552 -1.06975496459256 7.591984922141 5.89921706385139 6.41000084037724
Hesperocyon_gregarius 10.327091768103 -64.8962392694413 2.99476237051101 -20.566730244727 13.9955573993604 0.774911583761746 2.40556973600445 21.6840638934234 5.75667974031046
Heterocephalus_glaber -30.3615274829232 13.2075609604979 18.4476766621592 -3.61900791341677 -9.85928758579837 -8.31618539997292 -4.54767961060197 -2.7181326317383 12.9887345999936
Heteromys_desmarestianus 8.23193452004402 46.2154373435105 1.36812015545737 10.2041986323912 2.63097027437438 -10.0655211129928 -7.52225588515837 3.08617089418451 -4.99743313802649
Hippopotamus_amphibius -21.3008954574989 37.9770205791595 -19.1107350742833 8.44295064060428 5.57120008798173 15.5986004847063 1.3642149494504 0.0900959993087856 -1.63843181224311
Hipposideros_turpis 26.7140411738399 37.5052661848544 1.14357530421244 19.8726035055479 -27.9095117440246 -4.49453354629583 -5.12709897416668 6.05057585354264 -24.0944816971512
Homalodotherium_cunninghami -12.1840610373237 47.5338832245512 -28.739883963516 30.4919697383367 2.25778380549444 4.91014550642953 -18.2272379692438 9.20352278789484 -0.155200490563299
Homo_sapiens 160.853519589221 -37.2278536683444 -14.2711340066894 81.4939016697785 -7.25525232302599 20.710608380095 16.0141521517771 -6.23706531063565 -3.67128058861841
Homotherium_serum -34.9302277166581 -29.2610928540646 -32.1031554244378 17.7493173092002 23.0779278913254 -20.0255180922311 0.647356178692468 -1.74091266864005 8.59287746304259
Hoplomys_gymnurus 40.0449608914633 31.6932291960455 3.28355000665805 32.9940535635399 -15.7164749895898 -4.49086050559561 3.06844307491189 8.93552386498774 -5.19424824182054
Hsunycteris_thomasi 46.1036758222631 25.551491167765 6.19409826913712 8.0226073534562 -22.7953828459467 7.06611888768873 -16.3510347110534 5.60335068821327 -8.95161824061063
Hydrochoerus_hydrochaeris -13.3236539503959 59.4861111171213 17.4307696818998 -7.94606227426372 22.5063095104494 8.20500334300674 -9.7331425897347 -18.5868744241938 -5.72812005398469
Hydromys_chrysogaster 18.4213666524445 -5.29439096065495 -3.97233955483224 -7.02008865772981 -9.4627063714086 -1.95431873100208 -5.25189718723059 -1.47423929873458 8.38171685597437
Hylobates_lar 104.421212555012 -12.7483319734271 -0.246638597529667 45.8222583316438 -2.63177369477116 4.87071297011204 8.68112651852517 0.193218279089913 1.918915992016
Hylopetes_spadiceus 29.0243488783651 19.9234917177881 8.75990930309662 7.10029252163928 3.01622092971602 0.274781194865245 5.15662392258119 4.3084158463485 4.40252482177146
Hypsiprymnodon_moschatus 20.3778906554249 25.2767040449657 6.09727035898583 0.137485462614679 -0.0338412119315498 -0.717325341570542 7.8262447431654 0.314478279788341 2.60029272173601
Hyrachyus_modestus -68.4474072209997 33.051058415986 -5.88737306069993 15.9829582591032 16.6502325289882 -4.47548255366912 -4.80494902478981 17.4748282450086 -1.27061053453043
Hyracotherium_sp -30.6495324031788 1.59869551105098 -18.8173416259034 -1.80494749482015 -20.9103351437862 1.12628541889026 6.69747786017497 10.0433023358638 0.966548965323307
Hystrix_indica 9.26339359783681 20.9871280322433 19.6621876688684 16.5311798491175 -2.93904254699935 -1.14790974783086 -1.66774091845748 1.6841034749402 -0.223322310210839
Ignacius_graybullianus -52.9750009846536 10.2588717051295 11.7633441920588 16.9455682485674 -23.9458210477851 -4.92989240118835 8.57023985605064 -10.1948197511798 -5.44986218649363
Inia_geoffrensis 50.1994247713227 -66.3711542282535 -25.3697910747911 -25.3291053808811 18.775412647889 7.71867084772506 8.0700850952543 -13.1761852942836 -1.49316277968266
Ischyromys_typus -44.5072948678231 13.5220144355564 3.96503762563354 19.5501060284374 -8.69328870362657 -11.2575100504946 3.89678428841025 -8.12556823901967 -10.0688786739635
Isoodon_macrourus 1.06415826407862 41.0131013073242 21.9375836692751 -6.72542579388579 -9.0680996988226 -5.90562282997442 1.86333104002277 1.55977655005832 3.14757677292929
Isothrix_bistriata -20.5079375151932 14.7032955383326 9.33048778333196 34.7292534981357 -3.74700942060023 -10.4182102626674 -0.849449610874379 13.0744536319551 -2.04324394226222
Jaculus_jaculus 14.4095319408363 78.2011384108105 22.5474529806715 4.32286931631986 15.0805328898825 -20.8454550859922 -4.06735021663264 9.78162383998381 -11.0114564256814
Kerivoula_pellucida 60.5294907277394 44.2990619615949 14.7168090996423 7.21124530579178 -17.6181782735742 5.04988793722628 -16.2357442261905 8.17284245836084 -14.6370464468737
Khirtharia_inflata -68.9064037524897 10.7689587374977 7.0344035836595 44.9810501046724 8.63431896615711 -0.584510478618342 0.182109666802489 -0.600517390343788 15.3536158220306
Kogia_breviceps 53.5153890310637 -60.6879939173211 -1.67976515370452 -17.9821510203718 34.5484675845156 29.1494798573392 6.14373421989824 -8.3108181005676 2.20848914180278
Kryptobaatar_dashzevegi -37.8161220674549 36.0691562937245 8.2337744159733 -10.383468742416 -1.10903035836069 -8.47221304711384 2.65280539895734 5.73189361939995 -3.49082715465592
Lagostomus_maximus 36.9880786986752 59.1742996875268 19.9120410126545 14.4512845822087 -13.4150260219084 0.600840919577219 3.398962768272 0.555157375087683 -13.3541333905793
Lama_glama -6.03086876819179 57.274527344006 -3.96434978771461 31.1663125213696 5.29076154913419 7.48226285241746 18.9507937814147 -5.94693226259514 -7.76471328806973
Laonastes_aenigmamus -6.74282332022355 26.6721994864328 11.8468333529449 28.9797335650341 -17.9721008023431 -5.79910051411889 -4.48408202433171 16.0708380358491 -1.27292608802853
Lasiorhinus_latifrons -2.36007793554871 30.1282769200102 6.10290466282892 2.96429722855882 -9.10924349047775 -6.28140018918998 -0.773992952072494 2.09757978878765 -2.72272711826793
Lasiurus_intermedius 10.0754044413937 26.4619231118352 0.133627362647351 -4.69855456613678 -13.5618908477535 -16.7867517848108 -10.6902073497743 -5.38240397221892 2.44430392289107
Lemmus_lemmus -13.8656445755462 11.952953702482 4.9276039972397 5.10206841362316 18.0970317404842 -27.2254201592319 -2.76737046073976 4.85823408046639 -1.201940962778
Lemur_catta 69.8564161220758 4.71450430725687 -8.86672814582832 39.1110871361447 14.8896667735883 -0.101670326998174 2.68662680638492 2.33874454062757 -3.463441404674
Leontinia_gaudryi -38.3485213158103 48.7749920782184 6.70489889762265 -18.7288925644315 19.2947797565297 4.74569135798585 -2.30569886079377 -1.40907331198324 -11.5260798580394
Lepilemur_mustelinus 39.0741295837016 25.6543944229932 12.2861975339987 28.4325437124413 4.30176069165884 -3.26422531696555 -5.38556064876395 11.0005689134454 -4.83607580886766
Leporillus_conditor 7.95891547982957 22.3513362128961 23.9152918931553 4.4598881382181 -2.83487888492744 -12.3290254076357 -5.01876700705907 0.865338774342557 -0.576949524663535
Leptailurus_serval 25.7479036347309 3.86278680008127 -14.184276932692 23.355022278472 10.7013947670949 1.91426022103148 6.90884099675942 -0.390820658693098 1.17255126697152
Leptauchenia_sp -69.1569802017325 33.1437243438491 13.0217882195151 34.0228001250971 -0.0702831538854003 5.1010038888003 8.16963091518936 8.54114564743666 -0.40595798500915
Leptictis_sp -19.858290987931 8.38990794180364 7.14667045389416 41.8665835309706 -13.7703584717396 -5.00686846011348 -4.50511790679204 9.66322914937186 -2.37078043225025
Leptocyon_sp 5.8519269501121 -31.7094649774637 -20.7470816496102 29.2812603151705 -10.9880949798319 -1.14902188384433 3.41456284366851 -4.71783584880624 1.01147363040903
Lepus_europaeus 15.1319123544079 22.511702086823 26.0864617821808 34.7633680228262 -7.32015597040393 -13.4066320011867 -3.96016021574184 5.74620498106257 -1.8074478223681
Lonchophylla_robusta 37.1148589156344 15.5911265183308 -4.73779095156943 12.7120209541175 -23.8569478907088 -1.34962494721024 -12.0904731380268 2.40773257687157 -5.27372082519251
Lonchorhina_aurita 33.7784613703025 38.0814201764026 -10.1053336363359 -2.95946499723829 -27.5226298334201 -3.13203990259173 -15.329795952312 -0.672474236920535 -14.3428957884072
Lophocebus_albigena 125.368043471294 -15.9955115474669 -5.28713932288357 43.3636326523641 5.75026103750843 4.70434968512802 10.9404948855031 -8.60775588487201 1.0286395611358
Lophostoma_brasiliense 42.4875176575285 36.2110686236941 7.45383636306956 18.7559930099527 -5.38365149861919 2.95106522468427 -22.2261045630751 8.08411597573242 -6.51519241980213
Lophuromys_sikapusi 28.2864676015802 25.1523247074636 2.33743972629049 6.57056621686354 -4.15370375605677 -10.9807564521143 1.6308465364465 4.50086260263505 0.40597084947512
Loris_tardigradus 96.7506706359857 9.98961886147404 8.90537648113002 39.6414129823074 7.77902789631304 -3.94307428210398 8.70457909810523 3.08033616863772 -4.17779378187352
Loxodonta_africana 32.9164453610602 38.8467932222231 -17.9238494570695 35.1612742514669 6.77273360598367 1.05486120160245 17.8514516889819 -7.98741635210238 -7.52468786022838
Lycaon_pictus 31.6312028478352 -12.8304440988135 -2.16212011396414 27.8296466324477 15.9219174044379 3.81580683265163 13.3627008608322 0.00842873267405467 -1.5236066815151
Lynx_rufus 38.8400421148749 -4.71057861662655 -23.5103165481121 22.8996160622912 6.0308493065548 2.4803767726314 14.7743941261723 3.56335667108987 2.8251130749169
Macaca_fascicularis 108.736086723942 -11.179017396389 6.86207725498863 37.3142551096165 3.17079203536786 1.85314228555242 14.7727503689181 -2.30807973805424 -0.340845892133974
Macrophyllum_macrophyllum 46.401620605255 38.7345464425516 9.1377430604779 1.44731161135062 -22.8410783021577 8.07933495170782 -17.8148790476492 8.01054166682797 -9.72965434859292
Macropus_giganteus 2.49997473684125 20.0602001728732 26.1816670444511 13.2614901042099 -10.3589750023888 -0.0103129805255148 10.2591492297633 5.08250318158241 2.53024291683684
Macrotarsomys_bastardi 22.4940992688497 13.8399489136941 20.1285954581022 -0.828333712283722 -7.39331555863715 -8.86734091104575 -10.5999020094286 -2.38721727738997 4.50258599225856
Macrotis_lagotis -17.0866509630447 38.8361837899944 29.7482103795553 6.19026768062693 -5.36996473000593 -2.3445708643663 9.20073006237653 -1.57910787825601 -4.69101050905198
Macrotus_waterhousii 43.1385075970472 47.2090823583062 9.56091953780933 16.3153365699501 -25.9003851392257 -3.52862093444486 -14.9547798136827 3.64002496438465 -13.4715641843499
Mandrillus_sphinx 99.4099591070444 -15.0435816942244 10.5316475161705 45.5148889325593 1.90849695385208 20.8890512807427 7.74921136015171 -4.49570437943044 2.93001260698961
Manis_javanica -18.004935722298 -35.9599383206246 -22.8950056639878 -21.2677722826335 10.5876776292384 10.621129217221 0.797163728289908 3.61958023180244 2.73815670543918
Marmota_caudata 17.8256090545255 16.8506499705511 5.73626851460808 7.50728488985593 -7.01348808133827 -12.9310907041971 9.81545950407231 -6.8289527931668 -1.5604359210806
Megacerops_coloradensis -35.7961181528085 73.2299809171711 13.5462307907047 -19.2171837659427 16.0887104662056 11.2770516054858 10.7688254398272 14.016335025159 5.44901338672163
Megaderma_spasma 6.66370057140527 32.4687403498907 29.8327785893242 25.6188664026063 -26.2827809896283 10.8107191825996 -9.52828084108388 14.1294337688811 -11.8959291900275
Megaladapis_madagascariensis 39.1492463142863 0.698699768646311 -4.43582315285676 26.0721465968681 -1.06597412079789 -6.70630843507209 -4.35831063176827 3.39377124012028 9.14347507842988
Megalagus_turgidus -0.304572424345371 24.7679831230692 12.7616170205773 31.7021712418056 -18.2713434172403 -7.88910401670817 -1.01393685389982 -4.19515501981023 -9.89952746990014
Megalonyx_jeffersonii 47.0528624714012 25.9466102810565 -18.9066161432733 -15.5307336754238 -6.00720282370984 20.0179121707381 7.13742301028025 7.08528117984531 8.25800672816285
Megatherium_americanum 17.5537462287648 29.612671291339 -38.741485868635 9.55257506307854 -1.67835180103851 20.3375213412383 10.536703305129 -0.234455525769697 2.35769986010534
Mellivora_capensis 13.3726333040205 -41.1865515154269 7.49724346219584 31.9882138101911 4.99844574934796 -7.46729816317262 12.2541634384528 -1.95214361303856 7.47690232969156
Mephitis_mephitis 51.1063898753625 1.27276268772211 -0.163965127242018 8.65729542143962 -4.74295106134265 0.10591057128011 4.4107186652057 1.88562341582707 3.95092345976246
Meriones_libycus 25.8486212439398 42.8672858442816 -0.238475558892304 13.2087212360103 23.6893540042023 -37.1023681165613 -10.1653825279003 2.49533041453498 4.19317170650492
Merychippus_severus -19.3012442076135 58.4720483653282 23.4300187645968 13.8721792827407 11.473959371145 5.08353313352213 6.49704610533557 4.50877067817185 -6.0619607614488
Merycochoerus_proprius -41.7785088792635 42.1931032144908 -11.7624859710847 13.7258687254634 -18.4997673851356 -4.71575745189469 -5.09452193379034 13.9542654949024 -10.2421626204121
Mesatirhinus_junius -70.4811425104115 29.5133370810501 -19.8572863925191 4.90370307661566 -18.7345223231386 -5.43338462202302 -6.22541764109241 3.43952594107289 0.12384249592924
Mesogaulus_paniensis -17.9060896118087 9.65308480233229 27.0076168935401 -2.94944376702444 -7.16187060871015 -8.74651918234799 -9.56133439234858 -7.06460169325914 -3.16213327508356
Mesohippus_bairdi -30.4179294040842 34.906963987616 15.9477129572043 23.1492824696048 5.1832353588247 3.84514949523509 0.769915390431861 10.6476502492366 -5.99535018553063
Microcebus_murinus 57.7389937671144 15.5243091227257 5.54427829116336 12.5401777267597 5.77805429808796 -0.0586309814148811 6.64642118408638 3.63798015137587 -2.87001618094022
Microchoerus_erinaceus 38.7729655197511 31.6699133702926 12.4755041893407 16.5655504005893 12.2765861055276 4.5345423276096 12.3003642355146 -3.61548164024501 -4.86182891955262
Microgale_drouhardi 39.6971966818747 19.9155096658587 15.9059311503028 -35.5391518221044 -11.1142065209119 1.72983431879106 -16.0427721610537 -7.00603412074349 5.24484471411997
Micromys_minutus 55.0219216319064 25.2696894096755 2.02054211528001 10.0594356007762 -9.20863387099266 -14.8911554042758 -7.74135608116839 7.58661735122005 4.73580570400988
Micronycteris_hirsuta 34.1680913301754 37.6904356332464 12.1582661473473 17.4926210456142 -12.0675951140263 7.79957939623858 -15.3109194222446 8.48366662861838 -11.107149853837
Micropteropus_pusillus 2.09958928260496 13.484925958743 -2.93697510708822 0.526886187248676 -8.83874990566409 -1.86968059024108 0.13193457410778 3.35251142524221 6.59826302896204
Microsyops_annectens -38.2035900507638 -11.9360462562089 -0.98332610537042 -3.9052839470393 -14.7731059826683 -3.1801244482066 8.32310703789782 -4.89101292249449 -4.01566636714122
Microtus_yuldaschi -1.72572065343213 18.026152381088 20.6515547929705 -18.133089388768 8.46320428128077 -5.80516830599134 -11.1320432418303 -9.71148419595491 9.43267618113441
Miniopterus_schreibersii 15.2298729412252 42.9632124509341 19.875877103314 -9.53837452771724 -10.6290898374261 -2.99545270900809 -21.6753167945881 2.58983471822782 -6.47182062390566
Mirza_coquereli 65.3855043197869 9.69929237687305 -4.98461774183177 15.71900607548 0.316890298721292 5.62150244755649 -1.02816058168007 1.58540405465357 1.33260766088179
Mixtotherium_sp -30.2342736141169 -3.63549219767047 -27.8126554008994 -3.64922993435267 -44.4482379104336 -17.7040316011174 -12.8000209398815 5.80817844084194 4.32411029965156
Molossus_molossus 30.0225394950301 32.5535542520856 12.4321089568311 -2.44220181424823 -19.3810693022895 1.53364601589739 -23.7115025069986 1.89869599281042 -4.88853023054111
Monodelphis_domestica -29.6921890745657 7.99938891926319 9.74383381036286 -11.9647707313574 -14.5416906709167 -4.20033948704731 -3.02340452174367 -0.303392836533327 1.80804481465011
Monodon_monoceros 70.0353768290616 -45.3793311291277 -15.7453029295425 -47.348809301049 19.8007961273435 6.58327484049615 26.1537445293586 -1.48436025204937 -3.10785029726612
Mops_thersites 40.8296114608419 21.0006256616712 12.2563162998157 -4.5905825812614 -17.0713828687414 -5.61963685275063 -30.7760920164359 -1.43762539506057 -5.27102567478714
Mormoops_megalophylla 36.8193404609176 30.0803610665087 15.5702211164699 -30.2645059274112 9.68523561427222 -1.85022063853458 -25.5262543737708 1.22770306044257 -1.57611294048704
Mouillacitherium_elegans -10.4665214933289 11.1042402949457 11.6785584296658 21.9279861624443 -8.51099433390887 -1.33494815467357 -8.71221166112112 7.79364091825291 -0.768554465230231
Murina_cyclotis 47.6690747246985 46.2393127008792 14.7212207376964 0.109448238104006 -2.25611423826314 7.35393895811121 -25.5179615708112 6.90904746919931 -5.52032448457699
Mus_musculus 20.8578308576965 11.1467772519623 -6.18057951200612 -1.5353891641882 0.716734814772333 -19.2974332212587 -7.64483186629696 0.429239207720119 4.39744381531274
Muscardinus_avellanarius 36.3649116558621 19.9553250436435 13.9479785595648 -7.92440805322519 -0.898164651013636 -6.93306538091472 -3.44682314561417 6.16365380735899 4.08573995108002
Mustela_nivalis 34.3110890445134 -29.0193531044999 0.46410603706256 9.32902703626876 17.853902016649 -5.3194267487824 -7.26503297117236 -0.407795239531283 5.55748346321391
Mylodon_sp -3.41717876451623 53.4561158887103 -36.0974028582125 -18.1490356708378 -3.08561864812105 10.8697724482144 -7.35060601630325 8.96291803808338 -2.06388155247621
Myocastor_coypus -0.256159336707621 13.9152293817909 12.9534524503899 11.5177547550307 -9.03710989901718 -10.8481825911519 -0.0520210847904412 -0.756094289996898 7.94152832751296
Myosciurus_pumilio 43.3443086834418 30.1153566450547 5.22839756826657 4.74756651600077 12.0090321681845 -4.31118157123875 -3.10753101033328 4.03403542093745 -1.50217734791714
Myospalax_myospalax -21.2170846838186 50.8335464744619 48.7186872643116 -18.740431724234 -1.18010774648636 6.18927778039956 0.728855780281932 -15.6416297840587 -0.75100389316712
Myotis_adversus 24.3032817468155 46.8625242370133 28.6997162281005 -4.02203142162857 -18.9635266256246 1.45918085980229 -23.8040623194727 8.49098799858413 -7.30599166762407
Myrmecobius_fasciatus 7.80312356769598 14.5375616674689 25.0140486586549 3.48638140661522 -11.9039550490472 12.5336480739026 -7.12288400991105 6.14654641157061 -1.88517012264651
Myrmecophaga_tridactyla -36.3951074990847 -8.09900105668683 4.79119647787748 24.143690812641 7.79459858001339 -4.94828002101544 2.35564998577137 4.97407733301542 3.7020650448717
Mysateles_prehensilis 0.65383355058376 18.6981923412901 8.75605300753488 15.940300513344 -1.28085538877893 -14.5531673505579 -14.1490642432626 -0.140524365375736 3.40547821873626
Mystacina_tuberculata 48.0179961377364 39.1548132980714 10.3319314910785 -4.0557522357013 -18.3766590263921 -0.456169389621945 -20.713398413189 1.8457578579273 -1.59554107063896
Myzopoda_aurita 14.8149568164805 30.7229043187258 4.67836225466763 -10.7908648856121 -12.077217242525 -9.83493922840101 -29.2955083081626 0.74144366295816 -10.734633254156
Nandinia_binotata 7.67946482084025 -19.4445844472468 -21.1697524631174 24.2929831529155 1.26923800862311 6.79431953158539 10.8126978643032 4.69555824483233 0.522309369716313
Nannospalax_leucodon -23.9822148339817 1.44820705839667 50.4965470955728 -21.7343747351854 3.95562080802125 -1.10871993742432 -2.48377659909368 -10.6727634011597 -3.15057045504331
Nasalis_larvatus 93.6199697628659 -17.4702849864276 -3.83450622946623 35.0155413701985 4.30677225857699 14.9251897013138 7.33288742733183 -2.70880109803891 0.431742135335311
Nasua_nasua 45.6474919340516 -22.1340237451889 -11.8643496206015 28.1123187938721 8.0076977673241 2.99058201966381 12.5695774478846 0.00260618336200247 0.1468714080773
Neacomys_spinosus 31.6549801816626 23.3507190338665 -0.714557787606222 5.42121051554239 -4.43891040227094 -5.47380430148583 -6.27242598194479 5.57857473397225 3.54747096838017
Necrolemur_antiquus 65.9413236023247 39.0328008344507 13.8969424766305 19.6352538025477 6.81287614006772 0.984468412036074 -0.0531930706083338 4.62583450047936 -11.7168896581752
Neofiber_alleni 3.22393439020933 4.24918164746926 7.35554626165034 3.7540581785409 4.44102565269799 -8.50719561912367 -1.83793950264873 3.61006278306976 3.89291515053471
Neohelos_stirtoni -33.6959993290003 7.98748894873672 -31.7234686021908 -18.5610902323754 -7.85421195005954 -11.8697882998535 15.6471595491275 0.557390359725435 -3.11969290185315
Neomonachus_tropicalis 67.0404096484685 -75.1225255145518 -48.9819620776461 -27.8200164650205 17.2052016058655 21.1616556659797 16.3119939483194 3.21624156146424 5.98503490674703
Neomys_fodiens 68.2299997124177 19.013348597217 3.43924028504249 -18.077961288959 -34.6843362880913 -10.9600407779339 -4.10469121519446 -6.30283753370123 10.0155653877512
Neotoma_lepida 27.4910377627118 16.4243001633905 22.2598320965569 -0.708011459460347 -1.44683092909125 -1.73988865811358 -5.06622486295922 6.00492264249917 3.28348609025419
Nesodon_imbricatus -96.0271928619648 59.8318432537591 29.391978246244 -12.9577165425954 7.9356231772154 25.8875964923887 7.70359799598856 19.1260562189767 21.8890479506014
Nimbacinus_dicksoni -32.9416010837075 -3.39302583248753 11.7398133627483 -2.06993249471393 -13.772502733419 1.5973071330447 7.82931545312902 1.11464003105159 11.0907239470868
Nimbadon_lavarackorum 15.1531022456541 -6.13418378823382 -26.2360839053812 21.3124455199844 -8.95540405622029 -2.03561055914105 -3.79341058748491 1.93043356415696 3.05566774051622
Niviventer_rapit 19.9777584480396 15.5532501524438 5.00116375197523 10.072205711872 -6.20869711867064 -2.0861984256322 -0.5842699713389 1.10156174827119 6.82175095199705
Noctilio_albiventris 44.0885975681781 17.3775621500287 9.12116090445732 -9.40899967298504 -17.0694217020983 2.38199196026754 -25.4435524764773 7.0971324294823 -2.56266392245747
Notharctus_tenebrosus -4.37089533395625 2.01972783373296 -6.79336158951446 33.5559998108989 -9.41686280270932 -5.73490405076116 2.20606527129512 -1.6592969173576 -5.23528035202568
Nothrotheriops_shastensis 45.5581290887772 46.7619266608059 -13.0115838981811 -1.48009743051293 -13.9926145511117 4.48688340925133 17.9517484008495 2.54163858763422 -18.7957307014868
Notoryctes_typhlops 78.30428286477 27.3544769913701 22.1666877347302 -2.88121212853515 -3.84246235917691 0.886238346056834 5.60915145399506 -0.572705360100709 4.90297893244218
Nycteris_thebaica 13.6945430259381 51.6331655422899 26.6510674047546 31.2583332738384 -13.8857068694831 8.1470228466363 -16.9461027244666 15.3431755363658 -19.6986217007234
Nycticeius_humeralis 11.2916382544262 28.8600847860527 25.3845172211366 -8.66945491476776 -29.9505296349762 -1.04027005011876 -20.2672726783161 1.08341253252964 -0.93376396322146
Nyctiellus_lepidus 25.20445827449 68.5718036516127 20.5148402696577 -12.3270003242623 -15.6023560574803 -13.2630848019127 -26.5295850687953 7.28974582615509 -18.56110028015
Nyctimene_rabori -9.23357338306891 3.06271719579441 -5.59545458895331 2.61380526011884 -0.0567695248920459 1.94775956845617 3.5972402547891 7.45740980865426 6.66473001091381
Obdurodon_dicksoni 36.7958821630464 -48.0216456837624 -6.38880205163747 -1.30792469591911 12.1417467756662 10.6631713803259 -6.65374886309046 -1.8513258993941 2.18755248268276
Ochotona_alpina -7.54780091044821 20.0669672174768 8.4550866742468 12.2806470338623 -2.592982533956 -20.2531577613776 -11.1241181785906 4.36930424888834 1.98785081403167
Ochrotomys_nuttalli 38.0593930162649 13.5742869259516 12.3924054504908 -2.41936525471712 0.808086907324301 -3.57167135261461 -7.28114504080088 0.763178472932175 5.07873256909618
Octodon_degus -8.54397120768523 36.6049489697291 24.857107430449 15.2295241387294 3.17678169699946 -15.1447244608141 -3.01856820687629 13.0221877183106 -1.56262626026736
Odobenus_rosmarus 70.6024124755582 -38.3745444984964 -28.0171463407868 -6.42378467842117 21.5436307475031 23.6465855600917 -11.3636925906285 2.21935345409912 1.80816758467715
Odocoileus_hemionus 22.1498726049149 22.9660185378571 3.96933266022456 28.407397661232 5.24877220584991 13.3059018694766 12.3914439710547 9.9561703041134 -1.80000063618937
Okapia_johnstoni -20.4237396662643 0.0519352263125866 -10.1860489173937 22.8016894089244 18.2252331743255 13.3922394201631 1.40580690514593 0.694567503492862 -1.3031571033589
Oligoryzomys_flavescens 44.1984092556485 12.0710698172014 2.77148080029542 -1.0830076459639 -6.94496137753034 -3.1086735085908 -12.058756014202 0.891362875235009 4.99840495175585
Orcaella_heinsohni 44.7599564979822 -40.650849311117 -22.4262687402297 -18.3726239023281 22.2159211404272 7.47612143911336 13.4037102283893 -6.20557917492298 -0.428763251159153
Ornithorhynchus_anatinus 41.0825789562887 -31.2313225468295 7.86216551008318 -3.23839905973647 16.0262123950881 -13.160617465513 -4.69736493741709 -6.81779367025326 4.77224776028727
Orycteropus_afer -21.0967079079439 18.5710829127239 0.0087138563119914 33.7161540403214 -29.2004625809179 -9.54790473972663 6.48047253901475 -2.71809828584392 5.60555910363445
Oryctolagus_cuniculus 15.6434903130696 32.0020507165873 11.5432156195228 28.0440808064442 -6.6758951364263 -16.578876725806 -5.02879032140851 -7.93206188120625 -0.161327158312768
Otolemur_garnettii 68.7970574866831 21.1086731229077 2.51718286662303 33.7242314899119 6.15460170514832 8.11806108577515 12.7044613526252 1.13375995977351 -0.936552822652335
Otospermophilus_variegatus -0.121141529074384 8.57239257121084 5.58830275900632 9.4606933654646 3.18355600128535 -6.5371592901046 8.71168310735387 -3.92079473501179 5.0445164478423
Oxydactylus_sp -31.6010684797144 5.84891117288109 9.84355956790271 46.063531624833 5.46463860675559 4.89894052647894 0.393760214552969 11.8649717914361 -10.2806756158281
Palaeolama_sp 10.670412383736 -2.19224135977763 -3.80425501272632 31.561740529625 -14.3394737738343 11.850259599769 9.22127056267914 8.07134442948973 -5.06379933830619
Palaeosyops_sp -76.8610072486394 65.8061917964966 -14.8252869178024 -19.3379304465654 -7.91077321521912 2.42757314817657 -5.11230161026544 4.14722968858291 -6.83918777445375
Pan_troglodytes 104.716906904168 -7.94968126305183 -14.9456331015461 48.9125131397506 1.82054678905741 11.8056044959506 6.20822108195159 -4.84255975805888 -3.14553865074743
Panthera_pardus 12.521930320763 -18.2535618146407 -25.6422153804055 15.4010551136574 6.24499113348833 -7.94043280552796 15.8634254459092 6.47556368083857 -3.99201063899588
Papio_hamadryas 110.180641335516 -30.5920311642618 -3.07292623950443 47.9769110707548 9.3946437224285 18.2900503210244 10.7781660299284 -9.03991685917135 0.00650562361079265
Paracynarctus_sinclairi -0.971045451080725 -19.1277981627959 -7.2919872656988 22.619252583446 8.07882160243605 7.93061653258845 15.1860006891482 3.40404171773833 1.22299022396411
Paramylodon_harlani 2.52991872788897 18.8826784744758 -54.0467825733451 -18.1825006418479 -11.8670774204438 0.802425413113867 -1.14432716903942 17.2601170528663 -3.09277234588015
Paramys_delicatus -45.666161490821 -23.532951767842 11.1548810176362 1.74286098557407 -14.1057752853175 9.9189533190226 2.03412462919172 -12.3481220977457 0.676118001570483
Parapithecus_grangeri 107.958985896676 -9.8787433870806 12.6616704900535 40.383911551507 -12.7899598469689 -1.0254977168787 17.1669666977475 1.51590314253727 0.818449314702734
Patriomanis_americana -13.9072258695346 -24.6273248005072 -2.46429773373863 28.74776678044 -12.9850410107232 8.2089980259234 -21.0579931898067 8.2694650858239 -1.86032188569045
Pedetes_capensis 4.97527654158099 39.9901788054632 34.4938597225511 2.07123101533184 6.54864982123115 -2.06828111874106 -1.57741193706204 2.94637370865844 3.14698694601835
Pekania_pennanti 29.754011271645 -32.7697344454024 -2.28976514727592 28.6977826560433 17.7750302934692 8.44375509792251 8.73029321427917 6.31752961277301 1.36091153636618
Perameles_bougainville 51.2569420860823 37.0493068848508 24.2877618713324 8.69424998778869 -13.1513740360814 -0.601232319863626 3.17967812632432 -1.29138202375945 0.926766306708802
Peromyscus_polionotus 45.243159137723 8.70215538930359 9.71865598747077 -4.12306993036342 -1.84026772260783 -6.91966277080068 -7.65805022170636 -0.0635382757403552 9.24145930375401
Petaurista_leucogenys 22.6375664052757 25.7142714947336 1.66524452798871 18.3934689861848 3.41598201053562 -5.15757175634477 4.58426797819121 -0.472131291423305 -0.670382587675745
Petauroides_volans -21.4842150868511 23.5410812684441 4.92302573635165 -0.997194736362532 -1.04497319117662 -4.03511708217697 -7.85228357985905 1.57907236252801 0.995996760770574
Petaurus_australis 24.4329289374219 -2.3390614082597 -2.7415013708547 3.3746716006518 -1.74269651969575 -3.83384079418487 4.66514577833438 -9.61749344121925 -3.58123136638043
Petinomys_setosus 33.8041110505968 17.5178773160623 11.0580260292395 8.01214523498207 6.1269740801896 -0.300553367426356 -1.86309710911998 0.734256297218625 7.17691343978289
Petromus_typicus 6.06871036866483 35.5274455475982 15.6584252806366 11.7574156847307 -7.26073168033284 -5.72064144140438 -15.024544522806 10.0553615733382 -7.8821253533769
Phacochoerus_africanus -13.3432795062168 51.0741753979145 3.3114333876177 1.89519148152739 8.91191411169778 27.5753388185522 4.22946356334024 -9.62024893714755 -11.2864510401523
Phalanger_orientalis 2.0158986654429 -7.63434026056332 -0.233524817269073 14.6652287897715 -16.4159377890488 4.37937016998637 5.55755925199035 -2.22229476599044 -1.48543637989572
Phascogale_tapoatafa 19.150596674927 7.77471541710602 21.2128907460559 -4.02265352360676 2.09676757644567 5.63405829298098 -7.15247362363812 -12.1489259432174 -1.2298020289406
Phascolarctos_cinereus 3.93337619799887 28.0789460842102 -7.31249612642964 9.18236864025109 -8.64553749063849 -12.5303533409432 2.53961154221881 3.93647323283644 1.81748834516531
Phenacodus_primaevus -48.0553334789575 2.09655326861138 -46.9157611077231 21.7561086888483 0.0522325389789294 -8.89305754697452 0.747497544678837 4.40269187723652 -6.83288366415062
Philander_opossum -4.49582181343589 17.5952838580635 -9.14898299049157 -0.626757986641586 -15.374951240035 0.00582638371251288 9.1595412035255 2.80008606308334 0.585147134829636
Phocoena_phocoena 57.2262000654591 -87.6445271992307 -57.6923659601156 -27.5430247553845 23.2849207198555 22.4073495640943 19.5918955817023 -6.24689280886687 -7.5818734259427
Phyllostomus_hastatus 37.3089144613734 -4.55483251595082 -16.9587588556133 20.9279624777679 -28.1898053154893 -2.77683607568577 -6.33838669571554 -3.99397145517835 -8.65792417933598
Pipistrellus_hesperus 4.86435262175071 38.1000088907757 18.1831289788587 -7.22900628614691 -26.2714250182267 -13.6689491937451 -27.3701269728731 4.66357442006323 2.02600679917052
Pithecia_pithecia 94.4763296308043 -15.6036035438403 18.7042237042278 35.7556541059467 -3.62546824281744 8.64799677434559 12.193370480331 1.68038118990011 -1.41433916165203
Planigale_ingrami 32.8532754553015 -3.914523920715 -2.58902603870584 -15.6691665005833 -14.6474620734275 -9.4291040478003 -10.3680512457814 -13.5007878753597 2.40944925630571
Platacanthomys_lasiurus 21.0628594288634 13.6916726016233 8.18305257372376 13.3898268865688 -14.9893904211192 2.65964630063081 -2.38341737298448 4.91728972972422 -0.443871891597324
Platygonus_compressus -13.9809678100539 18.5449409111638 6.44715960223001 7.8800404000028 5.61488260301554 22.8683922086887 -0.732254875351331 11.5507836342338 -7.1429137437159
Plionictis_sp -5.26718133296007 -29.1120423070023 -4.93325612750527 23.4562224729381 11.5358207934301 6.2878402902418 -3.26882271156545 14.0955325832468 3.39650624233961
Pongo_abelii 128.127624987957 -13.0322725138385 1.41611523023422 43.6924482282478 -3.15559579605296 20.4115625962737 2.06667629338955 2.70274811467921 -2.46469969645768
Pontoporia_blainvillei 66.816766461627 -50.6903055319938 -42.3501425515994 -27.3515103508393 21.145280429533 14.6293368221568 6.2224657513604 -27.6552773623387 2.40201721418998
Potamogale_velox -11.1753226245257 11.693679584612 -0.572883215834737 -26.1474589710501 -19.2155108453086 13.3808217222411 -5.63821311179159 6.7362095903733 -2.49736866725648
Potorous_tridactylus 37.0002833266118 19.6042911803586 15.8951249486079 -0.295698793176251 -6.57493151022202 -2.08556956895105 0.365854048625126 3.44329601480616 3.79066072719647
Prionodon_linsang -26.962016152978 -25.5180049358516 -15.2961441848815 18.3276908648865 14.1535923396169 -12.5441815727172 -2.98668479510324 14.2306257157275 0.715149135111627
Procavia_capensis -10.5861475437412 30.1783869260109 5.02343086279597 19.4874530229282 9.73209635437441 0.060327770964675 6.91193903593917 12.4676437635225 -3.73189939449373
Procyon_lotor 43.4911558706925 -13.9465438830899 2.3878858028005 31.896927488207 -9.63901172184459 -2.37635302184653 17.702727654385 -4.46976965919372 1.28783828439599
Promartes_olcotti 46.14838800382 -16.4117735478312 0.27707010244185 16.7175576841902 4.87315377400792 25.4269411686153 16.2501541011861 3.14163251412028 2.91857087264177
Prometheomys_schaposchnikowi -6.05650818867538 22.1211448157667 24.7472081170971 -9.15470931507103 -0.0413611212540379 1.05801976538816 -6.0036835578509 -3.98675578586481 -0.0789232263543957
Pronolagus_randensis 6.58760063928026 28.879424087646 32.1016161294021 12.4793157778868 -6.06019475443087 -17.4101779545488 -11.2202118292241 -4.94823982333742 13.6408157636493
Propithecus_verreauxi 85.0334957138163 18.2852642401945 11.7832620988617 28.2942756706996 -6.98671756629483 0.445629859142296 6.67529032584788 3.811892267443 4.24444527426818
Proscelidodon_patrius -1.13316454701854 26.3390882380894 -26.8688081329274 3.70574243859988 13.8454885494517 12.2527373853796 -2.21470387838376 8.75164817053292 -3.45527090635321
Prospaniomys_priscus -28.6693512376543 14.395595765776 18.0642304810119 12.6683908805867 -6.11853740443323 -15.120291456565 -3.74636973287272 4.66777637658542 -3.74893295769345
Proteles_cristatus -26.0367257875932 -13.1230286815321 -29.7262838014906 18.6280815276391 18.5590227490314 -4.59971397651606 13.3016768966373 0.0411055670159112 0.934143587761075
Proterotherium_cavum -59.1328134867921 38.2737869175127 15.5579796614418 15.8010216917029 8.90976219941258 -3.10804705996922 4.1759530834544 24.5735608813622 1.32119274437789
Protocetus_atavus -50.895990745402 -40.5479507734966 -14.0681826267551 13.6762402150438 -1.88847683234124 6.09003374410505 8.31854239493881 -7.15436835209843 -3.51515011383001
Protosciurus_rachelae -1.3895729710367 15.2095246765609 21.1532832131015 2.92265159996407 -2.34826221062127 -9.30270948593784 -6.44039534454904 2.1237523611006 -1.23095699289118
Protypotherium_australe -16.9235556508126 67.6458793110439 7.89513840431449 6.85730263935206 1.77358715425603 1.89027556001598 -19.3409829339971 3.56685472107946 -4.02034132491341
Pseudaelurus_validus -7.26988870763297 -14.165520873559 -27.8379980930813 28.3844084316778 14.5505356078232 -5.09895801893675 14.0705794530714 5.27436419136131 -5.38141946879067
Pseudhipparion_gratum -6.68959559680585 66.8061391661189 1.38924095729907 14.7706198512806 3.58059817197043 5.67951591288752 8.89242841779215 6.48600213628264 -2.97477954056711
Pseudocheirus_peregrinus -25.8414347716045 7.38072192621862 17.4740914852314 9.79665084638384 -6.03936743052051 3.3146306399498 -3.10738830704033 0.0910220279973341 2.89498968225803
Pseudochirops_cupreus -24.5680591080235 15.3311538034038 9.79703712655645 -6.82994278709803 -6.15063787212498 4.79087525590022 -1.08041429240837 1.86052298505776 2.24284447585145
Pseudotomus_horribilis -22.9685555216316 -25.5367131523156 14.2388636680984 15.466329786946 -29.6242180183355 6.15437693172798 5.90917477684135 -9.66997892810783 -2.96949941683253
Pseudotypotherium_pseudopachygnathum -33.6038472566191 52.5621283761337 12.2408872768887 -1.38577254121172 2.75980279842829 -4.32943535569413 -3.45121574060161 6.64313681238435 0.227640834019589
Pteromys_volans -5.77201132657592 25.4880898322443 18.1862345686193 9.76067939700948 5.92073983384612 4.12186500669333 2.66026793497468 11.2214783237194 8.53670197642842
Pteropus_giganteus -15.1745906831087 6.88259969563023 -6.98216258333077 28.8490725907107 -1.52456860911158 -0.0030127653678872 16.1148634244226 10.7300561764759 -2.19822713545047
Ptilocercus_lowii 29.434121701716 14.0724400566467 5.81250855612403 7.70998526702729 -15.0281754532744 -3.59544475205708 2.53706690718089 6.34901310433024 -0.116798327316377
Quercygale_angustidens -61.9271713060335 -29.044509456928 -10.3371366174746 7.74544559951799 6.51125289711171 -9.8467028153818 5.09439951754523 7.93748034918591 -1.01027832419384
Rapamys_atramontis -34.2058189875698 19.5804130590951 9.24575512685951 12.3830473148607 -1.75165737491995 -14.8972514734075 2.14757398998262 -2.25243348600954 0.135844976837439
Redunca_arundinum -35.5769023850703 41.6452879524146 -8.93769244234598 31.6394372594137 2.84965417469899 12.2276331385866 18.616087447303 -3.22500543764223 2.29004684316021
Rhinolophus_affinis 30.1838648814835 30.3630087735897 2.04675668657333 27.2565197010543 -14.3538593851773 1.92199712579818 -20.5598713005688 14.6641820987703 -13.0946182160316
Rhinophylla_fischerae 50.0603841310751 22.5763393333221 3.40449022566063 5.29044172364186 -20.8859499218985 6.99682751268817 -17.6955603609667 3.37206624917852 -3.15630332074455
Rhinopithecus_roxellana 115.688834263546 -12.481575800449 3.57681082991448 43.7685393402371 -8.74537480155364 15.9914749903473 14.9146126481475 -3.96669437551359 -1.89911822474128
Rhinopoma_hardwickii -13.2802532317082 45.888320744115 24.102686750162 17.3990394317124 -26.6901786727452 -6.65422047942372 -21.0121016025313 10.8979812726775 -11.2070375146798
Rhipidomys_fulviventer 38.8935347523077 5.04997368562329 0.908988208194593 15.9193640434198 -8.12044814934753 -1.63426270852176 -2.50890575491192 4.84601447031759 2.85300651892105
Rhizomys_sinensis -67.0386615946491 21.2512402876607 41.6099506545804 5.56257810083955 -5.07212598462008 8.93171455367902 9.35734811939873 -7.22763067364005 2.49580039763721
Rhynchocyon_petersi 12.2313598098659 53.3378012332565 21.1894407193255 17.2552237257378 -8.5707844130183 -1.10143328337213 0.101307808557245 2.02083473546556 -9.03030858181016
Romerolagus_diazi 23.3438240026968 21.2250708359649 22.6162140648333 16.6672398949427 -2.89543272010252 -12.3017799891483 -6.73401553226499 -1.49785306930281 4.9733514515742
Rooneyia_viejaensis 51.9134476666411 29.3577307335531 11.5401761531767 18.3726195003365 3.91670125087646 3.29926528955614 7.2113016285969 -3.39713045641852 -3.66067517557788
Rousettus_aegyptiacus 6.34423110224698 25.5165636600195 11.0026123406462 9.95531967806191 -2.49843576364138 -1.53161498925979 1.16270884536851 8.34392146544502 4.9757404310418
Saiga_tatarica -6.59553417447716 12.9435828555968 -7.68926298094831 9.07789999828131 18.2599954664478 10.1829685607032 10.3331390117309 6.22102287446208 7.03033844170749
Saimiri_boliviensis 117.259621247236 -24.5861833349423 22.8892791688982 44.9612825650549 1.07861618945548 13.397089742409 16.3857471471131 -3.46499269445176 -1.55405085447343
Sarcophilus_harrisii -28.1119582044341 22.6607562797814 13.4089099252544 -8.96752336319268 -15.7958100853825 7.74596197858433 -0.434866946863472 -3.55717046147207 3.64781814212237
Scalopus_aquaticus 10.7806139867319 35.3813078854167 26.5282534603006 -7.48322293280733 0.803825238280778 -8.68978170017183 -15.1804896937395 0.751439034024442 4.6197265919161
Scapteromys_tumidus 37.1171545490359 2.33080846368149 -1.87405668036506 6.89033945760169 -2.8016743530688 -7.75816776562526 -1.46685481578521 0.00363351803841749 4.78791745424807
Sciurus_vulgaris 0.226046140519947 16.4034556684062 11.6172148561031 17.0530358773829 14.1395970512936 -4.16068713022441 4.62795198741577 4.65906842886875 -2.35489695350637
Scotonycteris_zenkeri 4.12441837515011 34.6022481917391 16.6593444126977 0.56950170474023 -0.448458159804261 -3.97292548699446 2.75764457288412 9.89757720900119 9.3455817878562
Semnopithecus_entellus 74.9928041492143 -15.0075069323244 18.3925509707289 35.0012913969169 -6.75949799980854 9.62185998011401 7.30616474619765 -2.30727508952158 2.38311212187112
Setonix_brachyurus 16.4860354100609 14.1642791930238 18.8006724985637 19.3971403214657 -11.7459747617088 5.21647757210329 9.05496712584403 3.47527159804948 -0.659524513754887
Sicista_concolor 42.8656094187763 21.902879604375 4.88270148898425 -5.91481676574612 -6.16521688858007 -10.0639199315593 -5.13946116114471 -0.381334259455944 6.60908706296025
Sigmodon_hispidus -16.4778590851537 -0.886267442638594 8.93879038684889 13.3952466844258 3.27105728841351 -11.7643405437433 -0.363253900635891 9.15216793172935 1.96150468358018
Silvabestius_johnnilandi -36.9396591414325 7.4125841640387 -7.04674907724763 13.1827875747128 -14.1156388708278 -1.77460944531574 5.39258405642574 -6.44724961534019 -3.12348050785694
Simosthenurus_occidentalis 11.9703592146515 22.6219094592237 7.29298787164452 7.55579815524513 -10.0211431646896 -1.3497206432202 -0.313813727782574 -4.56117167849738 5.92967865125758
Smilodectes_gracilis 28.3298050476992 33.5842600291434 -1.58617044869089 18.6588794700061 -12.8932882374735 -11.5367902534997 7.55571716127329 -10.2987061339308 -3.8554726903351
Smilodon_fatalis -64.911451051911 -10.6135730420506 -58.4914870823389 -2.20646496332469 15.3091760946853 1.23954467410953 18.2790470340172 10.0332220249492 -0.684648478358009
Sminthopsis_macroura 12.3108025855687 6.02996287705121 16.6980442648193 -19.2406911591747 -0.467678558990893 1.3663024107794 -12.643789532858 -5.52590222159683 3.10962050563934
Smutsia_gigantea -5.58130881776942 -24.8484045926757 -23.5935236937187 9.81981245603597 4.5274535081217 12.3128818134896 -2.80367087361028 3.62391651670423 6.87073801990648
Solenodon_paradoxus -11.0644165792343 28.6589102655631 -13.6135819553323 5.09625657879989 -10.673043959675 -4.26915709965067 -0.806330845226859 3.79660721446836 -5.15438864808826
Sorex_araneus 87.6412206477854 36.841687686195 0.458051944729022 -9.34357017295238 -21.5314309493686 -0.504696739257297 1.92888619812029 4.88514928146737 12.4508962705651
Spalacopus_cyanus 8.57983035842016 29.6565145017326 26.3318949696267 -6.31207293122697 -3.1935517159581 -9.75832507445396 -16.2929979910491 1.31324151088072 5.38484042506133
Speothos_pacivorus 15.5485400576753 -20.9881412891605 -6.00521616768278 15.1538343202287 15.5546621503728 0.134838562102014 15.4450423008688 3.00093692129906 0.715140505242515
Steatomys_pratensis 31.2739140718132 5.53480479542993 13.7947743217772 -12.6523470719389 -3.62489305709472 -13.9751182725289 -10.1569657312379 -0.355260105403201 10.3954223620099
Sturnira_ludovici 49.7266878447616 10.9938285480833 -7.37577718058039 12.3871970390789 -5.49777852063141 13.2514158345766 -16.1152654212371 1.17296816695599 -2.55719320192134
Suncus_murinus -10.5417164610187 22.1240154841898 -2.85764600800169 -17.1522173493032 -29.2999460914917 -14.2691111293708 -0.93975691921404 -2.39359152543355 -2.37961374106037
Sundamys_muelleri -5.83036777956741 10.4667183543668 16.1631974698591 7.11011574085148 1.17658616114483 0.764816531559933 -2.35364165104159 3.13681168542175 -1.54315615592703
Sundasciurus_juvencus 30.3507722828642 22.0617427170904 -0.956309881771266 12.7821445013447 -1.96722453052765 -6.63305695634018 6.93329577193401 -2.26589973774359 -0.80839343838653
Sus_scrofa -14.2051791230835 23.5479117835367 22.1438424534765 -7.66019555003874 11.8754178380891 23.9455328705844 2.50118723225528 4.13510933300635 -6.5236451623104
Sylvilagus_bachmani 20.4636936546126 39.2942603998954 32.5833320313885 13.1183820356367 -5.37955887324313 -6.40667274822257 -5.23295104321123 4.02216539323889 7.34565003339548
Tachyglossus_aculeatus 43.8140147138999 -49.4352072179144 -8.76689985936585 12.3291760561121 8.86598752714302 7.81679834851002 -0.995520381514241 -12.1707669537954 -0.322531924002608
Tachyoryctes_splendens -59.8013021817763 8.05206512472531 33.411506815413 8.94170992554128 -2.55485365087257 -6.23340230762135 1.09783072509134 -3.31273716465085 2.57491023179117
Tadarida_brasiliensis 11.5615891714207 57.9506986110574 21.3960434282863 -2.57244919779751 -15.636643424194 -13.6505401837698 -27.2903130830437 9.06391282592036 -2.79484048277534
Talpa_europaea 83.0387746949532 -2.61452553991932 -14.0171131658188 17.5565750993095 -13.5044761439184 8.65275480581213 -0.0860029766386348 -10.1801399980389 13.6125538423282
Tamandua_sp -9.00135814738351 3.82050431937283 0.104043422125771 17.0525879644236 2.36282356200979 -3.51875809743921 0.829490724981653 6.04536318129712 6.55010655809496
Tamias_striatus 18.8584629587483 16.1822737842774 6.94496226866316 -3.65859403661998 6.98403620966744 -1.42887153943938 1.49599547582473 -1.55324373707588 8.52240365314847
Taphozous_melanopogon -8.37865805483034 26.4410149603319 -2.53721938069842 15.6943915136406 -18.5257971384798 -10.0691583910634 -20.8458467470486 -4.37647714051024 -10.9152464614459
Tapirus_terrestris -58.5309249968656 71.9690462921607 -3.80219561979429 10.7454313966295 6.74878147329795 9.79767055884304 9.81310900218454 3.99705441002661 0.0569120219212895
Tarsipes_rostratus -3.98188650274337 -0.808952583112591 16.5502848267442 -1.57604134604709 -2.18729319254694 -4.60690322457859 -9.97306922463773 -6.05909154169933 8.58524994889351
Tarsius_tarsier 100.034096979087 3.19966402923636 9.0078955489725 38.0579155300197 -3.05476809482803 6.52399227605739 1.76824038759925 -1.07822740343404 -7.63648703664331
Tayassu_pecari -2.90184334419577 21.9604606983291 12.2254519822617 0.325157929460023 6.43615076651639 9.99716279209523 6.02378449903926 2.44022840366284 -3.19659111950218
Tenrec_ecaudatus -21.2916964420113 13.6611703837124 26.9003799509292 -16.1980556367281 -16.2609771102691 14.712779569686 -7.20346691894235 -11.9532739940529 0.0980754690171071
Thalassocnus_natans 52.0730252465146 15.2727449541159 -25.6423487830931 -0.204325345456778 0.704051567337237 12.9586980806625 -7.34317717544336 11.3443028604016 1.48393790263025
Theropithecus_gelada 101.994492725754 -1.6045102836799 17.0486762090678 42.0587495600292 0.775252131424347 13.8791059121996 10.3105635356885 -5.35351710286067 1.07345347010529
Thryonomys_swinderianus -36.493886553132 25.6196302755739 20.6276669845495 9.23848854655079 -4.87240941220629 0.100829222677838 -2.18883271231969 2.6984630020679 -1.2022235447242
Thylacinus_cynocephalus -22.1928270976369 13.5665558361597 2.40854712305518 12.7402703534224 -5.53479241915208 4.68012918983451 2.39128092307891 -0.231328904604489 6.57061809417251
Thylacoleo_carnifex 13.8368118882971 22.2561731176702 -9.09694497931353 6.23843743939013 -5.32362074755225 -4.06984571394873 14.0737789395628 -7.15049051698815 5.60085401881326
Thylogale_stigmatica 9.26269014907897 9.41128822980111 19.2740082687948 8.6459093024645 -11.1647922677584 -0.536207783489311 0.557883318317144 3.9797776084584 5.00743645578975
Thyroptera_tricolor 48.3920743311699 24.180134856695 7.08615508823666 25.659897628081 -21.6710615798246 -1.44370656916136 -7.40577295792625 2.5684894627004 -16.3076437022393
Titanoides_primaevus -102.51602941173 -21.2273902517305 -22.7255200341402 -8.54867168403634 -9.48057375096264 20.7067511932384 -22.1145528681415 -2.51241434940762 -4.14723266071008
Tomopeas_ravus 25.9222436933659 44.0849585912696 8.04105545044125 8.60133921755272 -7.48354585332644 -6.33083139020451 -25.8107624363225 3.06171268009026 -10.9982924130718
Tragelaphus_scriptus 5.82775009792077 31.7169320493599 11.1883448377215 21.4642472658805 2.20510308000814 5.24000836679652 1.99907904460794 6.33205148542543 -1.79747358542386
Trichechus_senegalensis 5.22105245603547 28.542126258296 -7.42399461863202 29.0260847180605 -1.60042616028211 3.7569315160539 4.01592871627023 -2.97243531298035 -4.76455734551594
Trichosurus_vulpecula -12.0874893343764 12.0997896964763 4.32386797034211 10.5535653798835 -7.7283546680626 4.41036783790696 -0.0639040840807427 -0.829943833933276 0.665267258023899
Trinomys_iheringi 24.4708755052573 31.949384241721 8.118999996555 17.4728643995489 -6.33201329418741 -9.44781963690936 -6.19761971497913 10.4691489659803 -1.10374464077769
Trogosus_hillsii -48.632454718953 27.0754053266086 -35.3275517259986 5.23336125501401 0.000759239465380756 -3.66517875797697 11.5900750318891 6.36906678129408 -2.68761169692703
Tupaia_belangeri 15.7695021267698 14.7904889841021 8.72198757149114 9.15446282568067 -2.45857775506723 4.11361207194324 -0.31344995091357 0.243108682643669 8.14444938256082
Tylomys_nudicaudus 12.6826033342056 13.3297790022482 7.52431110591843 19.9888057821684 -15.4575018054853 -7.24610995677973 -6.30167698784412 5.36376685073117 -1.54012385717638
Typotheriopsis_sp -73.0459522024221 40.0728006602693 38.4788902757429 2.95356651558923 -11.8378260979412 10.0847032117841 -5.14396212837257 12.3317608009567 -15.0392284821005
Uintatherium_anceps -72.7146571735121 42.9403863997621 2.22244728410609 -84.8163188486172 18.3219836334797 9.05742968057698 -26.0308749078022 -6.6404630427187 -7.2421360197324
Urocitellus_columbianus 2.11309915485761 15.4394168405603 13.2395779548935 8.06247874287672 7.19061660929493 2.00337297600366 4.20379229229493 -4.27946035208493 -1.08121593426888
Urocyon_littoralis 30.8893411079614 -9.57747632325199 -3.31130004570025 26.2064723691598 12.664706792631 10.5908724813409 14.9624453605578 -1.12623912176406 6.36479993586719
Uromys_caudimaculatus -3.49454051028402 4.47751510731617 12.076280972515 3.8945370121387 -8.69589135258651 0.857387358545563 7.53108646770973 -2.05250092854887 0.98209297069652
Uropsilus_gracilis 121.206812951311 18.5769637691833 5.83075345756877 -18.8530599288372 -13.0587142631218 6.19605471142399 -11.5706581894715 -3.66233670108503 14.9734503581438
Ursus_arctos -15.426404269853 -25.69241309183 -19.5100530155814 5.17378455236976 -6.22081817577188 -15.5722464272845 19.0591027684957 2.04756473216515 1.50297869450508
Ustatochoerus_profectus -43.7023894159872 7.741112555299 8.4085596720033 38.6107250340497 -0.111816282331975 -1.17636616130455 6.75563060287882 5.88285154583131 -6.56509501725312
Vampyrum_spectrum 15.3784943008442 2.57459530779881 -16.512400443545 14.9814595904128 -12.6703579300596 19.3244961394756 -2.76594025675672 -2.81562214395678 -3.21602015520997
Vandeleuria_oleracea 22.2059334643002 7.64802790606378 12.8266503808282 6.7055070721876 -2.79230120522517 -0.330969615684445 -13.3410290609974 -0.0302292599336792 4.26375077031715
Varecia_variegata 52.2217596513772 8.00916549558763 -0.901808110711537 25.9270859294047 9.09582508185093 2.03171344385689 0.122862614300107 1.10943647173507 3.95285472092752
Vombatus_ursinus 7.01632808579501 14.7979570323122 10.567382322231 -2.44346993167451 -6.98398030349629 5.98647490448061 3.50763545709622 -6.98704296904165 3.17603615268571
Vulpes_lagopus 30.617233588956 -17.4362681764551 -18.4428611717864 16.6800174636496 2.532479575121 13.4013610705156 23.9977032907049 -2.05265598107927 9.49064754769458
Wallabia_bicolor 23.4490342954262 15.3400740550876 5.55341121857372 4.91277673392482 -2.8876857353523 -8.88430811681143 5.58270297520566 1.06750383480142 2.70087053363183
Yalkaparidon_coheni 30.600562542657 20.8913135594741 11.6077127750323 -23.081285541909 -2.09389381664684 2.50285699348701 -4.82183206138707 -7.97932614879169 3.6316976410054
Zaglossus_bartoni 68.4125846099421 -52.8195779673007 -17.7276832972777 -14.6412569992476 1.49761549450113 14.8089745531842 5.43047370290052 -15.6580200219279 4.2528589736744
Zalophus_californianus 38.8084966450923 -90.8102336358211 -38.0696067012548 -15.6155100697255 24.4550226867415 -7.55213926861228 19.2244299312655 11.2704896539359 -0.362405861864268
Zapus_hudsonius 21.8021501130136 21.6280463231028 17.6613656250596 -7.55652444408211 -15.1052858364232 -3.28797110002646 -8.74018944483552 1.25716329052735 4.96158995152521
Zenkerella_insignis 4.22079450608672 19.4310045896314 14.3789201608463 12.0497685108825 -3.15663963829115 0.739643238825793 0.997145868037253 4.584207278028 -2.1675251811199
Zodiolestes_daimonedlixensis 10.4756130716061 -40.6367278212519 -17.6849675233074 13.9386634994931 18.6795431151241 5.63818883263196 4.29942216504514 -0.452358324122456 2.0156869906345
Zygodontomys_brevicauda 18.6399877239031 5.29856899902501 4.97538798540329 -1.08107965385347 3.86954826764225 -5.24261909511122 -2.82178024645723 5.81276313843206 8.03286988900818
Zygomaturus_trilobus 21.0782695674605 2.03247136451963 -15.5872061149701 -25.0677247939463 10.159250697774 -11.6619506776278 20.8487881588907 1.00680869311576 -1.4177612415935
