Abrocoma_cinerea -57.7885159867445 -25.9940147643266 16.1487139919778 5.49971148616111 -3.06595791168986 -27.6271809136131 5.09039127405577 0.812577210924414 -1.25634235337475 9.8365159856376
Abrothrix_olivacea 13.8052546429873 -11.3791342968336 -14.7413626285552 -4.8937191215929 9.31762185762521 20.0899192873131 -0.779483273672892 10.8527711219877 9.3051932845333 11.2326003880642
Acinonyx_jubatus 9.43956733326602 3.06144757491237 16.9643120312234 26.1088941883586 32.941580287264 2.7172670471185 -11.4909521740905 -11.3929173264245 -6.02864939117454 -3.1328035874952
Acomys_cahirinus -0.541010197393996 -21.7111772445309 2.19631065391168 4.1689576508595 7.13460442708233 1.1011257905717 3.29042585327557 19.9182200746129 1.49446494805276 3.57237014662089
Acrobates_pygmaeus 34.7225842905622 -28.6598530594398 -4.46109000421047 22.949855208863 -23.1222386801378 0.798535837562961 29.5625656742797 -0.339865612950791 6.80965691094874 4.59045459889515
Adapis_parisiensis -29.1255061284457 -22.594465747229 6.58522558246555 20.2839907254799 9.59230023285818 9.04195128918651 -10.6487669942413 -2.79948976035009 -4.6076208255802 11.4232979473452
Adinotherium_ovinum -66.8183065456644 12.7932549592485 -22.2638073098778 -0.111117601679001 13.940437817695 -8.76726448458625 2.93344081965452 4.19717789976744 7.24938684544216 12.4003262591906
Aenocyon_dirus -24.6169787816062 16.7100060618135 -1.69213639380757 20.2099579003864 25.8360576391014 10.1616171325177 -24.107941445336 -13.5413570160937 1.42922935300366 4.57194477538447
Aepeomys_lugens 20.8585153329449 -10.4168849002676 -0.0213686848924533 4.17783852858377 8.63308764959827 17.2547326069019 2.49632822339231 13.2231820885384 2.95105470030663 8.89999871923872
Aethalops_alecto -6.8243408591296 -9.92269849875307 -5.31259547740407 9.10183865294245 19.6235900345607 -13.8592978398709 -1.65849980496987 8.27690834585037 1.41243572575762 5.94612661976613
Agriochoerus_sp -6.42878856293717 -8.80764691862174 40.6305680202316 -14.1490707051398 7.7981824971408 -15.1055615356471 -8.38659711742337 -1.12087079393037 -10.1069013020941 -0.638224160493177
Ailuropoda_melanoleuca 10.0708260940669 9.06592156211475 8.03127952450948 18.4209006679458 29.2754686250859 3.63958687645939 -5.28816767510657 6.4320856342396 -2.01737521099462 4.72052297792107
Ailurus_fulgens -10.6090806581167 -9.80412154692518 21.4231170782656 38.898227604529 17.8514815179354 9.11377554672885 -11.2463655502125 2.13895266559347 -3.18553039008047 8.07477612222222
Albacetus_salvifactus 72.6955352694511 34.9772258953285 9.43115387747411 11.4909591339105 -20.9219753979652 -1.41288791073446 -15.8944742202569 -2.33826277729139 0.0305085881832486 -0.791299994107685
Alcelaphus_buselaphus -9.38727113513917 22.9007466889882 -18.2971810070175 20.5943785115531 27.9977661404115 -22.7862207420988 -3.75659397538551 -0.241910548999332 -1.17439615866135 -2.77397109098316
Alces_alces -43.7109323242507 17.6398765605468 -0.330349479005955 24.5730223210654 21.3908327709533 24.6453902367429 -12.4359270757828 -7.47161940205167 -11.0257940765077 3.80710980859248
Alouatta_palliata -9.3558615253838 13.4076518803143 3.0782021293616 51.6669811294121 26.5894904801695 25.8187734517471 -21.0391184364403 -7.39277315364507 5.59531423140095 5.55167518022095
Alticola_argentatus -4.97188885817275 -14.7463265138263 -4.03463643064855 2.48189574578657 -8.14331995980955 8.62144785487097 -12.9860730694708 2.73855456083363 3.58883582227873 5.94454001527475
Amblysomus_hottentotus 43.4260516545479 49.2585923247078 -11.3824015647941 -4.06248207942203 3.73306152415993 -0.563080399201511 14.3178696964809 15.0835789754081 7.53329780253939 -0.666983342025322
Amynodon_advenus -57.0907958937512 -1.49932719365066 12.4512995157511 1.2881132743972 -3.3772851108699 -31.6338979785883 -12.6644556426877 2.41112892165077 -5.00422792287353 10.7898237177897
Anomalurus_beecrofti -34.6248615285317 -18.4609741789019 11.8961421342709 18.7734845261131 -0.537025562488978 0.326312318067364 -7.26059335103191 -8.37393287055067 -0.316404692240814 8.04988163360554
Anoplotherium_sp -34.5084677172001 -6.60719158915022 19.8824122927028 -20.5934398871488 8.98334813227606 -20.7375263386023 -13.8444512161935 -4.10586081375515 0.664238012934901 4.85023747468516
Anotomys_leander 29.8728460569759 -9.3289807341612 -2.10886858110547 0.439041029544004 -0.389083994856206 23.2059792652393 -12.3673573248854 2.42086011710331 -1.54665195837364 4.90578292620415
Anoura_geoffroyi -26.3620817288306 -9.13802430350159 -20.5470749633316 -11.7364080652218 57.0372297173433 -5.08073135569923 75.4167504376751 -8.48869961408678 -3.58359365958921 23.3709841118224
Anourosorex_squamipes 37.7946383175154 18.0621520893057 -33.7909590470545 -14.5684252350325 -1.840968166457 10.1969571737225 3.42631041446907 22.6404211979392 1.87568597829473 -1.70403220419327
Antechinus_flavipes 14.9599439702868 -7.56353738833241 -13.3499869199924 -4.81616703837867 -8.40919100536061 10.7244532447897 11.8597378170604 2.79109292562598 2.25149272335839 7.27225001139228
Antilocapra_americana -23.1735311772829 10.1047464989837 19.3670099023164 44.6875763772527 40.0433140576882 0.143316917256526 -5.81438703190494 5.07223294512145 -12.2180110042329 2.00935413496097
Antrozous_pallidus 6.08008259909387 -44.5643614461392 2.9392392982989 -22.4195713809801 4.70727738565212 -17.4131055020743 -1.90575005043552 20.5349427183276 2.37283103206289 3.47985463617687
Aotus_trivirgatus -1.95445151426959 28.5016860558886 14.9267795356779 33.7192128758445 33.386840583446 34.7096216072179 -8.4571159068421 -17.1322592391397 8.4132057903804 7.1822709359093
Aplodontia_rufa -4.27975531926254 -21.6507858990025 -12.9799012922921 0.970242713090831 -8.74985187598564 5.69151244153949 1.17066738232803 12.2470397093141 4.14444571392509 13.3710036565975
Apterodon_macrognathus 30.7475304616364 -16.5644899958781 -0.946973577391898 -6.20690113748429 36.8553345483489 -20.1235386744362 1.4447427961064 -11.3650172208595 -12.1399767335013 4.54843409597754
Archaeolemur_sp -13.6885263193605 7.44953886257729 -3.47698949382142 51.9134735561798 7.55615413906325 7.15638181203598 -9.58712792226108 0.17462094642693 0.153585775325146 2.99286476282129
Archaeotherium_mortoni -47.2719181237654 -28.5956576446436 16.1210473314155 -10.1099799899991 -1.23199674250312 -8.51028838740743 -11.4790155830806 -12.8901751255342 -7.46709453004337 12.939601341021
Arctocyon_primaevus 7.02931570670316 -11.8405443241425 -21.6292866169051 -11.9818450346911 15.3727728968565 -11.8804526976377 -19.8333896625972 -5.15832585160198 0.195373063357588 10.0920320904862
Arctodus_simus 10.1218977045631 16.3275530666821 10.409099470628 16.7857742090754 9.10130842252114 -14.7692172758964 -26.5284096784471 -5.74362543453234 -5.67053466865234 8.73335922575822
Argyrocetus_joaquinensis 63.1436288645788 45.4289260308227 -11.5941118413561 -12.7221262457659 -51.7099768102807 27.0444851270725 -46.1667527329872 -9.77644500253542 -17.1978416368269 8.33068252917656
Artibeus_planirostris 49.5247929232164 -37.6754273531063 5.35836809807378 12.9032923215563 7.88966318083242 4.62857942064057 4.75003316808272 11.8978659034038 -7.32532911707354 13.916432037113
Arvicola_scherman -8.10299226181295 -5.03067975304307 -18.9161648794159 -9.838749081585 -12.0310536786806 9.83607214594333 -5.55571112329138 -0.598991116515353 9.23000800359612 13.3072295809836
Asellia_tridens 5.5699790031584 -43.2008258285733 14.4050144651881 3.56206255872128 9.17891688156181 -24.9640778191394 10.2802521779893 14.6260638781063 -6.94555456109585 -1.36214093771256
Ateles_geoffroyi -7.29522767902019 39.3170029843677 8.03398164776273 60.1028000060555 17.284346447826 24.7549898952086 -14.0600651073193 -2.58141688076687 9.51959918804821 -7.07230081644985
Aulophyseter_morricei 57.6850681786865 83.0716137230029 -17.9450348340572 -11.2267678279916 -83.9790285329769 17.8291779570926 -19.5644158397444 -3.71818486640909 -14.0620509454896 3.19758929808285
Australopithecus_africanus 8.12755451406684 30.8635490011457 2.34826022252086 67.0974041808861 13.6455523203549 1.71526352500114 -20.900348304716 -7.76062695407315 11.6449314776408 4.30370503336281
Babakotia_radofilai -29.9482401024688 -1.53035501547579 3.00685747555132 42.289466208956 11.0319483773814 12.8992213722901 -20.2617290295366 -7.91377425224793 2.28332067997342 6.41285539126111
Baiomys_taylori 5.26386731645927 -13.6825259372329 -3.89588051118665 -2.06203542645704 -0.779248506467246 7.77640803617023 -6.62153861441293 8.74528758630237 2.45568080650768 4.45990379504806
Balbaroo_nalima -17.0487643037517 -23.310013142389 3.30813436294308 8.88676502100326 6.61089394317273 -1.30630669940341 -7.56877948694972 3.82917385751399 -0.464635346502221 5.25831467023245
Barinya_wangala 2.18296976897504 -12.4077810089944 -5.70456160560342 -13.1094189273141 7.8500787116302 -0.463703285207655 -6.18813368190378 5.79671175970424 -2.86816213352859 6.65879770496619
Barylambda_schmidti 63.6385625869396 -36.973946238234 15.790740282049 -16.4383854946104 -14.3329208219545 -7.86259864273513 15.3554541877146 -18.451169972818 1.93463144436334 19.8620478079588
Bathyergus_suillus -13.8244221074736 -34.9083582786178 -27.099109162925 -9.24890854229756 -4.54272023129296 -2.43888876866389 -1.85761110935359 5.40870160569821 8.1874286523577 16.1756157274
Batomys_salomonseni 6.150279800352 -10.8932753220614 -1.77853400214262 7.55529533007655 -2.79683403660348 10.3129897540232 -7.30710131898582 2.29903202714942 -0.226632550757561 7.67755473522924
Beamys_hindei -9.19033094079959 -17.4859750554049 -0.195431729889794 6.95003741130038 4.20944110635362 -3.03042930240449 -2.69136670462931 14.0498310430694 4.66779958740842 7.58759972211558
Berylmys_bowersi 7.69148986865821 -17.0253369736978 -0.77017574578582 3.20432829172939 5.80968019007033 3.01153764478794 -7.05316622799787 10.2094176249333 3.64343718782725 5.69108275371462
Bettongia_penicillata 46.0119341517778 118.519933255621 51.4475900752481 -24.0750833045296 69.5133513155608 -42.4723805257501 4.26215309344685 4.55300715450403 -30.6591229429521 44.9440726814839
Bison_bison -8.13843595001425 35.4391580955936 -0.228802684484366 16.5925095269725 26.7595454351868 -5.24074026107554 -8.39235763460783 -3.74687913380803 4.64870722656501 0.772829908099028
Blarina_brevicauda 36.6516099245464 30.1290618010384 -42.4124742398276 -17.6565043305195 -6.68692758962416 12.4383358167702 2.27859665087302 23.6362893707169 1.29992852163391 -1.82838312832367
Blarinella_quadraticauda 27.4350873065936 16.4601304682659 -39.5131286308989 -21.0370109735081 -10.1804814971311 16.7743977863047 2.94673384222567 8.87565746103822 -5.79286326783717 -0.109262867599853
Borhyaena_tuberata -17.2672647148395 -11.3136114842784 -18.7382848159861 -2.14604385493879 24.7231264112153 -12.0113473816382 -0.745016643706783 3.9177052935123 -10.272131780291 5.70392317781343
Bradypus_tridactylus 16.7898294721855 10.8402408332458 24.8137937147712 14.9131522679705 10.2953380590841 -13.2790215182843 -1.51757205391789 -0.75356461605919 -7.56343744495545 -1.0799960702669
Caenolestes_fuliginosus 17.1006640551696 -9.04711523905122 -18.3066691088382 -10.9370846900017 7.52545201759163 12.5402883281509 10.1117695535685 17.5444376522928 5.76824046111046 9.51737757599402
Caenomeryx_filholi -54.3384509759913 -16.2106162917199 14.2526560145116 26.6917179631172 12.4085744748352 -4.10807834557136 -1.92230424651152 -5.86309859873287 -5.18211069972243 7.27042250770615
Callosciurus_notatus -21.8813333793465 -21.4378663578219 3.89301844929923 30.2745263072759 9.26633049267855 0.33495578733104 -7.02429921910126 4.0308712498034 4.34947423739175 10.1947048128682
Calomys_laucha 10.5301930851461 -23.8948668805117 -9.54054718218897 1.97231178903532 10.6317263394458 10.9027044082562 -2.53897529420102 6.38779173483394 8.94585430884515 11.1799965881002
Calomyscus_bailwardi 0.584061640630544 -19.6516775402917 -7.52623344549559 -1.02059865423036 1.21458439981216 12.3036630946614 -6.71940925038651 3.49925267886369 4.91168633145342 7.03556388932145
Caluromys_philander -2.79040456555499 -7.44775632095176 -5.71210559521272 6.48245009461456 -1.47351905603782 12.2893649557005 -6.9127161083298 -0.0564095902549699 -0.72968704269776 -1.47674546214282
Caperea_marginata 40.7662341025313 37.8218620419878 -18.7179925293882 6.52675916411264 -46.6308617132993 9.47175278467305 -24.1475179931199 -6.04048312101477 -3.80086240017908 -6.44312958323625
Capreolus_capreolus -37.4501585211892 14.1443070434903 22.8571914673492 45.1421746537132 20.9531863270914 5.97179322417859 4.22170294328695 3.33208389853684 -4.54631040382632 -4.33952324630921
Capromys_pilorides -18.4726789041323 -34.57821373335 -3.53078781708477 -0.397724115020117 -10.0913932238843 7.33617129308148 -6.48802143445473 2.13860030528891 -1.78196032285622 2.48089304811835
Carpocyon_webbi -7.03645500656442 -9.49616110794872 3.52531044750048 20.6951338766612 26.4700730512903 5.18494481730813 -16.8764137473007 -7.88124114056862 5.15119490589258 8.87749713854677
Castor_canadensis -16.8744835829515 -14.6369847463844 -7.07284168824885 18.57241360527 8.67520333683929 2.81537974645637 -12.8058039434124 -1.41046730777127 0.12413423924373 12.9481730601545
Catonyx_tarijensis 34.4877555820638 -36.453832161629 -2.72699181383628 20.0928033391802 11.5507470302753 -10.4713030162273 -2.51905802316091 10.2903738524182 0.634040532620301 7.00792752824589
Cavia_porcellus -60.0343493469823 -25.7434076078108 16.6538931100759 21.4902240488195 7.6233690221154 10.45041106947 -10.3890348047268 -3.16202550094172 -0.544373373242 9.4043978313733
Cebochoerus_lacustris -24.0861201306762 -4.78516145519693 29.2506084443336 -22.9839421015796 6.79296079209621 -17.7166589325014 -12.2926811870297 7.9358997538579 0.439831338345138 1.30210854780167
Cedromus_wilsoni -41.8272138073964 -31.2247704395142 10.9579615579835 17.5068690857536 7.6579444779917 4.5066038805986 -9.23522238185192 -3.26623207146352 4.70584698748673 8.07111223045144
Cephalophus_leucogaster -32.9281152057055 -2.21891988622222 2.11564997830069 25.0360674286411 16.476413389358 5.68436878834738 -7.68070346837978 5.27577934462701 -6.15735503841182 -1.69778935808853
Ceratotherium_simum -52.7840881709463 0.626312770745572 -8.89248692721962 16.4679798833416 5.46898071097094 -4.4892104974506 -5.6355114756447 -5.58970499230567 0.0287366520249431 7.59324582715939
Cercartetus_concinnus 3.68448424439147 -21.4256562855683 -8.62476808761332 -1.1579608815816 -4.75519289920046 -5.44406260241887 2.12358342941745 2.8020231667805 1.85633923779144 6.6725253909605
Cercopithecus_ascanius -3.62570190209698 27.0298521373026 -14.4999913874564 37.7757699494314 22.2091980035483 15.509210066242 -19.8402737108607 -6.28464154683007 6.16172288668795 5.89467911204473
Cerdocyon_thous -3.65042286460845 11.8187389890266 9.98268481714746 27.9189087734966 25.8565333644734 5.00736612403211 -17.3240778845768 1.81490347499875 -3.61710828795706 0.671504361567034
Chadronia_margaretae 8.1459666499602 -5.88935387035146 7.3206106950347 4.64584592926889 9.46948919825464 11.6432724859411 -1.80450883608693 9.05290230889199 -9.34672027576124 5.75494489651596
Chaeropus_ecaudatus -30.8209014119008 -5.47356525292101 -17.8137256115444 5.9390609592592 11.2752826447051 2.57980663779662 0.691911267807232 18.0796753022018 8.31076623849967 8.41665467531663
Chaetodipus_penicillatus -55.3972832255326 -19.7053967479074 -14.015520648539 7.99660585666036 1.65987475372247 -9.88780356480133 6.87599965103396 6.09623153279052 10.7595176381451 15.731630453596
Cheirogaleus_medius -4.62624622880938 -5.5652942350119 3.21138015520194 26.6472960623792 9.23499817429709 19.5419858221091 -8.57576687522667 -3.20496404411129 3.44022690841134 8.98878508971455
Chibchanomys_trichotis 20.7228998630229 -15.5619057106707 3.66635073533611 3.83757862785216 2.25292523257969 19.3294721419913 -12.6007162860468 9.5167318675323 1.31531041720225 2.4164507917108
Chinchilla_lanigera -90.7141246543044 -16.1546642417283 -0.709806148804415 37.165680094023 13.6468801357586 -10.4380848888531 4.38013010109812 -1.15885258074806 -11.797495300115 7.3391253025057
Chlamyphorus_truncatus 65.9304302078116 37.9897260727187 -25.5459958542943 -4.66803039278664 0.588391180502312 19.3895880716092 6.29746396761914 35.3864918709121 -3.36999187620974 -2.38083212061817
Chlorocebus_aethiops -8.63334348824423 31.3917749391163 -12.8999590122319 38.6064032781976 18.0770664734364 14.6076582032689 -22.3757624949262 -11.5875809733722 6.75954227070649 3.67227314861668
Choloepus_hoffmanni -3.71381208990307 -4.76623353161598 -24.4349171179799 18.1935391686008 -0.00643856438747116 -16.7581152309906 1.34925527448033 0.937989484731043 2.4090554712856 6.31985762722971
Chrysochloris_asiatica 37.0303221754191 51.8014863781366 -28.7201417358777 -14.4702843823029 -3.66381481893354 4.03286118516483 14.4600707023973 15.9039268173217 8.50560161404166 -3.55952628827884
Civettictis_civetta -16.3499556012259 -6.21515721677138 20.4169823983886 9.36622813566226 28.6319549723783 0.374847985342111 -21.3163845170704 -11.3983230381462 -5.3734550347508 8.41494810842089
Clethrionomys_glareolus -3.09438135499868 -7.61314144768337 -2.85799204589769 1.66097381430564 -13.1586519776299 5.99802990471922 -11.6739268017559 3.20721199456987 4.16127041742658 5.81915039079248
Colobus_angolensis -5.82830295208602 24.0756306804556 -4.14236946861993 51.2592351348384 25.0738000468416 31.3210153401886 -13.0764464077268 -10.0910932272475 3.38670447403611 0.455346982413168
Condylura_cristata 11.7885475978752 -6.69865480837387 0.0513764494258703 4.42763142331791 -2.30239832768572 19.8703867835888 10.2818594148305 -1.59263084175482 0.711453813703402 -0.909476614705996
Cormohipparion_occidentale -39.5953111847988 -4.83391593268215 6.46650211377297 19.7673054954603 29.5772496506126 15.1827631669609 -11.7269117932085 3.83869869618571 -0.0518627613343837 9.7988638016683
Craseonycteris_thonglongyai 50.3219938271605 -49.7882523684312 14.269578270818 0.744915357137529 9.91928706971004 -17.0972296286209 17.9760980002238 27.4372542206882 -12.1946017746104 -0.40038005765191
Cricetomys_gambianus -5.65314676109447 -27.1273980374042 -4.04425915869747 1.28294347353449 5.39549469491973 2.46845420013486 -8.08455930656155 18.2549512918604 5.30380068879895 6.61215364172497
Cricetus_cricetus -3.34771078742819 -6.67734226822299 -23.8746872937481 -4.7030811276071 1.92387958182702 4.47197597066974 -13.6792878358316 6.6387314987692 5.07623360127704 11.5677056414481
Crocuta_crocuta 3.62399907250707 21.6814051725991 13.1360886639148 23.4205666477464 34.5939218623182 0.329274919814028 -15.9688711378345 -18.0104512302116 -4.37156446743004 4.96517428829106
Cryptoprocta_ferox 1.90196412433325 -8.82689750164854 21.6320243105313 17.2113406981634 14.3840388964607 15.173509603028 -17.218483661416 -3.79766146819923 -1.74856739471472 5.38772292164224
Ctenodactylus_sp -34.6907697779761 -33.6039735362643 2.19918980209329 5.1258748380864 2.58992138197021 -20.6647937963602 -5.73745785241305 5.12100770709498 4.39055024630848 5.66173181837281
Ctenomys_conoveri -32.6501442720762 -27.7635024610879 -21.7588007777603 -1.53095737647786 2.3853412349807 -2.41203534325696 7.85381019188448 -1.56287357068615 -6.26625885706653 8.43964160247352
Cuniculus_taczanowskii -35.1647052363182 -27.4677565927017 6.58442714538554 -2.65644831427793 1.70395095596978 5.08390300336039 -7.10119556968825 3.99113552553462 6.4981765778299 14.4115254128773
Cyclopes_didactylus 14.3260935895355 -18.752241102632 1.02882142063954 10.3445987753403 -7.63715219107908 -2.78062796748578 -8.36636450974437 12.6597624564611 -1.21958375749495 5.100031785315
Cynocephalus_volans 34.447266409202 134.935893762441 63.217987964405 -52.1513640145192 82.5677907000767 -69.6463294709771 13.3322076344828 0.0254144965142124 -32.1657761828097 41.954096889999
Cynodictis_cayluxi -15.4501009697804 -15.9692958642107 27.7990426170728 -3.07102164573873 16.5554553076628 -6.79949070810918 -2.00631812894012 -16.0006418111211 -8.08912808030989 4.16328261803674
Cynohyaenodon_cayluxi -7.61688273214817 -16.0005362309903 20.3689196682825 -24.0770088555417 13.904645005036 -21.2457605702215 -12.6212253066329 0.733088561258916 -6.99160308220556 6.79090309684461
Dactylomys_boliviensis -33.753458760942 -40.7362895923188 16.2046772544129 14.3042293099321 4.42245614459411 -4.81174288543432 -11.8578312832665 4.89477443766222 -0.919425819621874 3.77688524960713
Dactylopsila_trivirgata -16.9725190503259 -8.58969506665293 -9.39407687064581 29.0549495579199 4.33321178649952 1.88692211259012 -13.6180832015546 1.88749981675494 -1.77548101048303 5.16632229183551
Dasyprocta_leporina -47.4933008004682 -23.6574267734135 10.3703653616322 17.2951411194163 20.7889264427961 14.64020774438 -3.32001875715225 1.62756809162484 -2.0155407189284 15.1990630524362
Dasypus_novemcinctus 0.105440085261764 -15.68510287917 -8.23403879010994 17.4449234507967 25.1936146714359 12.6394855206419 20.3389626064258 27.7947246762419 -1.13244880464005 9.69812767166006
Dasyurus_hallucatus -13.9114937434639 -11.4545948715251 -15.9625764725675 5.41628863850335 12.56306693494 9.14762431848062 -6.1797773406632 2.96545747258645 -2.91765849651276 7.89193210391722
Daubentonia_madagascariensis 0.267360593057821 1.83986334807187 12.6917173067178 49.304397306889 22.7432952228336 14.5818685669639 -17.3808980276704 -6.32952775902078 11.1110723068636 12.4132137780339
Delphinus_delphis 80.0935461458273 50.0462393456934 33.523018158177 20.5526966002361 -9.4079744038041 -1.65610622910145 -15.4424505358682 -14.7371851823709 11.6396564973006 -10.4298025960832
Dendrolagus_lumholtzi -24.7220068310184 -33.5509655296782 -0.147457136548526 23.7782516252438 11.509982824217 5.78017557884953 -7.48162085665365 -3.33204034788719 -4.59171442499851 4.18235202960344
Dendromus_mesomelas 5.672783295795 -20.160671998798 -1.34845027647758 8.25405118386734 7.60944525321579 3.76995321763207 -6.61146646188162 -0.447969977964218 -2.46337199545243 9.41451234712722
Desmathyus_sp -42.0715739870446 10.1967381767687 11.1167101206945 30.0974416241889 -1.05867322295731 -25.75073046283 3.5922081924072 2.56287980784812 -8.30486414248842 12.2814951902221
Desmodus_rotundus 41.9031479687693 -16.334613655917 12.2895419480326 26.7855421442336 18.9994695423943 8.10405624441954 -1.707353950425 7.26874259573923 -7.96482815930632 10.1505560112228
Dichobune_leporina -35.1331478529113 -35.1190752142922 18.6205031704985 6.08246255392047 21.6831638721185 -0.511304326098811 -10.5021249308391 6.56827282896613 -1.49004839314746 13.8178825253108
Dicrostonyx_richardsoni -7.62598036112304 -9.82678734778737 -9.62203553532111 2.28018950653626 -8.96643361012734 7.14827271884423 -9.29263202054584 0.27452037936619 7.90025485665758 13.2050332602841
Didelphis_virginiana -16.3345999645528 -5.9658948857847 -15.0435521424444 -12.3915630148234 10.9943049093453 4.07649143253228 -2.83641025087051 4.62072596675639 -6.89665861433344 8.13818403995393
Dinomys_branickii -27.7437121471276 -26.8407935189785 -2.10784988923748 33.9672135282734 18.4772573273352 14.3298014468307 -8.45268696253972 7.18306783624116 -0.512927882572942 14.4397386264752
Diprotodon_optatum 43.5803216962645 -6.09933475104903 -25.0865004441017 -2.24510582464494 23.2546301828369 -20.3629370061167 -0.571593323383282 13.6345853965166 -0.986705070437886 3.64682595512734
Distoechurus_pennatus -6.54401331735765 -18.9322245217861 -23.500738870161 10.7376673518485 -2.2013183149314 2.32745009790071 16.148417450265 -2.61743200324136 -6.86223449210616 6.14425779842126
Dromiciops_gliroides 19.0339155450452 -16.6103608678065 -5.48181702425178 6.68017783421602 0.298091342618317 7.98965758494224 7.50175003004479 7.06396959587347 -3.91139521563187 5.84452687839522
Dugong_dugon 5.7228571744214 -32.3501480667844 -29.7258148674077 18.3276809729863 3.11712585145637 13.3185730510851 -1.19862211208091 -17.7654358937781 7.49956649589952 20.6724793923217
Dymecodon_pilirostris 38.3241256564018 35.3263565746983 1.54555932466694 23.9617648339047 -25.7637820919912 26.623057084497 13.1826136460415 -2.46787760463729 7.36579804875224 -5.89878803967737
Echimys_chrysurus -39.9094453637131 -37.0088673290109 6.10397327145705 23.4834544773717 23.2856059222257 -8.4126401611408 -13.1739741984955 4.06499005491835 1.30271251431863 8.47727581857662
Echinops_telfairi 4.61559466189992 3.24017744434724 -33.2023661203013 -32.3115345620677 5.24750176008871 -1.1382722218778 4.65454779422585 11.153333927241 5.68170826385982 6.57016831390936
Echymipera_kalubu 2.009833658691 0.344020706935217 -21.0429001265463 2.72347251403166 11.9647257228849 2.09931591976282 15.5509115736651 20.1167477942207 0.956649729735252 3.74551020902263
Ekaltadeta_ima -15.977299306229 -25.7236360901405 -2.19886644792787 3.1098857475198 13.3214711604109 5.91800245655989 -9.81602057714849 -4.04015250802702 -7.46631323458509 7.82450608184085
Elephas_maximus 36.8967270589248 25.4465312909443 11.824273778688 58.1228814509949 -4.97637047355013 -11.0771205193684 10.2276559033326 19.8336678801708 20.0981074374738 -10.5605681977971
Eliurus_webbi -1.91847893551902 -20.5419010012057 -0.211970503807922 1.88387560258824 -5.55925471043977 13.1524032071283 -12.0730982729233 8.23252074911762 3.9185155144029 3.79171246196202
Ellobius_sp 6.1897994786812 3.70541354002584 -19.5852846988443 -5.83805930086332 -8.94790294365037 19.0329822032387 -9.79147382530556 5.50723153773606 12.1578540936811 11.6440629134162
Enaliarctos_sp -29.4292750892755 20.2642850300166 -8.84801765996181 12.0591025580706 8.55475800070581 12.724707543914 -26.8667204214992 -8.23242260890135 -4.89632751293595 6.2816462972529
Enhydra_lutris 32.3845714185962 25.5873479200256 12.5135333443154 17.5779392372255 14.5943382213944 33.030863440397 -13.0093590244643 -7.78066593070687 7.50504223206341 -7.17894126950865
Eonycteris_robusta -1.10323967320719 -19.2470550497594 -3.96083524776468 7.61087317234883 14.3166221558412 -8.42071584959033 -6.4677809903015 10.2958804889785 0.839363773910052 7.55470189192406
Eptesicus_andinus 41.9935883840572 -43.148021727782 -5.85525728720567 -37.3493085370355 -4.38601401569424 -1.2495420000463 7.24992713488 22.3457282634683 2.16897485679608 2.80229683900823
Equus_quagga -53.4017211671647 25.7024570278731 9.85715743286645 30.5713698268258 15.8473995879831 -6.02700375488069 0.574092660400329 -1.04221453835642 -4.11645468422624 1.07734628329683
Erethizon_dorsatum -4.21970686586897 -38.0629565709203 5.61091402459362 14.760048598828 4.36720453188357 -2.74589341967507 -6.75439707392927 2.61557326469398 0.400296667558173 16.0889345138322
Erinaceus_europaeus 18.2242436576443 -5.98837109630983 -30.6352618117665 2.3767243553974 -5.26712709965979 3.20136961651437 14.0395537714692 2.364146474923 7.81962821536168 21.2460633557225
Erophylla_bombifrons 24.6257612818286 -31.121726974396 13.5151388948303 26.6757242907517 9.42473000062351 -2.95204254363829 6.91306916160438 6.13365969943445 -2.60840392280353 9.71236090010816
Erythrocebus_patas -12.7924880554953 35.9576228094568 -5.12687149632893 39.3670999883879 31.2917760265531 7.15595000144695 -25.4746898508622 -12.2261596796492 6.08946268309866 4.10910323308845
Eulemur_macaco -14.5853832008796 3.45234910533814 4.32772985874688 38.9629191152897 19.993448165327 18.170675474862 -29.7787018457354 -7.28420150096134 6.46141400441554 8.74293469391021
Euphractus_sexcinctus 22.1359404319701 -14.0595719284347 -0.639188413642872 24.23241688147 0.41536162725504 1.27198873614312 2.39409170103839 18.7708816853456 -5.63544126776366 18.6791023367683
Euryoryzomys_macconnelli -16.4571668324474 -19.0366535103827 4.05410781737683 2.51831714613388 9.08225733523705 -4.48159353598445 -7.27960484800669 9.30033800180545 2.27332765200302 8.66374544269549
Eusmilus_bidentatus 4.17321923117662 4.07736790159015 3.47169196805252 8.76911103155527 1.74016506580479 -6.52622418562167 -7.80122860054627 3.52037198205602 -0.785638953053752 8.50911959824339
Eutypomys_thompsoni -24.9572779318063 -27.8512998175647 -8.95988827909946 -11.3522790438759 4.01256194207065 2.47588187699701 -21.5324328235821 16.6525931139721 -1.19845869012305 8.04327498986065
Felis_lybica 1.92015351488756 -8.51778498186506 23.1017711200286 20.8616534661715 24.1937053868441 4.77234175979721 -7.90260327193295 -2.67736599423669 -2.52936130504439 1.89745820774713
Funambulus_pennantii -26.489603641145 -19.5536748712703 1.79261872500739 22.1238094961284 7.74259547707739 11.1618279650896 -10.5066669440971 -2.136141713721 4.99202211958585 12.1599416145453
Furipterus_horrens 49.4431165284011 -50.831059407119 19.2956976590523 -4.51042886752226 26.9952333765218 -3.12046345783336 21.2140207831414 34.1655001467603 -4.42810669646426 19.5007390157749
Galadi_speciosus -2.46921588635405 -12.733278196453 -28.827502000095 -20.1968484646214 19.604537779397 -0.951929748161883 12.7006182777272 11.7974442995438 3.84457262088088 9.0833209606537
Galago_senegalensis -16.4194152596596 6.64059648770331 6.65294110868663 53.8439494380256 28.0898174287618 21.3361090203294 -0.179657813642828 0.566745811744529 3.66959896386753 4.89056056322293
Galemys_pyrenaicus 36.453951533626 18.1196373094226 -5.35417027497648 10.5733016489578 2.06198411398576 24.9103190902519 -3.1983054691459 6.0199272612651 -9.02016642410656 -1.83593562483109
Galidictis_fasciata 21.3245967878783 -6.13088972335766 19.1812500404606 22.3153061025699 20.4478526195149 14.0994871490734 -16.0697887354165 -3.46167707451053 -4.28727916657023 7.60305277530507
Genetta_genetta -8.30455853079387 -9.86961947168086 30.0124075646457 15.2695026307649 20.8108961570986 6.9259872173902 -17.1521255509362 -7.1345387803324 -8.89614789179358 4.88415809919945
Geocapromys_ingrahami -45.5120323291226 -36.1787437776434 0.492970725468681 4.74054832676913 5.76777734712053 -0.861117074807414 -4.43372832344171 7.04271764928389 -2.24931930443573 3.25835236388003
Geomys_pinetis -25.1600061187074 -19.7594335204801 -23.3992256687828 -5.7365733361946 14.5325915297758 2.18485885993596 -2.89597118844082 14.2903040475355 15.3269551856014 22.3662499705751
Gerbilliscus_afra -25.3398493723169 -16.0307867691492 -5.4952308523016 12.0372910358482 12.4812392157487 13.7110635089527 -6.50323408261965 12.1436525800107 6.56976215975634 7.12913741099637
Gerbillus_gerbillus -16.8291912691103 -10.6066250738939 -12.1195402296569 8.10396840057194 -1.6864574638523 4.22989703940493 -11.3147403414671 2.42640913855274 7.55128350115056 0.84134863769745
Giraffa_camelopardalis -40.9686007735939 3.50844100067952 16.9375157995068 28.086648965869 18.5427912757532 1.07239112428702 -5.72121526423783 2.05094130132903 -0.446940275256494 -0.169037162728646
Glis_glis -10.3399602471049 -30.948848432269 -8.29288766967193 9.52185363935772 0.0345726215891169 -0.176978383467212 -8.8447659200646 5.83522375183821 6.07810353346461 13.5982833101308
Glossophaga_soricina 34.8518406919078 -33.3277092618684 12.4613189107035 12.2648124790233 7.42551138313932 -15.297608604995 13.1848899883419 13.5411719393798 -7.270602433375 7.27977311340799
Glossotherium_robustum 56.6615766030859 -4.2076389577863 21.2797211531098 24.5369530989598 2.5593112262413 -28.810887056573 4.78325601965397 -8.12893994739948 2.01615527580273 3.52350913431953
Glyphonycteris_sylvestris 43.3392203145325 -29.6207852099983 29.2011003921711 7.97469188879355 10.5001495111083 -7.23746030247389 10.3398050190941 22.2695814030992 -10.4501705083975 -1.22347972175101
Glyptodon_sp 31.2326075050246 -24.2190092855049 -49.4353307458157 7.909460836359 20.4079571529506 -21.5687638444418 4.4974398546085 2.50638595924412 -5.14768274659318 5.3301552520336
Gorilla_gorilla 24.9582676499266 28.3233264581058 -13.3099163040893 65.1966970434608 31.4242547387758 -6.52478697770264 -20.5430807623357 -7.37228706371878 15.0367683345902 6.58408789434232
Graphiurus_nagtglasii 7.48920150007528 -27.5779687226838 -2.2075282958211 17.0032621957843 7.55207806269128 5.48654419519484 -6.18880603104419 1.74024704385166 4.84364105935196 5.13695752207016
Gustafsonia_sp 1.12581053655812 -27.0466015350917 28.0139110011752 -11.5294712169099 27.460620646496 -1.71557545457902 -9.70637096491766 -1.50991933519227 -9.17343443525818 5.77816010604347
Halitherium_schinzi -0.989114813871891 -23.9683793344725 -20.4889733021712 36.3154483102531 -13.3323944596352 -35.7376452735378 -8.66390059701098 -4.83544099955931 -3.25984576860033 8.05876825129933
Hapalemur_griseus -18.1166537058342 -11.8049840108538 11.1343058153714 43.2476528323102 18.2441927813079 20.396479160523 -16.3223815690751 -4.53410177313395 5.50426407694566 10.967427592701
Hapalops_sp 0.579331408351348 -22.4329266762267 15.6384911223408 33.6514939919094 13.1997075093357 -17.2688361778982 3.47421309246474 13.3691348452855 -0.452407179793653 10.4020139608855
Heptodon_sp -61.0169569326617 -10.9576073071241 12.4096657027491 -10.0288073351127 2.29672902680292 -0.232230360146857 1.18506339338707 -3.67730335218678 1.83772250836085 16.2162808174986
Herpestes_javanicus -20.6361218016303 7.84319883690355 22.5296692638317 11.948190278616 12.7105228214149 23.3134264167265 -21.801555229866 -7.89746148073442 -6.48398053591511 3.69843961745001
Hesperocyon_gregarius 30.3242193444629 -5.87517169185884 -4.72223676852528 15.6034058559819 2.06030184166838 -0.642158793699899 -19.0868354777089 -31.1161505405856 6.49939762646038 15.020187134174
Heterocephalus_glaber -27.1618866562887 -22.6145252445235 -25.7373950032359 -14.4831357812245 10.6941193000817 4.234658911752 -6.89296024525522 7.0414405280394 8.09782866810129 11.506559694909
Heteromys_desmarestianus -13.8175145720066 -38.1638314973081 -0.82585695756658 0.148027044937161 -14.5025355469094 -15.2160147256433 13.9744542204094 6.60880027894495 3.33887397208419 3.27885297903518
Hippopotamus_amphibius -0.198167023120098 10.3295077911622 -3.82486026194894 35.6585828665499 14.9003451222836 -14.8305505557713 0.812487677112196 -11.4073804871956 0.230150884364032 10.3447861937122
Hipposideros_turpis 15.1018941806197 -48.9030961712127 19.9351492977589 31.8334069662539 21.3889642130643 -20.4600218091935 6.52219023870982 18.8577036508919 -12.7391485372425 5.47935367018574
Homalodotherium_cunninghami -29.5395997846555 -45.9591670042004 11.4260432481834 33.2413339026885 14.1807470736155 4.52420157273167 20.3949930491342 -14.1479274984989 4.1507271976338 18.1408696927354
Homo_sapiens 27.0530945803073 70.3043228838804 20.3389423215202 39.4316981740881 62.6796457089584 13.5446887330502 -22.5066176607698 -17.306180875099 21.047798866537 -7.66149450090094
Homotherium_serum -20.1449787063612 14.3560115935796 10.8286009525488 -4.15507101929486 19.4470089719921 -18.1251853634626 -35.1864826305209 -11.8632702390396 -0.907277919349381 7.11175894184658
Hoplomys_gymnurus -31.3661301250655 -41.0055386932233 3.13441422512413 25.4163734140476 22.9382805480206 -0.870374616594449 3.66635044066817 19.4901772864084 0.565324618443874 10.2621231959532
Hsunycteris_thomasi 42.6403940855491 -32.4542121824433 13.0162212171109 20.5059694151283 9.52408874371691 -6.05620632382517 11.1247593527329 8.70424715493948 -6.76400934211562 4.83851599753926
Hydrochoerus_hydrochaeris -64.9396946976479 8.1390687411625 2.82348301009439 10.5970100529747 -2.08252247097941 22.4434023632596 24.1143991624734 -0.591337084147113 -5.0692094496146 15.452532281025
Hydromys_chrysogaster 31.2920928452903 -16.3210783437766 -1.17661929626215 1.89837491394117 17.7247132973494 17.4639177837358 -9.38134878521596 13.8137341083033 -2.56130064297119 8.13220563370129
Hylobates_lar 16.4715522851191 8.00070492854367 4.21103268587027 55.9349963525709 27.4905607365324 13.1800795928507 -25.0045006381822 -11.2080574826535 10.7805451874651 9.05837479987714
Hylopetes_spadiceus -33.4161007156366 -10.199721500486 -4.68240134570401 29.2308382285401 7.24958390727844 10.4780336122998 -8.42606590561075 -7.10394714349009 6.24097939744972 11.3826891418982
Hypsiprymnodon_moschatus -2.58675841316855 -14.1440119286045 -1.21704132117717 13.5990153992875 9.26894376869005 3.50714961915306 -1.8186046588704 8.50344342773872 -2.6181044184527 3.97369283117581
Hyrachyus_modestus -58.1274175085303 -26.1737968121193 28.172817288197 -16.7087086070278 2.16689950942988 -8.76238365671453 2.12571409984782 -3.7817106316759 -1.97348696336713 17.6552828098507
Hyracotherium_sp -16.0210821818354 -37.0565948584413 14.8549256229476 -26.8527974084677 23.8733050473179 -7.40622448921182 -4.08290701399204 -6.89082019713034 -7.49724245579891 8.17994901847482
Hystrix_indica -4.85793613581056 -28.9370043340944 3.62911406801879 25.7734801692808 8.23549610128887 3.61640036539888 -6.49950549680211 9.09917376006226 -0.307605810836832 12.3441198990819
Ignacius_graybullianus -26.704037320369 -24.4510725136261 -16.668645239951 1.78320360793651 -3.04702981749249 -21.1344113832834 -5.46827201235229 6.59102107121932 0.241777546058908 -1.75498850864467
Inia_geoffrensis 74.5862094795053 28.1606909907946 16.7473241158034 16.0780900108926 -15.800908452828 2.41426885512554 -19.3480219868987 -25.41065292311 4.31363750476706 -1.9578306995489
Ischyromys_typus -20.189967487558 -30.190599130739 -12.3664367444857 -2.67846056741931 -1.38214564909425 -23.2464781575473 -7.37156307942512 2.67564041191751 6.45201519569197 5.75756281932273
Isoodon_macrourus -28.3868198444691 -17.1192159512122 -12.203335052192 -0.612517350462462 25.4606150835419 13.029605875231 6.23110218599103 18.386920800892 9.4697039707401 14.0093957259281
Isothrix_bistriata -49.1591471903109 -38.7452230308722 14.1082325464588 12.9810771671952 14.09795143871 -8.76936949158331 -10.5940139899977 1.08611813332529 2.41118712102313 5.26974200706057
Jaculus_jaculus -83.0092597908291 -5.51029894903942 -5.61706948321311 16.4343765611444 6.4806918394341 -12.3833584787556 11.8872591232166 2.42396960208654 0.607514789439462 14.1976724824688
Kerivoula_pellucida 49.1103842582364 -23.661084728267 26.5873517198135 24.8678585510065 17.4154726432116 -3.36584229224955 12.7091410985109 26.8530547742378 -11.928769366105 -1.80262887866139
Khirtharia_inflata -80.2157609056251 9.1591130940471 8.20169293744975 -38.0834786220631 13.5486732615299 -3.68118780000662 -9.41494937642206 2.38395938169136 12.2037535394545 2.52207322107418
Kogia_breviceps 45.4399148332426 57.3056500153983 15.8724983551879 20.7143585505996 -21.6652282112385 7.42018299692234 -11.4216243682859 -20.2751587880678 14.4556290064392 -13.217008893966
Kryptobaatar_dashzevegi -28.4633229459886 -8.64619476900453 -9.40596560238301 -10.6714161360392 -13.2397620667837 -12.5886267683995 11.6064324493459 11.2715901765289 -0.70918116588572 -3.776725276013
Lagostomus_maximus -52.8352319491486 -21.58728692333 -4.26750976013712 36.7498778245815 17.5710559589123 2.51622899632642 3.38272846613535 7.10760737563916 -9.88627881668356 5.38706752626374
Lama_glama -30.9105469599837 -5.54345984743606 11.4179792354461 31.8321524590752 27.2738973478138 5.07845035878042 -4.82474066635649 -0.453940481033208 -8.65115832883186 6.31433715455387
Laonastes_aenigmamus -24.4286451918386 -49.706662671188 7.76601287820302 2.51529933520143 19.4578077308682 -18.5964946944994 1.23316373032364 15.5399998084834 5.36772774596859 8.83256550279482
Lasiorhinus_latifrons -4.1331724420271 -14.1381142384228 -3.21417451253936 1.67786759640825 2.98204812462791 -0.497676777243336 -12.9021431675839 3.40176963469638 -4.7275754226634 10.5202025001952
Lasiurus_intermedius 40.4583649498993 -41.2241616400088 9.59065968215478 -27.4378372416355 -10.4030960620404 1.14380657941338 5.37356739075898 31.6031119347047 -4.06496941082545 3.99652877110166
Lemmus_lemmus -19.2403449093612 -21.762668891004 -12.6792472184683 -4.93422027720367 1.1522197153405 -6.63540456661516 -3.25717094050511 -1.0119009745452 2.75696714049338 7.64744016359283
Lemur_catta -18.7295241988531 -2.65415599333272 20.7130572095785 42.9705258387897 21.3135078756603 23.528784371749 -16.9470082469281 -7.76986746462911 4.22884722553802 7.55911675962297
Leontinia_gaudryi -11.4198886207525 -4.88777765255912 -14.9268050546404 16.5482191907927 -2.06341393231954 -14.567059227638 17.7865379026647 -1.02564680843301 2.67639145952477 22.4628535881361
Lepilemur_mustelinus -27.0343495408245 -20.3882031639017 10.9991691420639 36.2967710307489 12.6772958796263 3.93817206630604 -9.54147208261002 0.121705406423747 6.04822390869538 11.9053189207043
Leporillus_conditor -21.8433174720988 -18.2522815551762 7.98667426679522 7.42048338654595 5.15126683666346 9.43047518488728 -12.9865754335115 13.6651679204284 -1.05662363821861 8.43617441951448
Leptailurus_serval -14.0481780413107 -7.51553901321653 21.572432126981 33.1697050136333 25.7773506605515 11.7403200674223 -11.4725562213861 -3.69449801219221 -2.27675955477707 6.39683655987594
Leptauchenia_sp -74.3294605371538 -13.5285165260869 -2.27107247313249 -3.98345799929253 10.6165757815067 -19.6467252127828 -0.808797396075891 0.28188146476332 8.74542024550478 11.9784730862949
Leptictis_sp -12.7762186716517 -44.6569993696178 18.3757879275817 -16.1918334528792 21.4668699973001 -5.1263777584018 -8.3778953471621 17.4875500745171 8.86552664314907 6.65767335273196
Leptocyon_sp -9.20531113965105 -16.2585651437145 26.0362809348036 5.96172473716497 15.0057305687499 17.6309799413562 -21.1320705053649 -10.2852725382929 -11.3212648430745 4.96605919711801
Lepus_europaeus -48.3026428315518 -25.7410879580066 15.476974438205 24.2136276619846 30.3802086055792 6.22329509884148 -21.7544066095267 7.92992660331197 8.92316652809532 12.7910749940898
Lonchophylla_robusta 24.1332152250585 -37.6682778594139 13.5382075916314 16.8103483364323 10.450510656284 -1.11744643341915 -1.31902585911035 8.42665961840634 -6.03215220860735 4.51541414766885
Lonchorhina_aurita 48.4498478706982 -55.4703864613621 2.99702435012345 -1.97284824167576 12.1325281014544 -10.5204281146121 20.7815650568636 18.4069152870004 -10.0849829089226 10.0306233427021
Lophocebus_albigena -10.2474263812539 33.3523298629488 -9.56332932052216 46.3667932325681 17.3797815214365 30.829029976904 -16.8889878724414 -12.0945672295989 6.67997815429231 -6.08591028940682
Lophostoma_brasiliense 45.4063610564568 -48.4045831523743 40.531856160025 19.2267424809097 12.8853440807001 7.43915841217297 10.9641632004123 22.9638815937749 -7.24713312524058 16.5248940481352
Lophuromys_sikapusi -3.50555013536811 -13.5425615619716 -0.153255459776796 7.92791822458593 10.1320803864265 -2.498216185959 -6.54740951564422 14.3797582242009 4.34043783227667 6.9123415769834
Loris_tardigradus 7.00680682767498 39.3016027366488 -1.85175464068176 51.3055775004108 27.8349332737612 -2.56864788501699 -9.43239880307177 -3.6381478394613 7.64247931484049 4.2651651827899
Loxodonta_africana 2.05017808403074 -2.40270332064875 -17.5118768267239 36.7878457145076 -8.87826185233526 -18.3485056027414 16.8916599720231 10.8449914516478 11.1953777654961 3.31131080805172
Lycaon_pictus -12.8151870515036 30.8624401127308 4.14711789052975 28.9680170825085 24.4317678266958 7.51251926452361 -18.4690521282586 -5.61441278279152 -2.37655102312819 2.64562407078858
Lynx_rufus -2.87793324981021 -10.3683485155162 18.1013077199311 28.8543908105726 25.3893194327304 15.9525133615092 -12.1873912776846 -5.84975042180922 -3.49847905700326 6.70236355542943
Macaca_fascicularis -16.2038186389186 35.5742928522797 -8.7496924522743 46.7997278457402 21.6477245978372 19.9117222489996 -21.7322036377668 -13.502927163744 4.44773796207591 0.344102980469563
Macrophyllum_macrophyllum 32.3002119842004 -47.6693884853434 12.9185074117272 20.0219813340973 18.6737803451769 5.54728789242177 11.972775711584 14.1338447897268 -4.63231949872091 11.7303320706018
Macropus_giganteus -53.8312058482663 -10.7474095604497 -9.12752999743437 19.3107710730981 13.8019302176112 11.1240040562707 -4.00295390323379 0.133694705782998 -1.84698050659558 3.9676505724578
Macrotarsomys_bastardi -12.0931762344837 -18.2696347577917 -6.45917969844561 -1.74582028962829 -2.40234226229256 16.7110197588373 -11.6412910807294 7.90619709471276 5.5093711185571 10.2508065710246
Macrotis_lagotis -35.9916638448548 -7.17495591853408 -11.7762141025183 5.48437846134963 4.01565979679762 5.74622422212413 4.29520821533032 21.6442723199502 7.3528112477252 11.2351725683887
Macrotus_waterhousii 6.82798122117827 -51.8908496192471 14.9697816881517 25.4853841842557 27.6040555379723 -2.70856720777349 8.05219341521292 24.0057793153587 -7.58866531329872 12.3416763902776
Mandrillus_sphinx -3.04744117861433 33.2091148323155 -3.0387027632844 46.9956123531021 28.5375332192529 28.1981969679517 -14.8327748161796 -7.70470748361825 15.0038620643619 3.16478037137763
Manis_javanica 51.0936179856197 15.7682145446174 14.1592446148896 -14.2043808320384 6.25522502234533 -4.20279121928196 9.48684719505733 3.39956473851353 -5.24353765267665 0.478946121659212
Marmota_caudata -21.4836097211592 -15.4122327475362 -16.3734286787167 17.8737760654426 20.1791081192157 12.7130218507329 -14.9752126579999 6.01770097469547 -5.48012789570956 11.9589650689084
Megacerops_coloradensis -28.5314538800797 22.7075488868123 -24.6502904246405 14.5214586058656 3.15824959871124 -17.2781018974065 6.62536268482394 5.10627275147416 0.391027797566855 2.20083292332662
Megaderma_spasma -1.8464024173179 -54.347934265404 34.1477694946964 25.3013094513703 19.7863317070571 -9.2067055278847 10.243137486668 27.0351443081228 -9.31707598439144 14.3515168048141
Megaladapis_madagascariensis -31.3321764326444 -4.59866770067043 -3.12361525430523 25.3779246047014 18.992580053691 15.7073043098461 -18.7380606698611 -9.80339842738633 5.20331076864254 8.10101948306204
Megalagus_turgidus -27.7290596651494 -49.8213808189415 13.5161405006662 9.48703596059315 19.3518525739552 -5.26800850163907 -16.233003769777 10.6672144236866 2.20856836120436 11.0138811730856
Megalonyx_jeffersonii 45.1820470574852 -10.4854535694597 -3.07672190310959 20.1230437628674 10.8102094497871 -9.76590981977816 4.1856793462791 1.70693799361559 -4.25012892024551 -6.77349850018908
Megatherium_americanum 52.9781125299972 0.373294271870613 -2.29474359007816 23.6121211639827 3.6903554652692 -8.09062614514555 3.48762811603797 2.37975155084285 -1.33006119503205 0.205606733003269
Mellivora_capensis -20.5396962783623 21.7709648050955 5.12593314397867 19.8335289200254 15.1129427835508 0.777630125835671 -34.4348403107423 -10.2605535190912 2.75076539902271 4.40418025534465
Mephitis_mephitis -6.40989280199743 4.48376134015145 -13.2282752603141 24.4154164839251 22.0896282706879 12.498778953325 -10.3076744367702 -1.60848848150627 -1.52984028934204 7.29084065845197
Meriones_libycus -75.0047884513116 -8.70040309053842 -2.81974643220202 -1.36583307424013 1.76558472257473 1.65230425980479 -16.607554588572 -5.95721615688738 18.4098864193897 15.1918183611521
Merychippus_severus -43.9757850537031 9.57374232471083 13.6789535729844 16.3308642420961 25.8303329691915 -4.21084434890483 0.605032387774948 5.98130700762309 0.421380579782435 5.90422712740804
Merycochoerus_proprius -19.7286248462168 -33.366322638544 -19.860697065076 -0.0959608975821768 25.8381327373605 -21.0878934776706 -4.79192634327959 0.34013192435615 1.5612258814608 9.45188912475228
Mesatirhinus_junius -11.3661959158202 -17.9158400713616 -4.87010518344903 -34.6954801698288 20.3049783583106 -10.9441331996844 -8.75790194962844 7.90091207057865 -6.47670730205968 7.20535584572052
Mesogaulus_paniensis -4.96345980724303 -31.8620002446134 -13.1796467155279 7.48177106882436 -4.56371120392552 -7.6436174739663 -8.93395553816515 -3.47503640835854 -0.134637624831049 11.4040924032908
Mesohippus_bairdi -27.338103059616 -25.0067102961681 23.443700856576 14.0063866636752 20.4511095929459 -11.7380157003652 -8.0565237948619 8.36937360909704 -3.70896048664326 8.73787016787288
Microcebus_murinus -5.93648200055975 -5.1860231574095 -4.69702123078249 34.3325503243416 13.9971221282152 13.8569558837864 -5.53906364931277 4.49162377929554 1.0685472838397 10.0950409675227
Microchoerus_erinaceus -37.5564632454757 -11.9935056769529 -4.27058841357042 32.5750912323088 18.0805345319102 21.20925675673 -3.80395595283973 -2.27999183760296 0.445583810012662 6.86830675116326
Microgale_drouhardi 36.9202075686562 -0.880021337459875 -22.3062608736978 -13.3941988379055 11.659744180679 7.46527799819931 9.31464028473781 8.04820906019042 1.27798666757388 9.23204800202217
Micromys_minutus -11.2397673555549 -19.3414533186279 10.5522053622055 17.2432694270196 5.98595725117205 4.22664104468647 -9.09665949418453 13.1011976535236 5.71206553416991 8.16615089256346
Micronycteris_hirsuta 22.7359498971327 -40.5574689539445 26.7276875678589 17.441196883757 14.4047599103189 -2.00832678093763 15.0664406797404 21.0255261197207 -5.85886548013442 8.35917791166823
Micropteropus_pusillus -2.76556194432117 -26.6826725225004 -4.14605795905508 2.19610884511465 16.1953217738232 5.81642901351847 -6.18480386936914 2.49661100935865 0.669232697798076 12.7933421296292
Microsyops_annectens 9.18206390316317 -27.4702545014794 -11.0003999154634 -0.793757927430051 -1.85228101339716 -18.9373648756348 -5.36883573389017 -6.46661997777394 -6.14850789295513 5.15301358495037
Microtus_yuldaschi -8.55374216132489 -12.1828050082862 -21.9945562552629 -7.43074303152081 -10.5711779605633 11.6317747999983 1.38230431896306 -1.53743791437727 7.26764794934186 9.75065000104459
Miniopterus_schreibersii 48.7167242858034 -36.9119912425145 6.23121347690521 -16.1297295554937 4.7075335631789 -7.67264566121988 11.4310861142738 34.8738196935694 2.88031027644841 5.02398128129268
Mirza_coquereli 2.58333785290733 -9.26019237558817 2.39532988507198 39.9655676634411 16.4154430798443 13.8341895711758 -7.76592717739162 -7.43424779810167 0.43121621594392 8.17367560961839
Mixtotherium_sp -4.96979882694614 -44.3028599927186 2.79360827826155 -24.4076489022933 22.0282412885729 -26.8547889881821 -20.105165093449 -21.669196287726 -3.36922884809666 -1.39052492328746
Molossus_molossus 37.5762329770538 -43.4014222932645 7.54844607407553 -12.1965228019707 2.15244322798323 -1.18720870782153 8.05109652013536 22.0406722272845 2.75581613212899 3.47177419422301
Monodelphis_domestica -7.88920994123819 -19.8983945486461 -14.990788259319 -13.6302480242071 16.5026668797586 1.61313149075562 3.57117848952277 1.01308722629629 -6.6553054446817 3.6722538671283
Monodon_monoceros 67.845529322069 52.5607635967844 -14.580270670513 12.0171461631971 -24.5831600998033 -4.0076280212979 -8.23291791663372 -17.2842169083986 -2.57355847027151 3.60565859506052
Mops_thersites 24.6923542745702 -42.6876040075284 -4.18687952219967 -2.42180175807501 7.65724366355428 9.48614712709835 6.91001939760125 1.8216050231232 4.32982181324893 19.929336390269
Mormoops_megalophylla 89.9586127314941 -15.7431313272025 6.44325814319294 -38.9019515616555 -19.1293824943129 8.23017118272792 9.36056722398871 35.9848476874855 0.913093292763923 3.8193564928215
Mouillacitherium_elegans -13.8352556696589 -25.5387967214956 17.098706726075 -12.1219733763407 19.8618391912812 5.15621721569245 1.24545278421903 5.21202849548612 0.797283993535083 8.91195819070462
Murina_cyclotis 44.8541387198775 -17.8738239812363 15.0981189603128 0.405642732086025 -3.48123942061664 -4.21312201338784 17.4239524131762 21.4688212468213 -4.17013076311608 7.52139739373785
Mus_musculus 8.95574877475871 -18.5560814968424 -4.20649949932266 -7.54429733630898 -0.74710887897678 9.15639304648604 -11.7914600303869 8.17977329220809 3.02279945424894 9.03284081995367
Muscardinus_avellanarius 2.66987076833979 -7.94272746798347 -10.965609428792 13.1130403026596 5.98474274010457 4.09665032321834 -6.19187828725914 1.23853955236894 1.6888900796952 12.9739506072476
Mustela_nivalis 5.23043347003099 -3.45685461649034 19.5617524576759 8.58704369055067 3.82018658984859 33.1005980200863 -15.8819796846729 -4.05831599319637 -2.87641453322151 8.36861098166274
Mylodon_sp 26.2355710870459 -16.9610466221199 -8.67873900213803 25.4666417261034 7.69588806674689 -29.3203312003575 5.13917060902255 -1.7299809494476 -7.77289474738913 2.82283355990442
Myocastor_coypus -48.9397524802047 -22.3963258900862 -9.64939701831432 1.56754397445224 16.0988846609107 16.9309103003089 -11.054781953872 2.5371476208593 -1.20480478121139 10.702834571184
Myosciurus_pumilio -0.275278935645513 -16.8050085407794 -0.053894253474237 20.1254859409748 1.26525582051905 7.99040583312292 -6.57848972409711 4.96984365631127 10.0049838449103 8.65207106721151
Myospalax_myospalax 3.09312972719396 5.46640684219566 -36.4389151799045 11.3405538962206 3.61562773177034 -10.8643883806275 3.90998637106813 25.5616694949177 9.89783412882195 5.2160018116234
Myotis_adversus 39.0826009863598 -35.4223094506925 9.92672136588677 -9.5163307885513 11.6968847809156 -7.49381751183642 9.46677852069354 28.0446496805237 0.384773857342886 8.80816345316658
Myrmecobius_fasciatus -8.20364520196728 -15.9609383295177 0.88468606133329 10.4612711222659 -4.48868914205132 -1.78786158064599 1.43047139782319 6.35433876993176 6.43091480249812 1.29902040508823
Myrmecophaga_tridactyla -11.4522207665022 -9.3320541270629 1.26785885476221 -7.54105393557691 8.42444949047842 9.34892316214546 -6.70686524745096 6.95802639376282 0.173094718525054 13.4123679105327
Mysateles_prehensilis -43.7651972163567 -31.6643470417265 3.10676737548333 9.28358603793042 1.71643486180721 7.30980358019749 -13.774519047644 -11.2768831941501 0.715583635118949 6.08026034241434
Mystacina_tuberculata 39.1788976609774 -30.4836003933398 4.16480308547497 -3.7604728552265 2.53227594187968 2.82956567634208 11.641319853084 23.7964476705445 -4.31520546580232 5.34491443067244
Myzopoda_aurita 49.2858596958102 -44.1088449345739 0.47585767121211 -21.497605681733 16.8285458794386 -10.4698710976919 15.7027032755332 18.5137127223875 -2.28619806573247 8.66269705906376
Nandinia_binotata 10.6431092088868 -12.4506684235718 27.1775791777196 24.0645593883107 26.9712219749695 -0.834126835826448 -6.9098757078189 -8.15802322127983 -6.0926928569359 3.14856773418029
Nannospalax_leucodon 12.5726784272697 5.91363508921438 -27.7619210273169 3.07048174064552 -4.12941995096727 -6.20466793998955 -19.4544017621412 5.98972611875731 11.8199006659265 11.4603645572236
Nasalis_larvatus -3.95024592217433 27.3282026712138 -3.89028995671019 49.9185108199461 18.3231572638759 14.8268212594762 -12.9796786075117 -15.1142942407166 11.9802790874347 -2.07878292305913
Nasua_nasua 1.73300348101413 13.8273564539299 15.4681650232601 31.9542747069516 24.9301972749848 8.8905576667799 -19.250705445283 -12.0349108332298 0.688133793271155 8.67981115634906
Neacomys_spinosus 3.30068099168226 -20.8654287501109 -1.5426996917707 7.57005175702891 2.71644655021099 0.231371974046625 -4.8151716586414 9.5568036753266 6.30152922233599 4.42275218400984
Necrolemur_antiquus -33.9826034611901 -15.7324637721221 -4.88466967755477 37.5275793222927 21.4007538781701 24.5269312103836 -2.21670211134442 -0.791409925041207 -1.6954226065949 3.04425788982483
Neofiber_alleni -0.729056041091599 -20.9511604054414 1.96317242894662 1.94084082192626 -0.233285116459979 6.93332589622409 -9.45623002557112 8.41666919460351 6.85166339591632 8.11251496152737
Neohelos_stirtoni -7.30765091847333 -26.4051094015507 -17.9384183661704 0.10370785031799 10.4666855262436 10.1183199429649 -1.14712443442781 4.12683111328379 -14.6761009657036 9.35207968521182
Neomonachus_tropicalis 76.4766428418219 29.3808108349257 -6.2788616293506 10.0039853715917 15.443751605539 19.2421517992334 -7.58117906495514 -21.6112800976423 0.566122031907362 -4.28699017995182
Neomys_fodiens 29.854187556002 3.62271430852593 -35.3741176319741 -8.4372117488178 5.37738195072049 10.5855444848663 -7.80181125493627 12.0855404630685 -3.78049248726843 -1.39868736797483
Neotoma_lepida -9.5704450923033 -10.0967866740776 6.15572420972512 13.9806288470417 2.77571430802672 10.971331752095 -10.4623896944277 6.61928502081743 4.81169691729904 6.31760420428855
Nesodon_imbricatus -79.3178030811877 32.223442133881 -14.1890000253209 6.7056188931632 10.9572947716095 -37.0286952114577 7.84979015604526 6.43587870755396 7.65884632263773 8.05421342285548
Nimbacinus_dicksoni -32.7086251428806 -18.5496738580489 -6.35754629205961 -6.16441270982471 17.6900084562352 3.00615625244715 -2.59434152656403 2.53810939075421 2.67027964887088 7.07798951228123
Nimbadon_lavarackorum -3.87657172115006 -31.3235646134449 27.8385430075316 8.67664733343918 19.0223197312967 10.4811509771507 -15.9204494549693 -6.98667192297873 -9.60162888240282 11.2169787862584
Niviventer_rapit -2.26360286762131 -16.2271677771238 3.61408151198095 6.23381819862083 9.15779334095697 5.4591173719157 -10.6457913168857 3.47186023813358 6.12715677097518 8.68802574327318
Noctilio_albiventris 51.0313202215437 -38.5574585901439 8.94916841412241 -11.0475785692131 3.62383823729208 9.45488523334217 14.8607751915175 25.0978196083468 -3.65469483246389 8.77320186142974
Notharctus_tenebrosus -19.8182072155231 -38.3696092178952 6.03184163346399 12.2957065283534 6.42029646156418 5.07696161301786 -8.44487465401238 1.27898635645861 2.87887019644141 12.2310552476946
Nothrotheriops_shastensis -22.1799214975087 -32.2908083000652 -18.419487438098 44.0403307500495 11.9820393718493 -5.32617840787225 22.2431261124398 2.18353058447111 -10.2692826281206 5.90311358575601
Notoryctes_typhlops 15.1805183046112 24.6797899418451 -30.4653156515095 -0.472822508134015 7.99284093110799 21.8973439518965 5.37731333179229 33.9704260381684 4.24325687199264 8.54101300834032
Nycteris_thebaica 1.5400628811945 -36.7091251012339 35.7498438440904 30.4416445227914 12.3134610507217 -30.6518878129497 8.13491733260588 18.8260535749008 -3.15269932290772 14.662960997417
Nycticeius_humeralis 27.7994524976037 -39.9924963633752 -13.5239964183712 -34.4755918076251 2.81950938372927 -2.23062903312154 9.8286642876434 24.7407285410102 5.88229863346925 14.5608883444437
Nyctiellus_lepidus 9.02244540689613 -42.8916261595211 -0.568686732915188 -2.69315032175223 6.42410342851929 -12.5575864449235 24.3617418267699 25.8241536936248 1.30922863865775 6.91876624338422
Nyctimene_rabori -4.92436055150996 -11.8646394114121 -3.55893453689699 -1.52437725919311 15.393781288521 -9.32534574733276 -4.61966825980546 -3.60828802289875 0.346801684122409 9.87412266789515
Obdurodon_dicksoni 18.4032127543923 15.7601938777585 14.48585242011 19.9814267583823 1.95348964711779 18.2552141545404 -8.05241600000618 -25.5286411847533 5.749113247916 -3.84729261249595
Ochotona_alpina -44.1894438123989 -40.9126196442041 1.19965097020485 0.601976897257277 7.1277929984389 -4.55188699484232 -14.1728323720415 -1.44263919126178 10.9888515195809 12.5792623156649
Ochrotomys_nuttalli 0.770746066172243 -9.01577197714792 -4.52842261452226 4.95222044850821 0.131193800331171 16.4632146051241 -8.56014367750184 8.76736731891157 4.83962719519829 8.42656086109447
Octodon_degus -60.6141520739757 -30.8894892724049 2.30272767186839 22.7000097071434 5.31056404991576 -5.37960147295592 -3.59816562652301 3.34773719753531 2.01383159369149 9.09452326301482
Odobenus_rosmarus 72.8625957226141 10.7648845867767 21.0154463957717 18.2791492650918 2.65391259314809 22.1301039815709 0.0268069709969193 -10.0135444339514 12.4409696953116 -1.47723997995616
Odocoileus_hemionus -49.4209702671944 14.680391374858 15.489461896885 42.274325283155 27.9110783978769 9.9776163184222 -4.28848527179815 -5.56502587398312 -3.23493605884881 2.35218156370492
Okapia_johnstoni -31.7469799468875 24.2408115675121 26.915346135036 18.1307756416498 5.06326859100684 12.1060208790518 1.87921994081367 -3.15307585553426 -5.4270030823965 1.60393174862882
Oligoryzomys_flavescens 20.8079226689957 -16.6341685128505 2.52225932366329 8.75796893856849 8.65506151803185 7.44955248424034 -9.7988341211674 5.65315498765355 1.54030146500804 4.76282536169986
Orcaella_heinsohni 54.1499815156551 31.3194277123545 19.4246467868167 19.8225530042846 -8.78378138765346 -3.31815007178196 -12.9406515700384 -11.7487522274563 10.7339130748563 -1.36151807748231
Ornithorhynchus_anatinus 16.3154436005265 27.7328997142345 2.21469286630417 4.95256583669351 -9.52309947880343 20.558580235506 -15.8522267137613 -16.9049002862213 -10.725226855492 7.97010953035756
Orycteropus_afer -25.7331594431631 -31.0156242375302 -0.32178435595277 0.213705709465759 9.7865549782613 -8.50841204109366 -20.0436850212556 9.07150717450465 -4.37073549166304 9.45800586457775
Oryctolagus_cuniculus -40.5519112955609 -26.4622515276774 7.92688234107093 9.88633364988873 21.1707376370396 14.5465039501838 -22.802736144991 5.05149143782349 15.0321231830524 17.423866634606
Otolemur_garnettii -22.2679755453771 12.7371030029143 5.30780517083586 50.1445341911162 16.7110067237237 17.515512155988 -4.85659967244343 -2.58263299044252 0.675054180120604 3.8092669514025
Otospermophilus_variegatus -29.1918274249245 -17.7041701432273 -4.4286147108316 14.5815862562725 8.60338012632902 14.6771629820537 -11.4142030699814 3.21922729110153 4.09885258810409 10.0831992870406
Oxydactylus_sp -44.7394920060907 -3.70323609993873 30.7088865295323 25.9872733738962 15.3153705592823 -17.3255893567311 -15.4596975705172 -8.49262835409275 1.69496926778576 8.93436786579669
Palaeolama_sp -2.82630762449062 -8.56537300123095 0.284561856614459 18.4468799975065 25.2885657349033 15.9388772142339 2.39059038561751 -3.33508579846777 -3.20757081535588 2.48205788997304
Palaeosyops_sp -63.6578839234719 -18.4425160866518 -12.0683400304572 -11.4605631608954 17.6729116922466 -9.99276929969181 6.6974425326612 -15.2844568973687 -11.2199896105793 13.3197366653277
Pan_troglodytes 26.1171377609315 11.389704108127 7.4635406972795 61.1839801260498 35.9689061096373 7.63330264703414 -21.0708231687399 -19.587698559941 16.2752665561439 4.38777633410235
Panthera_pardus -1.95432619229144 -4.30335219375403 21.2374559500662 19.7732654440147 26.2855448354812 -0.742576631666739 -20.3998436517461 -9.20578993756756 -4.97527346270621 4.78655884058181
Papio_hamadryas -12.8127992089533 39.4923522634953 -7.72331752175496 41.1233816870565 17.5216542762418 34.0568378828195 -3.04611509777786 -10.1244575909332 20.1784407302279 -1.41085989883895
Paracynarctus_sinclairi -16.8102593017628 -17.833240008729 22.2089382316771 20.9439063400689 15.7510653865067 14.6062563968582 -14.8226843634635 -6.19429371375838 2.18151678545169 6.55319998343174
Paramylodon_harlani 39.1383343884099 -29.0447430731894 -16.4277180123229 15.2357302523086 21.0319495383527 -10.6852765961024 5.80015561149093 -3.11747146547517 -10.6229477481904 0.969956594310533
Paramys_delicatus 3.79134660514086 -27.7590076213696 -8.84843361427969 -4.53422609963818 -12.0429121122394 -11.2161075464714 -14.2197076061802 -5.66428731899247 5.65456746325235 7.38848801646305
Parapithecus_grangeri -32.0432390380497 18.6105446764019 -7.81590809975276 39.6366322418632 30.3980583346828 30.1818894207632 -14.6961214152087 -0.369915851415856 2.78937285306339 12.9618988706131
Patriomanis_americana 28.001167851963 -19.5650836437558 20.7342249788224 -12.0565744103987 -0.822056626886535 -6.39356960309984 5.49613401818044 7.56148020283256 8.39697892380324 12.2471711123135
Pedetes_capensis -53.0627422629003 -3.0729526782933 -2.95647491425728 7.5731825646189 4.25120720001902 -1.21967204535285 -7.03771264507679 4.93370233493944 6.49579533626432 6.36836423782056
Pekania_pennanti -21.358382057761 12.306961893455 15.0620491825098 26.4497654787203 13.4800981934821 20.4620362247904 -14.3208986819759 -10.3297030654213 8.42996423252327 4.44478201523436
Perameles_bougainville -23.5428148607338 -0.309713398689771 -16.3322588121155 9.28998466931501 16.6988768891537 17.0726554913915 9.11327071725792 27.4406852349612 5.67895458979972 9.35073283190269
Peromyscus_polionotus 6.4720673948184 -10.4460087389504 -11.3362099862973 2.08675140462199 6.17631385509071 19.2311980118305 -8.32206321096704 6.01784692421157 2.44649682214526 8.79328474198622
Petaurista_leucogenys -30.5334890398321 -24.089784459288 2.69055520044694 31.3730914039013 5.18719678300586 6.42608897885628 -12.8003886551695 -3.8120876718419 6.40396740244474 15.6446636282777
Petauroides_volans -13.6523536247019 -32.2242267676179 3.20211102239191 1.95794059320111 -6.60563148488503 -10.7007750054144 -10.0948704134715 -3.38658449555894 -2.82793895785194 0.860615943979796
Petaurus_australis 9.98284748165618 -17.7227848646729 -9.849824919481 15.9177848034365 -1.37293854066775 10.3423694059922 -3.32309981960433 1.08791191794233 1.64066191763286 5.60432919848708
Petinomys_setosus -12.8602696621802 -12.2195641383961 -11.6654633486873 17.9719488458202 2.50915470210635 7.449680798803 -11.3192732383096 -5.469200535049 9.86331326970553 12.2587914951394
Petromus_typicus -40.0421363496114 -40.897853690832 -1.89113129208246 9.58972504319465 1.87764489432673 -7.73694475569904 10.5875326186833 2.85042253166184 3.02737951298672 6.02526482370114
Phacochoerus_africanus 8.09691843281476 11.7458396149377 4.37757976991937 13.866519614722 29.5851941035675 -6.62689768329449 -2.06058469507777 1.29550655967079 -2.77481839188787 8.73794531344067
Phalanger_orientalis -9.54804239096174 -27.5219450891386 7.81071674647976 11.1904627743374 14.6199835796359 7.62657352741398 -5.40248344079295 -4.78047207344778 -6.1137921798815 4.4965125805732
Phascogale_tapoatafa -1.70330923740074 2.94108914856778 -10.7939587148207 2.69811910443735 -14.9960341579618 11.2000666787704 3.34107895889018 0.769017380892289 -0.608078926119778 1.27405554225862
Phascolarctos_cinereus -21.0003782206001 -40.4513921878133 -5.54797458541893 14.2517586885626 18.8862480664545 11.0624104987426 -12.7768447927738 0.461843534849072 -1.33532520266693 15.750281582593
Phenacodus_primaevus -6.88849810967344 -57.2234436693256 6.69140363913493 -24.4181096239487 -8.71114196894995 -13.8608754084248 1.44138662801823 -14.0136331299864 3.3944205693919 17.4376744459576
Philander_opossum 4.03233419428769 -17.6341534203764 -7.04344891477085 -2.56729392365016 14.1667560815469 -9.48926216146182 4.50121117535382 8.27640917117334 -7.07599208868238 -0.355630561573838
Phocoena_phocoena 113.029240782426 47.5063260363484 28.0985630092535 0.947183253519525 16.7539482656745 -13.7223762899573 5.70495603165584 -22.8062751972708 10.3095013680394 -5.50163779167776
Phyllostomus_hastatus 55.6765215969597 -45.8544508035758 15.8571022785252 12.0173022434938 21.4780822541017 4.06717107165373 2.29577688776016 5.14279303585546 -15.006868496616 14.2056102389086
Pipistrellus_hesperus 24.1932134543693 -40.8160613030327 -14.7409529518521 -27.6442279476621 8.18723760246676 -7.03760381586488 8.54823980375972 15.7861799006777 -3.23403435411465 -6.80403722587621
Pithecia_pithecia -5.246209535922 30.6459675866989 -6.31268901187393 44.9293302824923 30.5685331968946 9.33423347848735 -23.3130526001218 -11.4727910521901 6.07264332976109 8.29371570522216
Planigale_ingrami 12.9302043719988 -6.48000762950806 -30.393242867196 -13.9206183533509 -6.33881192759669 6.06729551868281 4.9296270398931 -5.66158915527809 -3.67394177170831 7.37929698113411
Platacanthomys_lasiurus 2.16183126739868 -31.111966581574 0.482468285696101 12.4568523471636 1.24600169045472 -2.18312025214198 -8.78968986385575 3.77239555427341 5.59770216147733 5.79002551647533
Platygonus_compressus -7.61700807378731 29.3560958234152 21.4609956140042 31.0658717983406 18.7749741305341 -16.6532203528427 -8.37448454546337 -14.1968202169081 2.46850663418682 3.32632831227892
Plionictis_sp -6.27012031998363 -15.4270858002013 31.9838015912277 12.574363111489 4.38571130885844 13.1180545251053 -7.53694668939629 -11.4764098155699 2.50886131391059 4.55516037617244
Pongo_abelii 40.8237768597129 37.8335563332406 14.1988126757099 59.03346010867 32.6098809213659 0.334128847005904 -17.5838767425996 -18.7656342823772 19.0481393058065 3.15138468424199
Pontoporia_blainvillei 91.9376625419966 42.9303580462802 23.3175107383969 11.4789872763229 -8.85461251163832 10.4535774235156 0.288670699300536 -21.4788051365698 6.66759242295698 2.79781613710695
Potamogale_velox 25.3242960444726 -30.677406580966 -9.61793892665004 3.98433759862265 21.4714124970329 -1.05513961283363 11.8456146671272 7.99533591981812 -8.35002545715851 0.646394028416878
Potorous_tridactylus -8.77758469459398 -9.23239452105714 -3.98425678406068 10.2137424384742 6.56263950063643 16.6710918035034 1.48753675530328 8.52827255754052 0.88853217793589 8.12244850906054
Prionodon_linsang -8.12194616502091 -14.2410581863515 38.8893534079452 3.08626664040998 18.0984273324237 -1.51895372498783 -10.0635013117056 -10.1829584818878 -13.6134905751708 7.28639117645673
Procavia_capensis -31.696332403701 -10.6761074925679 17.1328755887891 18.0739121913221 15.7002369116346 6.00259398296103 -5.23360002967894 5.38971613203991 -8.50681660377278 9.12737783712811
Procyon_lotor -5.36088008457575 6.43509453304215 -10.1574627427702 35.3605041589995 26.935815021826 2.52988051112218 -18.3538689915286 -8.15968514142027 -5.93482997193214 2.90418824724631
Promartes_olcotti 13.8937354018588 23.9013158438312 -9.02732511631978 20.8237364710381 16.2595972285964 21.658321818919 -7.60158273910748 -0.703079398308048 9.2272567923475 6.4579433406361
Prometheomys_schaposchnikowi -9.59357314011559 -17.8208871230471 -0.728662308997906 9.05938625147613 -4.06035853073081 5.06718347726395 -12.8725712862631 1.64200866849463 4.73572258248596 6.63443470001938
Pronolagus_randensis -39.4666046054462 -25.3946942334581 -6.80535217313977 -20.3472865685423 33.7082989742102 22.6642744812209 -14.3915457921904 17.1616595197502 17.9137143092831 22.376073425835
Propithecus_verreauxi -10.2162791536645 8.3261493108449 -3.39518825630568 41.7374728474392 24.5411790332758 15.0519025242881 -22.5450472924449 -3.01148616681467 -4.20015763578449 -0.197669248750167
Proscelidodon_patrius 18.9367337519015 0.0738949496994353 27.6442655184408 16.4200150228973 -0.770317094515634 -9.63770604565252 11.5386753302171 6.83456909131701 -5.7883424527003 9.02564571463832
Prospaniomys_priscus -42.6833753511438 -39.5776421693687 10.6065099217246 -0.711540919938189 -0.817029996676444 -6.58886597110339 -14.0519460908728 1.73438909586643 -0.965453939187877 1.59323176605928
Proteles_cristatus -0.647122295681825 -15.6513779863496 8.93906564797127 12.0747597962296 26.7169694165725 -1.79531279535138 -8.43384559577895 -6.14979711504174 1.68589434559393 16.3723433658614
Proterotherium_cavum -76.8142148774307 -16.2370894036563 21.83057149791 0.349953893926332 -1.88442188709305 -19.3678092134218 -8.71075764958666 -6.19850958387626 2.70996814416429 5.56401877855079
Protocetus_atavus 35.7454312980728 -11.5150226317872 -6.87828230506313 -0.129533149013877 6.6491353067772 -17.0063212353381 -15.9427420370534 12.0700190807861 5.82962517238202 19.0882621515023
Protosciurus_rachelae -25.0088961844753 -30.1734141836346 2.67419158597295 3.13081554506781 -2.31208804183936 2.87688050590714 -5.7372358366478 2.24045731949705 4.23087978254191 13.3820191237457
Protypotherium_australe -62.3541439416231 -14.7726648473238 -5.40482749039769 8.38311950500417 19.5154316770566 6.65281659960153 14.273797457944 -0.26879648576066 3.95824989993263 7.40123248726128
Pseudaelurus_validus -25.2458686293861 -6.39010795216832 22.3202747851638 15.3481136252606 14.1219735757601 -1.09652931208918 -10.8330829015735 -3.56002285051528 -3.61703647401835 2.72232037449357
Pseudhipparion_gratum -42.3405810817897 -10.4424938005012 3.56827462426363 18.8072151617108 21.3559678081365 -3.48781443170714 -3.82003706492272 2.90121736718739 0.503017545051267 10.7697858234906
Pseudocheirus_peregrinus -14.9013249304341 -30.6460306821274 -0.194381872685539 4.66969783135593 3.8000372181084 -1.55521996781924 -15.8586590301227 3.40392476187072 2.43722423451717 8.57547821519224
Pseudochirops_cupreus -10.305813908478 -22.059075298552 0.319548460290415 6.70849077690937 5.63309969748893 -4.43697655138223 -6.81163221867164 2.95778528221418 -1.30850561507699 6.61163777406435
Pseudotomus_horribilis 3.01666203865654 -19.6825719352317 -9.7442481426543 -7.64316495468553 -4.88750763178354 6.31464336343593 -18.6132280144089 0.659410044683478 -0.296882194863591 9.70972164144377
Pseudotypotherium_pseudopachygnathum -81.3911398417505 -16.2589757476131 1.97678935569809 5.3645315641294 9.0045024768108 -3.8483442951112 23.7017954408238 -9.20463108916708 -9.60865674412825 16.2492670552987
Pteromys_volans -48.2561442823373 -31.1057108231356 9.45038233232585 30.5771844209366 4.65610600192441 1.92378882936556 -11.3546525859215 -2.63932844242608 7.65927197721197 11.4437179169145
Pteropus_giganteus -28.5888582165968 -3.45311105449124 10.6489226153097 25.1944870854456 17.2365237935412 -11.9423747016011 -10.4076430745968 -1.64015418698279 -1.33966608705644 4.15467491211474
Ptilocercus_lowii 4.56010550108199 -17.6620770308666 -7.23017829314891 14.9750290098608 21.9294745660805 8.30288162111254 -7.78118733764622 2.04930953135536 -7.86881567293396 8.52642396351265
Quercygale_angustidens -3.75730146461746 -25.9405379630326 31.8128170724965 -17.7962843305463 17.9646938776959 -9.83356005437296 -17.1925925149623 -1.37688764102982 -8.58464148454219 7.78801114747619
Rapamys_atramontis -25.738450825115 -31.5735284446311 -2.36195313757356 0.800788093382284 0.186440446396766 -14.1592352909869 -6.19582815791541 -1.2098920953778 1.14394993681376 7.376287612925
Redunca_arundinum -58.1282592338581 1.02157954327755 5.56849684997177 24.729551879773 28.9834441361658 2.5895004555319 -5.59959772266112 -3.30327848279707 -1.49953015356829 4.2074731277973
Rhinolophus_affinis 17.8588958597711 -52.0828179962879 31.8852738584901 20.1459494423129 10.2590590867301 -6.85079035353196 11.829559647316 15.4622692785506 -3.13446438744828 1.23144198810253
Rhinophylla_fischerae 54.6059968388145 -23.5186592121798 13.851511793168 14.3672652020801 13.8629041533405 -3.36164771241676 6.54727194918825 12.4236479947634 -8.30470249592361 6.82259267106316
Rhinopithecus_roxellana 11.0367766511177 27.8795758718333 -5.32233107746408 55.7348301466701 24.7967652628454 12.6930441271363 -16.4330145164307 -10.0601703495851 7.73356864662294 5.0227062960161
Rhinopoma_hardwickii -16.0741492905426 -47.4548248631378 8.85550946996969 -10.104364207496 0.765029644669554 -30.5810060844743 8.82470496042232 24.1833957588184 3.51575215633185 0.242101881886693
Rhipidomys_fulviventer 0.984303490118212 -26.3330220015632 11.1952726957508 22.0785115891992 7.89342711425853 10.0290592907321 -11.1684836860638 5.19004842624729 4.11051992024455 6.85808618923969
Rhizomys_sinensis -37.2417032392617 -6.33102036263051 -24.9741366835185 4.23644230751365 7.25442907204362 -15.8368163147308 1.94263669462488 15.5454520440967 13.6825746872251 12.3483207935464
Rhynchocyon_petersi -19.3400018602307 -12.6104689544466 6.36809866547999 14.4480673202737 2.56002409348431 -14.1973999356469 3.18071732932942 17.4504759525546 0.317401724759028 1.41127716774254
Romerolagus_diazi -36.6810793848427 -17.3492600974286 -5.06031371938194 6.57187201904313 16.9201513158678 6.96298727441567 -15.1661361662613 8.18964012567822 7.98723734482951 14.9454183750881
Rooneyia_viejaensis -7.68724024874508 2.49304353936589 -8.4800288971217 28.6890571787721 8.98118710050167 16.4405174117819 -7.46561457185721 -3.34860631401141 -0.0171672213866266 10.0433941364407
Rousettus_aegyptiacus -10.8171284599121 -13.8755259863859 -5.49504188607586 8.24453485327856 9.42429814172394 -5.6530088232791 -6.16343549918106 8.65340014714421 5.47406642560278 12.0095083733715
Saiga_tatarica -18.2893662489169 36.7329450444839 1.90746605882236 14.4758685719311 20.9253550485689 0.224875869124122 -0.927070598066163 -2.46371180514744 -6.5187321841597 -3.98758164157321
Saimiri_boliviensis 0.122010462235912 56.3710177311756 -13.1469063754576 38.2550126080888 27.9910407494651 15.1897819890107 -18.2834463166221 -5.28893758959852 8.94561330731614 9.87628801393479
Sarcophilus_harrisii -11.8289581420064 -22.9733485911821 -25.0034338036923 -0.654060123034922 7.81721745015465 2.242953568112 6.96439344822241 -7.96743444627481 -4.44818641856497 15.584789786199
Scalopus_aquaticus -10.5642637191446 -20.1953482002128 -19.6902283052348 -5.50057089749402 1.55900898468452 12.2512560536659 -5.28281252688818 3.05299760118194 4.87974417308432 11.0167835503969
Scapteromys_tumidus -2.50636745562113 -14.2012235137803 -1.06226624175132 7.18046310593405 10.9558528028748 21.9043317824861 -5.76042867827506 7.87793189331879 1.70346035716167 6.25499705400113
Sciurus_vulgaris -26.6347851795662 -20.2678149657508 9.14442783384173 20.5080056971027 2.79327263705502 4.94966442630826 -11.5404984026491 4.26203578260695 7.0745242854369 13.0654934735611
Scotonycteris_zenkeri -14.0307025900804 0.644565747558998 -3.80415985236194 0.427134483316109 9.16211317829193 -7.55799323558841 -9.24309603589273 8.12050115842234 7.42319791276628 8.23598608918364
Semnopithecus_entellus -5.43082956083528 19.7662006175535 -4.94836461286222 42.8912276206363 20.4710427256073 15.4833521166791 -21.5082833496265 -8.00537765197873 8.48772056724902 9.28313580358692
Setonix_brachyurus -25.1251817451556 -7.70644739653626 4.21306284892468 24.9716787636499 13.7297122196702 8.86530610553114 -9.61525817324421 8.46542993764169 -2.03608827985657 5.30406447227181
Sicista_concolor 11.5186108407089 -11.3247945538055 -11.5586983061234 1.93668518974167 3.53942533759406 5.9052093945404 -9.60282016499473 9.60642994259292 5.25802747208544 8.10442681196549
Sigmodon_hispidus -22.2305055060225 -21.041897348797 2.94398926876263 11.1022300855031 8.96903096420712 1.14762568996839 -8.50824119879624 8.29438513974785 6.47700092706311 5.07755737336438
Silvabestius_johnnilandi -14.7302350285203 -26.7374948107496 -7.23353568949544 3.28336414177971 5.58841106891994 -6.60908093672785 -9.88106296952559 -7.58840264314746 -5.61619659153597 11.664088216193
Simosthenurus_occidentalis -20.9248057056956 -21.3436528151033 1.81940949195646 17.4614326813879 5.91971090047822 13.2084181657558 -14.678419621788 8.15666820489822 2.59786979702721 7.57710625348815
Smilodectes_gracilis -18.9759162011272 -19.038534338976 -12.3995458920883 20.9430842246845 22.3451875840661 4.58514408014593 -10.4493971135232 5.82315903990589 -4.14139642836481 10.1753607561391
Smilodon_fatalis 4.87333004384688 -16.9949838395251 25.3646905637412 -1.63450033831295 24.2916357053762 -30.1854457103214 -8.30417901755261 -20.0469574480185 -15.1844134659952 -2.11038016303763
Sminthopsis_macroura 7.95663726523381 -12.0883136047191 -9.51550054083084 -14.3818957303557 -9.99337356015484 10.1362856678073 11.0058194215463 3.70642211323285 3.63908858574209 16.9520770207892
Smutsia_gigantea 46.2128505447434 6.75006089735964 39.3638738071164 3.49990710746525 19.4962814940826 -5.15288934384018 7.55566443808932 -0.0174616902511773 -10.8137399138157 -3.1763322456193
Solenodon_paradoxus -3.26785132395682 -32.3399479499663 -1.80167271829683 -4.61756089024276 36.7652170590992 -4.04392342578891 10.6665236946594 4.56005140726993 -11.3788443386971 2.81976072369223
Sorex_araneus 33.8760668830837 12.0482497089331 -32.4062705495962 -11.2067113732042 -3.90863689914123 2.69162800217239 9.7605273366318 31.620502400798 -2.67783549726733 -4.05468452860127
Spalacopus_cyanus -15.7897637971963 -26.8576775973251 -18.9034894526976 -4.50082012608098 3.59554415047251 14.5787426518396 -7.73738256707745 1.89491195599796 3.72977148810443 11.6935968215856
Speothos_pacivorus -8.34220988885159 15.8192294116159 11.9382834810062 28.256569654113 26.2829777179273 12.3781845402637 -16.1533019856814 -10.1371057360207 -1.77094685988552 6.4488650386491
Steatomys_pratensis 3.11459754142083 -0.828586180757313 -7.83352657601097 -9.97358687716641 -1.68297478837528 7.69028094261703 -15.5558603123895 13.0829756570849 9.51952881999414 10.7548609910721
Sturnira_ludovici 52.2145176661333 -29.9170892844215 25.4334406577516 18.3316331642639 1.05785147226424 11.477896685595 8.02140090151429 9.46842552278116 1.94591105111316 9.01829795805253
Suncus_murinus 11.47018071383 -17.2418551401092 -25.4494657203924 -18.2681405924212 2.71980784698323 -7.3274530650195 6.40761979967186 3.31654230741977 -11.7643631497272 -1.63913565218127
Sundamys_muelleri 0.440976549056136 -18.9764996455692 6.2411749407675 11.3097126153735 3.14558874286932 2.074354612479 -6.61340987852505 6.4952149132641 3.08177458004883 12.8910620522842
Sundasciurus_juvencus -11.3491869130559 -22.6497121848486 3.15233673294447 31.8483248364647 15.2126226522361 7.4649731189455 -14.3587519530292 4.57507792041954 3.1362225655837 10.6999315286753
Sus_scrofa 4.46226340846072 14.9549861934695 27.9080733132431 25.4933093778903 22.6019364720778 -13.7003901599552 -4.90526905270667 0.285724366078276 -8.73885526245953 13.206200876885
Sylvilagus_bachmani -40.0015211056225 -21.8347401485303 2.32182816075275 15.2922845575934 22.700656705764 11.3232860167351 -17.5614319348869 7.92250587150983 13.9807184631312 18.7101693940055
Tachyglossus_aculeatus 27.3401236703519 39.0377398381368 24.0323448258351 9.39102623988712 -9.70727146811595 5.07957803576162 -9.88717370997722 -12.6395004262218 1.79786813882569 -9.56431382100748
Tachyoryctes_splendens -25.8467669102043 -9.61017512898192 -9.42176455398837 -10.69230407061 -7.10633833476995 -12.7710544598626 -16.7168677249352 16.3280732897276 15.4635436332156 9.91509259408341
Tadarida_brasiliensis -5.12515168463884 -53.8822113859102 2.81399365730608 -13.6982423898876 8.45284381595856 -7.44567985281414 3.17324362407178 24.9440294485124 7.6875115998451 5.21346177478186
Talpa_europaea 35.1894858823316 4.16920583443646 -10.1373645572415 1.18844933725863 -1.90376486113681 13.2063872067029 4.71822942153574 6.62842357947668 3.5332656320212 3.59244151550487
Tamandua_sp -16.2305252472494 -25.5800659192996 4.1964623224077 8.78851186624244 15.7355989123516 5.98025366698617 -10.2477316229441 0.814992962088945 -1.62295453133151 11.267390140072
Tamias_striatus -22.4919411051255 -16.9673351501846 -4.79902081501893 7.91424443195709 8.90486619592004 17.8092436922661 -7.30430337375218 1.67950200126733 6.32705268469532 15.318733522763
Taphozous_melanopogon 11.1727922525133 -59.3022984412081 18.5775632715468 -11.6663183838185 6.4761099490528 -7.97114939489262 3.11047688798166 16.4650517905798 5.32902127948424 8.00381878092188
Tapirus_terrestris -63.3066840094813 0.820643469089479 -11.676042595907 11.1363921340362 2.60946655340664 -5.19120124771438 18.3751594500891 7.59443787607756 4.34965875923378 10.3117491750534
Tarsipes_rostratus 15.4823119119994 -21.2867318572202 -6.55485213118605 -13.6949210204404 -5.34618339609788 8.09577293137121 -3.5825382733672 8.16040505247563 2.59723254308466 14.5126757491737
Tarsius_tarsier 8.27779102533499 -0.231310122489494 4.51581524468635 38.8746734442386 30.9966804432103 25.5142680246065 -15.3498761125611 5.79310133262015 -1.41762676975323 5.09295712317929
Tayassu_pecari -1.89807862503595 7.15088885727798 17.0405141752852 31.876819741409 25.7827654421899 -6.78830625403488 -17.9965502828257 -12.8194319955694 -5.53784571112666 13.938828338875
Tenrec_ecaudatus 19.2253774468611 -20.4374767152662 -11.1737983261692 -7.98343792684801 6.58158073023206 3.3813416268721 3.29452357853876 7.83611580072316 -5.11672197394814 -0.348494269282479
Thalassocnus_natans 23.2042999977428 -28.7179546666724 22.5891230276989 16.4765813684784 10.9913329898343 20.2183171506191 14.0822501142747 -3.87514613518745 -3.47994099132707 4.39112243860973
Theropithecus_gelada -8.9771594645601 28.1555448781503 -8.38992126230325 50.407611818255 15.7748857986635 21.2641825802456 -16.531006983479 -8.99380658885074 8.85138711319095 -1.23378440001597
Thryonomys_swinderianus -38.7320713109894 -35.8299055305818 9.76763924848357 6.26497033785528 13.1897490986581 -4.66684559866699 -0.152077227937913 8.69597047658833 3.60678128537573 10.9295695087331
Thylacinus_cynocephalus -13.4458130639907 -23.880694935291 -6.49585277302288 -0.862133615993265 4.29186717287446 6.52244257098313 -8.08718520457064 3.3923232431562 1.65529381544089 0.35742817439498
Thylacoleo_carnifex -4.23342164819279 -21.7049843222971 -18.3300846514703 12.3892425392538 7.87066644422844 16.8439013022585 -3.5343134966347 10.8831318219391 -4.20579397662645 5.54868429822281
Thylogale_stigmatica -31.7853273908016 -20.0130230213035 4.99709950904528 12.2749443128839 15.3956523188758 13.1523525410807 -11.0498653080346 2.92530239658873 -0.793693254613026 6.35095754128633
Thyroptera_tricolor 40.6301752600257 -32.7358982409054 23.6915099544369 26.4567657651443 21.6210892703203 -0.605832041203472 6.50336413451809 32.9957638323172 -11.7705638874761 1.53918201435522
Titanoides_primaevus 3.83941821172403 10.178921477363 -14.6527299070914 -8.51232138539118 0.325655614149096 -4.73098212578134 2.23083560310016 -20.7447015986944 -12.9255729235722 25.1312062956111
Tomopeas_ravus 5.86833797411827 -48.5933068666305 4.8589695609386 1.99816043163952 -14.6894538841061 -11.5826305739193 17.8708714597879 17.9102463828977 7.53284766292823 6.0634643558682
Tragelaphus_scriptus -34.2876855133854 9.90459222730654 14.6557825620493 30.7871275545123 28.126753011602 0.87042831915397 -7.75618429663146 1.51186453024601 -5.28433455658836 4.96401712639991
Trichechus_senegalensis -4.6020932847036 -12.5854431784558 -13.9858698082824 53.5958753621342 -8.23340464659812 -16.01077864405 1.77155366428475 -1.22887385487011 8.59841741384282 5.86638148115946
Trichosurus_vulpecula -21.5958858903163 -17.9724690218971 4.40584637284264 11.0489388959437 -0.881777703428083 0.298676128704384 -8.92873802362888 0.291773143098079 1.74610691389597 3.5842806784675
Trinomys_iheringi -23.9486173543486 -38.7650531954566 9.83146105367387 13.0686133487388 16.1088904207504 -3.83499609420917 2.01631367191654 14.6157252179603 4.04905735294517 7.76016310185528
Trogosus_hillsii -1.85306352104166 -37.0677173056162 -3.16247538444994 1.66115758931687 6.27643257247995 -37.7193480352699 -2.62718057074588 2.77823294532237 -17.5585286991785 10.5960761147719
Tupaia_belangeri -13.3220177558892 -15.1902954638248 9.96072857335934 11.1327023073246 7.37048908290136 8.04898123939103 -4.20776291437453 -1.97098167422674 0.310431191091972 8.25690485365123
Tylomys_nudicaudus -11.112722947464 -28.1468856852418 4.26256989574275 16.6518186881345 5.04105258597306 -12.1035846139318 -13.0965898653561 2.81846426799423 1.04602395782081 -0.138738220585436
Typotheriopsis_sp -81.3834727207273 8.64655155531015 1.8660519502712 10.3287383536311 12.4299899562935 -3.8062734620998 17.9152168025698 -7.36066204669587 -11.4319382116837 8.64191224270061
Uintatherium_anceps 26.6909666797562 13.8736357527941 -25.7684102906073 -14.6719314665427 1.5494271714674 -12.2757459765365 19.831591223813 -7.97426106369868 -12.6716394389706 11.5435872710245
Urocitellus_columbianus -27.8084089673751 -12.8216249743518 1.67269176111717 28.5544824212075 1.77730295660433 10.2227351053536 -8.89173935253729 -1.97770228589151 3.73274042509688 13.6116987876018
Urocyon_littoralis -4.32604889643747 14.8448479284993 17.8823254393871 26.2261038603405 23.1067007649541 23.510423182254 -17.6964875677513 -1.73566867978154 -3.06209738281418 -2.17256712408941
Uromys_caudimaculatus -8.25340809572423 -12.28556777522 -4.98791592112234 7.60020095383762 2.88405251822077 2.53993856499373 0.00974211057302501 11.8375986403783 -3.03201474455298 3.22932964334275
Uropsilus_gracilis 41.2443228163686 19.6266261715197 -27.7338756245887 -9.25726452126773 -4.78203039393762 26.4287676010375 11.5864625831415 10.6219588975487 -1.32363626141677 -0.426881147012496
Ursus_arctos 7.39818891423813 0.955978475655813 -13.1386398174663 0.953703806595744 19.0606334875921 -13.6345256709523 -24.9025567144205 0.178880583689462 -7.24928148064029 6.08062999437723
Ustatochoerus_profectus -4.68521804497083 -42.3716279444579 50.7260745888131 4.00112630057237 33.2384883548099 -4.35714921047308 -30.0138383686373 19.7130285834124 -10.3577898814348 21.7741072638388
Vampyrum_spectrum 41.0851089246744 -50.1283734637028 28.0732745156041 5.28346211437706 17.175175952679 11.4981302445847 14.906380677214 20.8419343466563 1.29061266128297 19.3507567414467
Vandeleuria_oleracea 7.87151918965542 -18.4486446503626 4.40469465258481 11.9399875508809 10.9719213113356 3.53942656417863 -9.5288607904277 0.680794587844206 4.47961335997088 8.98270665383059
Varecia_variegata -1.81336143248841 -6.93502490800075 15.8777293964997 32.3781821520243 19.6476320301695 21.5877457255567 -14.4404276544222 -2.87477850961688 2.33921333369895 2.15476851117831
Vombatus_ursinus 2.50386468247656 -18.1249503950856 -13.8418460729377 12.4128128692632 -10.8696952393045 11.5707221850248 -4.38582099035893 10.3904528331273 -3.17543498021586 6.04839874934501
Vulpes_lagopus 1.66439992645691 26.8043219429949 4.68225796791886 30.9454010849628 23.6610858686901 7.09923527033334 -17.9603179511728 -6.57875896196158 -6.84645251435308 -2.12668109760969
Wallabia_bicolor -45.3003924863493 -20.8446417206316 -9.20339262023481 15.5033015890994 19.747424182271 24.6094936124487 -1.69744223946678 -4.8287297825311 -0.0856535778044685 8.75022408321946
Yalkaparidon_coheni 26.4415589628829 -7.39378676575144 -15.7399979186855 -11.535733821325 -5.68207408823415 16.8158112873505 8.24123022754502 17.1550926110004 1.36421817325491 3.2190744762595
Zaglossus_bartoni 45.4923613195209 50.6768548416183 5.77961676408361 -5.45107619191277 -6.9358858051051 15.2708180444918 -6.51917017214457 -12.2775085850504 -6.44709364566821 -7.57852749102331
Zalophus_californianus 69.4682524374521 8.55816216614152 12.9870758371103 22.7578864911672 4.18962439914978 3.92712095132081 -27.5492350184011 -30.2102658400662 -2.45568518273082 4.66959800108458
Zapus_hudsonius 7.73255857539406 -16.6365764745368 -2.56318657892721 3.57207827312166 2.91990745038028 3.14260652703624 -11.8815441984343 12.7589109109643 3.43711786000858 7.64520977450514
Zenkerella_insignis -15.1973395539476 -27.5251415419702 3.78767151623302 25.7188384843361 9.16590271856168 -5.0199648473665 -10.6514841479098 3.62284514960125 4.24069729645021 9.22554369025018
Zodiolestes_daimonedlixensis 1.75324134320512 0.72969275495713 16.0850793440378 8.47198143190855 -2.73966141352441 21.1357383683016 -3.23778480039608 -0.731225876282477 2.11110108498742 0.375276341472006
Zygodontomys_brevicauda 20.3369709713912 -7.20458260877454 -0.303454057699011 -0.865962710970112 -1.77003419313617 5.55211099540946 -6.9928216111582 13.0226135166151 4.81569983794762 4.90954181385123
Zygomaturus_trilobus 27.3483648986865 13.5678270372393 -23.226768428169 14.4417179726172 1.19709879008293 -3.10819674290364 -10.1974677223643 4.85373387336577 -9.01130396355063 2.00289338121295
