spp.names	lnCsize	lnMass	lnMassSq
Abrocoma_cinerea	5.03451173984463	5.26600076507149	27.7307640577336
Abrothrix_olivacea	4.3470901788395	3.19948911106801	10.2367305718428
Acinonyx_jubatus	6.222428196194	10.8312703964049	117.316418400037
Acomys_cahirinus	4.50198450954661	3.71746691096585	13.819560234126
Acrobates_pygmaeus	4.30469125019259	2.62756295018952	6.90408705720867
Adapis_parisiensis	5.42833783582679	7.7621706071382	60.2512925343203
Adinotherium_ovinum	6.22012914627276	11.6952470217642	136.778802900084
Aenocyon_dirus	6.43762504605714	11.0566827189745	122.25023274807
Aepeomys_lugens	4.59006015013974	3.61091791264422	13.0387281718549
Aethalops_alecto	4.43658428147924	2.70805020110221	7.33353589168972
Agriochoerus_sp	5.89117150349787	10.86919682254	118.139439567114
Ailuropoda_melanoleuca	6.50242889789588	11.678439818702	136.385956599045
Ailurus_fulgens	5.92807617091318	8.55064344127057	73.1135032597434
Albacetus_salvifactus	7.24004084710053	15.7895915839863	249.31120238909
Alcelaphus_buselaphus	7.12213727609844	11.9887736067309	143.730692593447
Alces_alces	6.72155899575617	13.0431053417951	170.122596957165
Alouatta_palliata	5.96327582967548	8.79133247285014	77.2875266481894
Alticola_argentatus	4.52033911647347	3.62939480727904	13.1725066671041
Amblysomus_hottentotus	4.49728918197788	4.13676527810605	17.1128269661438
Amynodon_advenus	6.4355900733817	12.4799093111599	155.748136414776
Anomalurus_beecrofti	5.25982128213458	6.17184672452089	38.0916919909792
Anoplotherium_sp	6.40458072270838	12.4554997383579	155.139473732234
Anotomys_leander	4.63782850890231	4.19554644273107	17.6026099531133
Anoura_geoffroyi	4.35389783772102	2.71800053195538	7.38752689170972
Anourosorex_squamipes	4.24072192068975	2.99573227355399	8.97441185481296
Antechinus_flavipes	4.50763362791665	3.79166164875696	14.3766980586544
Antilocapra_americana	6.31252882136445	10.7674320147862	115.937592193043
Antrozous_pallidus	4.16989227264848	3.10189246938238	9.62173689161113
Aotus_trivirgatus	5.57085459916505	6.81607849041023	46.458925987433
Aplodontia_rufa	5.34897783197432	6.69234425447615	44.7874716204199
Apterodon_macrognathus	6.15567966229078	10.7580518057725	115.735678655685
Archaeolemur_sp	6.22495511418678	10.1849000119743	103.732188253914
Archaeotherium_mortoni	6.36068241279771	12.3458345879053	152.41963167192
Arctocyon_primaevus	5.37048171857364	9.68930374259339	93.8826070162343
Arctodus_simus	6.80773610825436	13.1726058198403	173.517544084891
Argyrocetus_joaquinensis	6.60193268296404	11.2910311330565	127.48738404765
Artibeus_planirostris	4.63824921747025	3.77574498713552	14.256250207879
Arvicola_scherman	4.69290278042459	5.605802066296	31.4250168064885
Asellia_tridens	4.11404747249734	2.56032328907275	6.55525534456833
Ateles_geoffroyi	6.17826654984357	8.93358505121332	79.8089418672622
Aulophyseter_morricei	7.02826586344795	15.9565809229638	254.612474751091
Australopithecus_africanus	6.6034049658503	10.3254819625955	106.615577759885
Babakotia_radofilai	6.0084071694517	9.95227771670556	99.047831750434
Baiomys_taylori	4.18556497508697	2.00552585872967	4.02213397003337
Balbaroo_nalima	5.81892512019844	9.1484649682581	83.6944112754456
Barinya_wangala	5.0444772625935	6.09807428216624	37.1865099508173
Barylambda_schmidti	6.08494600159855	13.3374747570213	177.88823289418
Bathyergus_suillus	5.05390286957657	6.6559292913056	44.3013947308599
Batomys_salomonseni	4.82834964257256	5.22445551794958	27.2949354590338
Beamys_hindei	4.75391359777588	4.32809829264833	18.7324348308254
Berylmys_bowersi	5.07080879567894	5.88243062608385	34.6029900706892
Bettongia_penicillata	5.42151002970104	7.07694937986859	50.0832125252224
Bison_bison	6.85377024621385	13.3448300116619	178.084488040151
Blarina_brevicauda	4.14900994220795	2.92100872735805	8.53229198530192
Blarinella_quadraticauda	3.85735385400135	2.52572864430826	6.37930518467922
Borhyaena_tuberata	5.88358205201415	10.0432494949113	100.866860417036
Bradypus_tridactylus	5.58885667093051	8.38384463921824	70.2888509345485
Caenolestes_fuliginosus	4.44656249645312	3.35480434209244	11.2547121737223
Caenomeryx_filholi	5.45460533460756	8.28399930424853	68.6246444727901
Callosciurus_notatus	5.23217516274012	5.34467600552605	28.5655616040459
Calomys_laucha	4.26669293724191	2.63905732961526	6.96462358899602
Calomyscus_bailwardi	4.49598627525644	3.0624559055969	9.37863617372532
Caluromys_philander	5.06871492828633	5.50724028222227	30.3296955261317
Caperea_marginata	7.01732387428949	14.97866136777	224.360296370324
Capreolus_capreolus	6.20168574195264	10.0213599175359	100.427654596794
Capromys_pilorides	5.49257505396174	8.55641390456952	73.2122189063106
Carpocyon_webbi	6.24471245360947	10.3734911817819	107.609319298506
Castor_canadensis	5.9863359532869	9.80501492746892	96.1383177278883
Catonyx_tarijensis	6.70384089695359	13.9636719089448	194.984133180654
Cavia_porcellus	5.30568797928005	6.59028731183861	43.4318868525809
Cebochoerus_lacustris	5.57848232815917	8.98719682066197	80.7697066933167
Cedromus_wilsoni	5.11410336480792	5.97505565457393	35.7012900752559
Cephalophus_leucogaster	6.22574345792688	9.48863022530147	90.0341035525046
Ceratotherium_simum	7.0957206205675	14.6422876269229	214.396586949539
Cercartetus_concinnus	4.27230963031624	2.77008559202166	7.673374187126
Cercopithecus_ascanius	5.94623940491895	8.1719498004399	66.7807635409098
Cerdocyon_thous	5.85834224291159	8.65550364611003	74.917743367824
Chadronia_margaretae	5.84434536580095	8.9226582995244	79.6138311300717
Chaeropus_ecaudatus	4.82978576988795	5.39139778956405	29.0671701253161
Chaetodipus_penicillatus	4.37561762631182	2.74534598584591	7.53692458200024
Cheirogaleus_medius	5.13809188323286	5.28198471192714	27.899362497032
Chibchanomys_trichotis	4.61314324732552	3.91182298542548	15.3023590693031
Chinchilla_lanigera	5.21869943657312	6.17436926716252	38.122835847281
Chlamyphorus_truncatus	4.85347857992949	4.42520584876782	19.5824468039689
Chlorocebus_aethiops	5.99512644639512	8.21500372713021	67.4862862367632
Choloepus_hoffmanni	5.75959939692912	8.68160532766662	75.3702710653695
Chrysochloris_asiatica	4.47220188286355	3.61523291394564	13.0699090220759
Civettictis_civetta	5.96767992960212	9.39894051049351	88.3400827197961
Clethrionomys_glareolus	4.43315144281573	3.03158192644769	9.19048897676428
Colobus_angolensis	6.09670600576485	9.10390260962977	82.8810427256237
Condylura_cristata	4.5241304859921	3.87432113824413	15.0103642822453
Cormohipparion_occidentale	6.65315470325265	11.9250351157971	142.206462512993
Craseonycteris_thonglongyai	3.7474521387088	0.672944473242426	0.452854264067526
Cricetomys_gambianus	5.28099419572453	7.14481751443355	51.0484173145564
Cricetus_cricetus	4.98810477424592	6.06134036201897	36.7398469842403
Crocuta_crocuta	6.44670413558894	11.0567455267108	122.251621642438
Cryptoprocta_ferox	5.88672110154724	9.15904707758863	83.8881433694849
Ctenodactylus_sp	5.04947948875513	5.15675380222625	26.5921097767749
Ctenomys_conoveri	5.19906436813689	6.75692076127297	45.6559781741217
Cuniculus_taczanowskii	5.82777227201475	9.10497430074737	82.90055701727
Cyclopes_didactylus	5.23438427865802	5.57575969126963	31.0890961347871
Cynocephalus_volans	5.27578278356783	7.13089883029635	50.8497181279218
Cynodictis_cayluxi	5.51937001854061	7.9373746961633	63.0019170672934
Cynohyaenodon_cayluxi	5.52957291523397	8.59267165259214	73.8340061292606
Dactylomys_boliviensis	5.3042470863763	6.59139934594575	43.446545337734
Dactylopsila_trivirgata	5.27009433836089	6.02443983660193	36.2938753448363
Dasyprocta_leporina	5.7145937718716	8.00969203547827	64.155166503204
Dasypus_novemcinctus	5.10951812648139	8.2812201935701	68.5786078943932
Dasyurus_hallucatus	5.05329866796994	6.15468822821	37.8801871864667
Daubentonia_madagascariensis	5.83875803570843	7.91255859380552	62.6085835004056
Delphinus_delphis	6.72577495166503	11.2806363451448	127.252756351401
Dendrolagus_lumholtzi	5.78788201374839	8.80236762236153	77.4816757591985
Dendromus_mesomelas	4.20749192944808	2.32238772029023	5.39348472335483
Desmathyus_sp	6.11124016051622	9.33176122718052	87.0817676011097
Desmodus_rotundus	4.58959673087523	3.50134433026709	12.2594121190935
Dichobune_leporina	5.63327180088308	8.79543080504002	77.3596030462469
Dicrostonyx_richardsoni	4.55491744053182	4.44265125649032	19.737150186795
Didelphis_virginiana	5.32119710853155	7.80060541416681	60.8494448275286
Dinomys_branickii	5.84552310305357	9.43348392329039	88.9906189309783
Diprotodon_optatum	6.59072612073369	14.8087623309746	219.299441775291
Distoechurus_pennatus	4.7218977241175	3.96537418092514	15.7241923947477
Dromiciops_gliroides	4.52890077157747	3.2188758248682	10.3611615759209
Dugong_dugon	6.63716324555886	12.594730635322	158.627239776317
Dymecodon_pilirostris	4.18637185857074	2.73825604315928	7.4980461578983
Echimys_chrysurus	4.94784022382013	6.41344256359036	41.1322455164725
Echinops_telfairi	4.44098733212536	5.02552390659001	25.2558905357077
Echymipera_kalubu	5.07772512576596	6.71557730692481	45.0989785652834
Ekaltadeta_ima	5.84676011008916	9.31470038730042	86.7636433051747
Elephas_maximus	7.35087789315863	15.0002376479292	225.007129494353
Eliurus_webbi	4.84487094186637	4.11300274404063	16.9167915724858
Ellobius_sp	4.6674903648544	3.68887945411394	13.6078316269839
Enaliarctos_sp	6.1682294364861	11.3144745262464	128.017333805078
Enhydra_lutris	6.31452978210897	10.2186971179442	104.42177078828
Eonycteris_robusta	4.72057961670685	4.36131359307634	19.0210562571525
Eptesicus_andinus	4.08085137561159	2.21920348405499	4.92486410364183
Equus_quagga	6.79997646963414	12.8992198260901	166.389872121796
Erethizon_dorsatum	5.92489478282204	8.91186155723278	79.4212764152835
Erinaceus_europaeus	4.92721167862913	6.65666225476097	44.3111523739594
Erophylla_bombifrons	4.40855288810494	2.78993736057439	7.78375047592882
Erythrocebus_patas	6.07038135237163	8.9829754230877	80.6938474517977
Eulemur_macaco	5.71809202688032	7.8121475035391	61.0296486170523
Euphractus_sexcinctus	5.62179373289492	8.46192569454776	71.6041864600476
Euryoryzomys_macconnelli	4.62653774007824	4.19705156041436	17.6152418007766
Eusmilus_bidentatus	5.89799941739521	10.4631033404715	109.476531513387
Eutypomys_thompsoni	5.24566489518595	6.3919171133926	40.8566043844812
Felis_lybica	5.87213669651157	8.42794221749148	71.0302100213752
Funambulus_pennantii	4.96841960752448	4.62976523284347	21.4347261112462
Furipterus_horrens	3.8346509632675	1.14740245283754	1.31653238877761
Galadi_speciosus	5.05444103047651	6.83410873881384	46.7050422539317
Galago_senegalensis	5.14060086741846	5.37156782828763	28.8537409338947
Galemys_pyrenaicus	4.66398882843157	4.09717388923226	16.7868338786066
Galidictis_fasciata	5.47775549111246	6.30990009624304	39.814839224568
Genetta_genetta	5.66993623057365	7.47089058044313	55.8142060649538
Geocapromys_ingrahami	5.22835006480856	6.59785486374165	43.5316888029993
Geomys_pinetis	4.97354706464745	5.3040508983958	28.1329559327733
Gerbilliscus_afra	4.798630236438	4.52320062312084	20.4593438770008
Gerbillus_gerbillus	4.53194444417892	3.29546642702991	10.8600989716813
Giraffa_camelopardalis	6.96151991379895	13.7795255235519	189.875323654219
Glis_glis	4.82670576117033	4.85273314184304	23.5490189459419
Glossophaga_soricina	4.23519012948175	2.29958058397375	5.28807086218904
Glossotherium_robustum	6.70235329641448	13.91383437402	193.59478698766
Glyphonycteris_sylvestris	4.28172424881916	2.18717424148272	4.7837311626055
Glyptodon_sp	6.32469302461328	13.6670105496458	186.78717736413
Gorilla_gorilla	6.60849494864479	11.6314992101556	135.291773875851
Graphiurus_nagtglasii	4.85047111730605	3.40119738166216	11.5681436290255
Gustafsonia_sp	5.55937697624927	7.72753511047545	59.7147988836308
Halitherium_schinzi	6.53340673324756	12.4292161968444	154.485415267899
Hapalemur_griseus	5.51080307881677	6.82001636467413	46.5126232144229
Hapalops_sp	5.99322010503426	10.7995755770928	116.630832645339
Heptodon_sp	6.05148987326351	10.0858091093301	101.723545389846
Herpestes_javanicus	5.4194806813888	6.62007320653036	43.8253692598211
Hesperocyon_gregarius	5.61620149190929	8.00636756765025	64.1019216283217
Heterocephalus_glaber	4.48392183616745	3.67275007218405	13.489093092728
Heteromys_desmarestianus	4.69045980419547	4.30406509320417	18.5249763265386
Hippopotamus_amphibius	6.86796089414613	14.244894255607	202.917012353425
Hipposideros_turpis	4.40175076059917	3.50585765220559	12.2910378775285
Homalodotherium_cunninghami	6.45349038067573	12.8992198260901	166.389872121796
Homo_sapiens	6.75563221534536	10.9774763220602	120.504986401392
Homotherium_serum	6.45850213432921	11.9183905730784	142.048033852444
Hoplomys_gymnurus	5.06092333283679	5.63984821536011	31.8078878923006
Hsunycteris_thomasi	4.22463047660202	1.95868534054404	3.83644826326211
Hydrochoerus_hydrochaeris	6.08950339101363	10.7819707003196	116.250892182551
Hydromys_chrysogaster	5.1792902464496	6.43962189972807	41.4687302114574
Hylobates_lar	6.06528638808235	8.62669492040116	74.4198652496752
Hylopetes_spadiceus	4.873212636154	4.77153172320332	22.7675149855356
Hypsiprymnodon_moschatus	5.25014767862897	6.28086389419926	39.4492512574559
Hyrachyus_modestus	6.10736452125079	11.5129254649702	132.54745276196
Hyracotherium_sp	5.72293992161747	9.27799902045	86.0812658234711
Hystrix_indica	5.50816275097681	9.56791690935737	91.5450339843668
Ignacius_graybullianus	5.02201447228197	5.53338948872752	30.6183992339602
Inia_geoffrensis	6.67272499964802	11.7070995027782	137.056178767949
Ischyromys_typus	5.32731887780792	7.08930153530834	50.2581962585252
Isoodon_macrourus	5.13280228824145	7.31705967425302	53.5393622765797
Isothrix_bistriata	5.2218579453201	6.09805181000363	37.1862358774885
Jaculus_jaculus	4.70996513872902	4.09100566095659	16.7363273179788
Kerivoula_pellucida	3.91988270003469	1.42069578783722	2.01837652157843
Khirtharia_inflata	5.5026940894237	9.34548296591848	87.3380518662724
Kogia_breviceps	6.82337167716558	12.9750227895056	168.35121638819
Kryptobaatar_dashzevegi	4.28946584912029	4.44652609254849	19.7715942917146
Lagostomus_maximus	5.62214645930286	8.4469724235158	71.3513431236364
Lama_glama	6.5188021127345	11.2685923675324	126.981173945609
Laonastes_aenigmamus	5.21592900700159	5.92425579741453	35.0968067531997
Lasiorhinus_latifrons	6.06229601434016	10.1721320549608	103.47227054356
Lasiurus_intermedius	4.293365394514	3.13375357145137	9.82041144658419
Lemmus_lemmus	4.62196821165256	4.21390379727974	17.7569852127286
Lemur_catta	5.69704176059967	7.87339982566866	61.9904248148393
Leontinia_gaudryi	6.6303813660858	13.0170028617465	169.442363502717
Lepilemur_mustelinus	5.36801830725422	6.50582890217214	42.3258097043383
Leporillus_conditor	4.96294269388569	5.79551048858273	33.5879418232724
Leptailurus_serval	6.00394071698233	9.39265859543125	88.2220354903285
Leptauchenia_sp	5.64470978397372	9.32705617167214	86.9939768295274
Leptictis_sp	5.10099770453284	6.74523634948436	45.4982134104051
Leptocyon_sp	5.63324960864827	8.08948247436075	65.4397267029898
Lepus_europaeus	5.86058511290905	8.24707070965803	68.0141752900994
Lonchophylla_robusta	4.41704409229813	2.61885462229774	6.85839953273024
Lonchorhina_aurita	4.24663926104456	2.7330679640775	7.46966049626672
Lophocebus_albigena	6.06780828991629	8.91176046659955	79.4194746140466
Lophostoma_brasiliense	4.18409957662477	2.278292400425	5.19061626183431
Lophuromys_sikapusi	4.62885978878336	4.13868037604215	17.1286752550364
Loris_tardigradus	5.20748771226498	5.51833604051472	30.4520326560437
Loxodonta_africana	7.47113320517369	15.15694873827	229.733095054545
Lycaon_pictus	6.30698918707823	9.99879727779489	99.9759470024386
Lynx_rufus	6.09296993816436	8.76005622931563	76.7385851407716
Macaca_fascicularis	5.99246551139935	8.42711967631805	71.0163460389868
Macrophyllum_macrophyllum	4.14313606713097	2.08193842187842	4.33446759249362
Macropus_giganteus	6.12526476882281	10.416607242918	108.505706453211
Macrotarsomys_bastardi	4.54340247692679	3.34814816057234	11.2100961051439
Macrotis_lagotis	5.40884709277096	7.11442792663992	50.615084723354
Macrotus_waterhousii	4.31055976269028	2.78932292123095	7.78032235890434
Mandrillus_sphinx	6.27304573811266	9.72226898722336	94.5225142599251
Manis_javanica	5.49443589970852	8.48914550686104	72.0655914366591
Marmota_caudata	5.44503603136499	8.37793112408273	70.1897299198741
Megacerops_coloradensis	6.83406650561896	15.2018049190842	231.094872797891
Megaderma_spasma	4.42031531854419	3.20720802000052	10.2861832835556
Megaladapis_madagascariensis	6.22676165093049	10.7472075915754	115.502471016417
Megalagus_turgidus	5.3383227480324	7.75147531802146	60.0853696058958
Megalonyx_jeffersonii	6.5197106603463	12.8212582846204	164.384664000947
Megatherium_americanum	7.0609326714099	14.9818282229864	224.455176903072
Mellivora_capensis	6.09090162862772	9.10497874520663	82.9006379506645
Mephitis_mephitis	5.50405261788642	7.78321984966069	60.5785112281522
Meriones_libycus	4.83548840696776	4.51447932070359	20.3805235370603
Merychippus_severus	6.50644809637236	11.6082356447746	134.751134784614
Merycochoerus_proprius	6.23609909384137	11.7117763237154	137.16570465674
Mesatirhinus_junius	6.3971300356057	12.7656884334656	162.962801180317
Mesogaulus_paniensis	5.09864496719865	5.58529919388542	31.1955670852172
Mesohippus_bairdi	6.18607450852417	10.2576593662567	105.219575674155
Microcebus_murinus	4.86187024938626	4.23410650459726	17.9276578922728
Microchoerus_erinaceus	5.16303167214142	5.48479693349065	30.0829974016285
Microgale_drouhardi	4.21565152698265	2.35137525716348	5.52896560000061
Micromys_minutus	4.23805285171186	1.94448055624572	3.78100463361766
Micronycteris_hirsuta	4.31573345916604	2.5564518169511	6.53544589239256
Micropteropus_pusillus	4.53932771043644	3.23396146228624	10.4585067395526
Microsyops_annectens	5.27466783291242	7.4301141385618	55.206596112056
Microtus_yuldaschi	4.30970326830226	3.43398720448515	11.7922681205677
Miniopterus_schreibersii	4.05113836827245	2.43886271128659	5.94805132450419
Mirza_coquereli	5.233321285424	5.78842994871649	33.5059212711979
Mixtotherium_sp	5.75509354535949	8.69951474821019	75.6815568543266
Molossus_molossus	4.15253960234022	2.61739583283408	6.8507609457372
Monodelphis_domestica	4.67448854560936	4.53742653390157	20.588239550554
Monodon_monoceros	7.2015245593316	13.7516400163454	189.107603139151
Mops_thersites	4.22378650196201	3.09058780456667	9.55173297773623
Mormoops_megalophylla	4.13568244399584	2.77819796100429	7.7183839105284
Mouillacitherium_elegans	5.33313470130963	6.49526555593701	42.1884746421417
Murina_cyclotis	4.0422326482116	2.2353763433006	4.99690739618794
Mus_musculus	4.42415172643785	2.96010509591084	8.76222217883732
Muscardinus_avellanarius	4.44078163488652	3.37382618486602	11.3827031256876
Mustela_nivalis	4.90637013404373	4.36246147917904	19.031070157321
Mylodon_sp	6.70214303273223	13.9108207377686	193.510933598333
Myocastor_coypus	5.6704526255313	8.75802733733337	76.7030428414785
Myosciurus_pumilio	4.49802654698137	2.79971738962803	7.83841746178561
Myospalax_myospalax	5.08482913270799	5.41610040220442	29.3341435667589
Myotis_adversus	4.07437843943964	2.34276688262688	5.48855666633326
Myrmecobius_fasciatus	5.14581569327302	6.23723027645847	38.9030415215702
Myrmecophaga_tridactyla	6.30115802947993	10.2932239436949	105.950459155055
Mysateles_prehensilis	5.33102727445412	7.51659651048883	56.4992231014928
Mystacina_tuberculata	4.18947751045951	2.57566101305646	6.63402965417905
Myzopoda_aurita	4.16218586482751	2.2082744135228	4.87647588541949
Nandinia_binotata	5.61158183868531	7.68119129077089	59.0006996454145
Nannospalax_leucodon	4.98676727804664	5.23999945722352	27.4575943117028
Nasalis_larvatus	6.16155514776909	9.41455795161936	88.6339014243993
Nasua_nasua	5.8965865694887	8.23628810324348	67.8364417196301
Neacomys_spinosus	4.37826013055894	2.94443897916644	8.66972090203471
Necrolemur_antiquus	4.9616082110005	4.969813299576	24.6990442326425
Neofiber_alleni	4.82711933856976	5.58116276110829	31.1493777659819
Neohelos_stirtoni	6.33351406492513	11.1562505210315	124.461925688016
Neomonachus_tropicalis	6.59392365498987	12.0015054797889	144.036133781403
Neomys_fodiens	4.17836558522945	2.72523502585631	7.42690594615405
Neotoma_lepida	4.79931774558468	4.96897961882742	24.6907584523223
Nesodon_imbricatus	6.45379507433412	12.4292161968444	154.485415267899
Nimbacinus_dicksoni	5.64984590661242	8.61250337122056	74.1752143192855
Nimbadon_lavarackorum	6.05708749037788	10.9114454729361	119.059642308858
Niviventer_rapit	4.75444058394202	4.3786459265144	19.1725401497812
Noctilio_albiventris	4.36060253732877	3.39886132186461	11.5522582852672
Notharctus_tenebrosus	5.37396864533259	7.1693500166706	51.3995796615347
Nothrotheriops_shastensis	6.4649325961356	12.6760762747759	160.682909723937
Notoryctes_typhlops	4.52380430071912	4.00733318523247	16.0587192574654
Nycteris_thebaica	4.25800177052381	2.21920348405499	4.92486410364183
Nycticeius_humeralis	3.93535449579101	2.21046980408624	4.88617675477706
Nyctiellus_lepidus	3.6531737195939	1.09861228866811	1.20694896081258
Nyctimene_rabori	4.75089090226494	4.22317743406507	17.8352276395964
Obdurodon_dicksoni	5.5766959877225	7.61972421378267	58.0601970941059
Ochotona_alpina	5.06155212445134	5.01063529409626	25.1064660504431
Ochrotomys_nuttalli	4.4708648897771	3.1271990362963	9.77937381261249
Octodon_degus	5.00549184242842	5.31453514457087	28.2442838028789
Odobenus_rosmarus	6.67502530052127	13.8576081385786	192.033303322399
Odocoileus_hemionus	6.45540382967901	11.3452233612972	128.714093117723
Okapia_johnstoni	6.67930482353958	12.3458395444148	152.419754056436
Oligoryzomys_flavescens	4.32015690597067	3.05870707271538	9.35568895667909
Orcaella_heinsohni	6.8295683901796	12.154779298511	147.738659795513
Ornithorhynchus_anatinus	5.48645646203588	7.30266487315078	53.3289142495504
Orycteropus_afer	6.28284742447808	10.9362306573498	119.601140990758
Oryctolagus_cuniculus	5.51459504647971	7.37184772153793	54.3441388295439
Otolemur_garnettii	5.45305381434695	6.69847764990454	44.8696028262706
Otospermophilus_variegatus	5.35284458301401	6.57169495751223	43.1871746145917
Oxydactylus_sp	6.27326844994408	12.4292161968444	154.485415267899
Palaeolama_sp	6.65391490658978	13.837171261888	191.467308530819
Palaeosyops_sp	6.40464400604867	12.1600287070288	147.866298155764
Pan_troglodytes	6.45915497104375	10.7144177687525	114.798748123358
Panthera_pardus	6.35022912564092	10.8666616794694	118.084336056049
Papio_hamadryas	6.21020892275469	9.54731819505274	91.151284717585
Paracynarctus_sinclairi	6.05891685868192	9.41434187776203	88.6298329913839
Paramylodon_harlani	6.68478519973732	13.9108207377686	193.510933598333
Paramys_delicatus	5.51890371213398	7.90279434272525	62.4541584234102
Parapithecus_grangeri	5.51001893128886	7.92479591395644	62.8023902778606
Patriomanis_americana	5.46372653835637	8.00636756765025	64.1019216283217
Pedetes_capensis	5.57582281992524	7.84355447724433	61.5213468374996
Pekania_pennanti	5.89943989941249	8.22951111896446	67.7248532571596
Perameles_bougainville	5.01964531058632	5.44155153463394	29.610483104077
Peromyscus_polionotus	4.37521033647263	2.65815943148875	7.06581156321257
Petaurista_leucogenys	5.50143180399324	7.07233707929808	50.0179517632145
Petauroides_volans	5.21228117661449	7.136618442087	50.9313227879362
Petaurus_australis	5.19740589584194	6.34062381900505	40.2035104141342
Petinomys_setosus	4.77484856127168	3.78077471881819	14.2942574744548
Petromus_typicus	4.90882784423114	5.41164605185504	29.2859129905582
Phacochoerus_africanus	6.31481196772892	11.3205534511106	128.154930439453
Phalanger_orientalis	5.42982216942779	7.81903346903275	61.1372843898543
Phascogale_tapoatafa	4.94271250223796	5.26087507107217	27.6768065134286
Phascolarctos_cinereus	5.79664406347316	8.78396924806257	77.1581157509088
Phenacodus_primaevus	5.79902727690795	11.3144745262464	128.017333805078
Philander_opossum	5.17929244970696	6.05399323738793	36.6508341183388
Phocoena_phocoena	6.57472405734613	10.8729574693878	118.221204131115
Phyllostomus_hastatus	4.78094782232833	4.51568301948656	20.3913931324792
Pipistrellus_hesperus	3.7629308870191	1.26976054486394	1.61229184129317
Pithecia_pithecia	5.70115161687556	7.41889485346045	55.0400008467019
Planigale_ingrami	3.98397576097296	1.83577635464483	3.37007482427306
Platacanthomys_lasiurus	4.73968632431638	4.31748811353631	18.6407036105273
Platygonus_compressus	6.31558007910941	11.7752897294377	138.657448212201
Plionictis_sp	5.52655717816834	6.46146817635372	41.7505709940318
Pongo_abelii	6.40442405928615	10.5890087289016	112.127105860755
Pontoporia_blainvillei	6.33166192370216	10.609057006181	112.552090560399
Potamogale_velox	4.96140522995785	6.50875423373097	42.3638816751109
Potorous_tridactylus	5.43616989077585	6.9609832007707	48.4552871214119
Prionodon_linsang	5.47489971623234	6.52917063227919	42.630069145417
Procavia_capensis	5.60600065852151	7.99040077412817	63.846504531188
Procyon_lotor	5.88008950633087	8.75993856555303	76.7365236722633
Promartes_olcotti	5.69591206314074	8.00636756765025	64.1019216283217
Prometheomys_schaposchnikowi	4.63094503211796	4.31748811353631	18.6407036105273
Pronolagus_randensis	5.50180707009158	7.77337147236824	60.4253040474284
Propithecus_verreauxi	5.69131939847685	8.18542268432143	67.0011445210039
Proscelidodon_patrius	6.43705205710775	12.9548673769289	167.828588753818
Prospaniomys_priscus	5.00936981345679	6.38012253689976	40.7059635858563
Proteles_cristatus	5.91127516496602	9.00447051761361	81.0804893025727
Proterotherium_cavum	6.12901469090945	11.159815587196	124.541483940223
Protocetus_atavus	6.61080513144443	11.9049675527463	141.728252431941
Protosciurus_rachelae	5.24124520153177	5.85684685038304	34.3026550288417
Protypotherium_australe	5.63050327574923	9.17812704961153	84.2380161388109
Pseudaelurus_validus	6.18586446347254	10.3089526606443	106.274504959405
Pseudhipparion_gratum	6.39959392160762	10.8197782844103	117.067602123796
Pseudocheirus_peregrinus	5.14239856668797	6.79706949812438	46.2001537623328
Pseudochirops_cupreus	5.2386038867829	7.47538458701231	55.8813747237412
Pseudotomus_horribilis	5.62930280940184	8.54972039911373	73.0977189030215
Pseudotypotherium_pseudopachygnathum	6.07498163298126	11.289781913656	127.459175657915
Pteromys_volans	4.97491178655452	4.96347380291864	24.6360721922597
Pteropus_giganteus	5.3596129003761	6.71520155162193	45.0939318789056
Ptilocercus_lowii	4.81186041124271	3.74950407593037	14.0587808154185
Quercygale_angustidens	5.77628790136884	8.84836569494255	78.2935754714361
Rapamys_atramontis	5.3775298323806	7.17595632241947	51.4943491412719
Redunca_arundinum	6.38905950020769	10.969219147586	120.323768707766
Rhinolophus_affinis	4.26215293877193	2.61739583283408	6.8507609457372
Rhinophylla_fischerae	4.13162218235664	2.26176309847379	5.11557231361776
Rhinopithecus_roxellana	6.15480361217305	9.50723983347757	90.3876092512626
Rhinopoma_hardwickii	4.12473875534811	2.57261223020711	6.61833368701118
Rhipidomys_fulviventer	4.64827222887622	4.48863636973214	20.1478564596821
Rhizomys_sinensis	5.34611210954377	7.60090245954208	57.7737181994729
Rhynchocyon_petersi	5.20795539363623	6.04970987004817	36.5989895117582
Romerolagus_diazi	5.28205113280721	6.14328394016816	37.739937569528
Rooneyia_viejaensis	5.31151017018021	5.9427993751267	35.3168644130063
Rousettus_aegyptiacus	4.90945696731068	4.89783979995091	23.9888347059832
Saiga_tatarica	6.21798580608751	10.5383170887845	111.056127063768
Saimiri_boliviensis	5.61186342594794	6.68392399123143	44.6748399205591
Sarcophilus_harrisii	5.59494720578768	9.01216378585813	81.2190961031327
Scalopus_aquaticus	4.80455744740029	4.46763077196603	19.9597247146178
Scapteromys_tumidus	4.80101444584278	4.98360662170834	24.8363349599352
Sciurus_vulgaris	5.26350801140195	5.80814248998044	33.7345191839162
Scotonycteris_zenkeri	4.49261784260795	3.05870707271538	9.35568895667909
Semnopithecus_entellus	6.19963740069	9.44772523273266	89.2595120732134
Setonix_brachyurus	5.5686450241703	8.01554862579133	64.2490197724253
Sicista_concolor	4.26670696652397	2.18829594659192	4.78863914987062
Sigmodon_hispidus	4.77604414561093	4.70637206649706	22.1499380283038
Silvabestius_johnnilandi	6.11223865836517	10.757051454502	115.714155994803
Simosthenurus_occidentalis	6.20393719942234	11.6784399034478	136.385958578442
Smilodectes_gracilis	5.38587257557896	6.7093043402583	45.0147647302088
Smilodon_fatalis	6.39109912234071	12.326518798606	151.943065692388
Sminthopsis_macroura	4.29733961863655	3.15955035878339	9.98275846968822
Smutsia_gigantea	5.9031299060792	10.4042537494982	108.248496083947
Solenodon_paradoxus	5.16360296425739	6.80238365215147	46.2724233510576
Sorex_araneus	4.05653102710118	2.2170272046324	4.91520962608015
Spalacopus_cyanus	4.82376626418067	4.61373341664858	21.2865360398998
Speothos_pacivorus	6.01893027170446	8.75219258367824	76.6008750217923
Steatomys_pratensis	4.30576504829214	3.42034620050092	11.6987681312811
Sturnira_ludovici	4.39169274400228	3.04452243772342	9.26911687380137
Suncus_murinus	4.28746263173837	3.77872015811373	14.278726033335
Sundamys_muelleri	4.93604017753299	5.87627813729886	34.5306447468966
Sundasciurus_juvencus	5.22059366626704	5.55682806169954	30.8783381072914
Sus_scrofa	6.22634248306739	11.3441699518801	128.690191897139
Sylvilagus_bachmani	5.32696208006099	6.57162498389225	43.1862549289169
Tachyglossus_aculeatus	5.7249435751484	8.41182600906952	70.7588168068585
Tachyoryctes_splendens	4.99444345590098	5.42552254078332	29.4362948405479
Tadarida_brasiliensis	4.07100570194763	2.53449014997683	6.42364032032957
Talpa_europaea	4.59965897496689	4.47198159174435	19.9986193569003
Tamandua_sp	5.80980446730965	8.47637119689598	71.8488686675678
Tamias_striatus	4.91282944681601	4.70953020131233	22.179674717073
Taphozous_melanopogon	4.3814325174598	3.2577118486534	10.6126864888567
Tapirus_terrestris	6.55577160182707	12.0405883825973	144.975768599137
Tarsipes_rostratus	4.20953713657572	2.26799364822443	5.14379518838634
Tarsius_tarsier	5.02116324771853	5.12420204630118	26.2574466113172
Tayassu_pecari	6.32311203375771	10.3671810019077	107.478441926316
Tenrec_ecaudatus	4.96565267371526	6.78850992465879	46.0838669971908
Thalassocnus_natans	6.30282987392878	11.2252433925184	126.006089221279
Theropithecus_gelada	6.22153744479831	9.67809835664852	93.6655878009628
Thryonomys_swinderianus	4.67210570678914	8.22973775994612	67.7285835974829
Thylacinus_cynocephalus	5.98534961573008	10.3089523273109	106.274498086769
Thylacoleo_carnifex	6.25564182425786	11.5898865061064	134.325469224426
Thylogale_stigmatica	5.61752193519609	8.41437832173939	70.8017625413578
Thyroptera_tricolor	3.98295048221553	1.50851199384414	2.27560843557162
Titanoides_primaevus	6.1609342942185	12.0554357850027	145.333531966324
Tomopeas_ravus	3.87487881996689	1.09861228866811	1.20694896081258
Tragelaphus_scriptus	6.37757883449379	10.6747615296604	113.950533715118
Trichechus_senegalensis	6.5562573094224	13.0258524770235	169.672832753179
Trichosurus_vulpecula	5.48009861618031	7.89558124779165	62.3402032404792
Trinomys_iheringi	5.04508508887709	5.3953987041986	29.1103271772679
Trogosus_hillsii	6.01054313529169	9.06750872286864	82.2197144392989
Tupaia_belangeri	5.04557731655207	5.29831736654804	28.0721669166645
Tylomys_nudicaudus	4.79901317352866	5.20208175866721	27.0616546238581
Typotheriopsis_sp	6.19583028524832	8.83141981909013	77.993976021018
Uintatherium_anceps	6.57122690999062	14.0386541092785	197.083809199962
Urocitellus_columbianus	5.10951023919313	6.15473069736678	37.8807099571089
Urocyon_littoralis	5.80033275784661	7.56164174558878	57.1784258886309
Uromys_caudimaculatus	5.24628824927128	6.46835068744441	41.8395606157626
Uropsilus_gracilis	4.21042812412024	2.77258872223978	7.68724822269122
Ursus_arctos	6.66393891935475	12.1873357001932	148.531151469204
Ustatochoerus_profectus	6.39339982998172	10.0858091093301	101.723545389846
Vampyrum_spectrum	4.94139751975611	5.14522446041421	26.4733347480447
Vandeleuria_oleracea	4.28837829313098	2.30258509299405	5.3018981104784
Varecia_variegata	5.79097049807861	8.25582582987586	68.1586601332454
Vombatus_ursinus	6.00850995324193	10.1658518170036	103.344543165276
Vulpes_lagopus	5.9400243787795	8.18433800537343	66.9833885862
Wallabia_bicolor	5.92675920088073	9.61580214674546	92.4636509253546
Yalkaparidon_coheni	4.92270159604033	5.07517381523383	25.7573892548351
Zaglossus_bartoni	5.77943605735792	8.83655560047099	78.0847148802152
Zalophus_californianus	6.65148467170472	11.8291575300153	139.928967869918
Zapus_hudsonius	4.34656801097123	2.91397977168173	8.49127810977032
Zenkerella_insignis	5.12962867635386	5.29831736654804	28.0721669166645
Zodiolestes_daimonedlixensis	5.829269574474	8.51719319141624	72.5425798599071
Zygodontomys_brevicauda	4.54560936261838	3.95546556327098	15.6457078222226
Zygomaturus_trilobus	6.56170172407496	13.1223633774043	172.196420608642
