Abrocoma_cinerea -0.265781133081288 -9.8256707654051 -19.1332438043545 -2.55063404413237 5.48901030445152 14.093526089441 -6.02702046047257
Abrothrix_olivacea 9.89962428805199 -16.0440119680899 -7.47203394266349 9.12887818238763 17.1271551130248 24.0896134405554 -6.20501878698064
Acinonyx_jubatus -22.762125541343 38.3622703822421 -39.483928532778 -17.7058341876253 -3.83139137768013 -0.260302252894928 4.48824731980152
Acomys_cahirinus 20.2181954545809 4.92603094738466 -2.68374886902064 -1.34591858252386 16.9582183654131 19.0453676241074 -2.41158848388598
Acrobates_pygmaeus -28.0870662143281 3.62090134578131 3.67496102073438 -6.25605813355842 -2.69056890432291 13.5114195341702 -11.6632748974041
Adapis_parisiensis 28.8402442612085 -2.80055480771397 -23.8232579585634 -1.29883954622963 -2.41041638406948 9.77530698952969 -2.06784034218045
Adinotherium_ovinum 12.5097580538075 18.3100139545479 -24.1724768635078 -6.24029173527658 -2.10210181127148 18.9586434426502 -2.09447872452097
Aenocyon_dirus 35.5883654873316 38.5508260992622 -24.1451141736887 -2.82051734871418 -7.83125302973803 18.7818095593454 -3.59754870178885
Aepeomys_lugens -4.03621152390151 -3.61237973031088 15.955939468404 -7.13224926468618 4.96614519366309 21.0868001203061 -4.71641862926844
Aethalops_alecto -7.36904882476262 56.8809746466887 14.0396554128276 -4.98291956868263 -3.92953513124538 22.9591398004314 -12.8195287566301
Agriochoerus_sp 18.3904688294287 -30.5830574543601 -12.0899460427811 -9.03938607790547 -7.84959913835795 7.69927812517482 1.60059188276168
Ailuropoda_melanoleuca 17.7833204912949 31.1558639283215 -34.978530916993 -8.86480337930416 -6.55342938465625 -0.410504434350398 3.88401165747883
Ailurus_fulgens -30.8467596764341 35.005288094319 -31.2171658900556 -6.61663130286245 -10.4197470920058 12.3773085712267 0.893940327811508
Albacetus_salvifactus -54.1270454740518 -8.49484121820145 -32.7696083302795 -0.184235645852566 29.9654343497175 5.20865286194748 -1.89545089735885
Alcelaphus_buselaphus -75.8104605151431 9.40442577875535 -15.4237355544311 -5.89070881830423 -24.5538114209932 -2.00217981449521 0.167564894653978
Alces_alces -12.183988060884 28.1415204893318 -19.4261329621951 26.3101971404082 -17.6422057836968 7.8988240297992 -5.05444352167968
Alouatta_palliata -23.3923443585444 38.649838025158 -75.7212612063902 10.4408027123319 1.08578833378943 12.8864184421826 -0.727939746484826
Alticola_argentatus 21.6640606574168 1.56029384834556 -3.31539533438719 -2.68762752439656 4.66645870346652 12.3611314856392 -19.3961993437745
Amblysomus_hottentotus -118.873424574211 46.9072527836117 29.4797940307694 -32.1843488542379 17.1670929633859 -5.5413693013933 9.58495473491721
Amynodon_advenus -57.9401574023503 21.537245730484 -28.7933276056741 7.2134055792661 -0.180146714455165 6.66005121448876 -14.7935010688018
Anomalurus_beecrofti 8.01625406595905 19.6648947487758 -19.3492734504372 -7.33850345432712 -7.7263327434369 16.8285126040344 -6.70935613020525
Anoplotherium_sp 23.6664664992885 -7.6857868992841 -25.3598663573939 -7.80474622721955 0.026682000064115 4.69541529846512 -2.97765028595305
Anotomys_leander -2.38633296809098 1.69693742764454 -18.6913049492884 4.47395127124852 4.20037940400895 12.8397917694159 -9.16441955153478
Anoura_geoffroyi -24.951002682046 28.5935708074272 -3.35380747253816 6.94408612813384 0.370913725655142 15.1185258635374 -4.77220078913402
Anourosorex_squamipes -38.8201976201023 21.9813244178667 43.0185233788085 -5.25727566909522 5.53397644174492 21.6997945945347 2.32146891712771
Antechinus_flavipes 24.4696829061477 15.390358263724 18.6634248497163 -9.26835005030746 4.93736726276413 9.31391451685971 -4.80561292307376
Antilocapra_americana -55.8412725716147 60.6590528815247 -23.5462615328334 22.3670280946756 -3.87301749894186 -10.560063724618 1.07123197683621
Antrozous_pallidus -18.9707603888522 -0.0510956995056924 -7.49857487943329 18.1389834008068 10.0239543631021 17.4137097108147 -6.19658896382723
Aotus_trivirgatus -24.7366680130686 59.565604854207 -62.7273939668309 -1.25434437475955 3.81207520104302 9.00972004391061 5.62689237232435
Aplodontia_rufa 30.3010644066199 -8.9322634292492 -15.6840333439956 -0.223975882171915 0.769063946895049 5.83771894130017 -4.47076609434811
Apterodon_macrognathus 1.33626543682055 -27.7455798888213 -2.53406584317629 -10.5905201789684 2.28520353352286 4.92041952911252 -0.695656151196408
Archaeolemur_sp -21.908773935879 48.1657764705803 -42.2678191094861 5.64149406672274 -13.7381609576179 13.5790540119775 3.07011364784995
Archaeotherium_mortoni -7.37768885838769 12.9055130784871 -27.6348467298085 19.0645907482609 2.88363069594505 15.0128383341337 -11.5622733335173
Arctocyon_primaevus 55.6858778615219 -23.8537974121593 23.2739069849667 -8.29037187706043 3.16782798136042 4.88162505647299 -4.08829896333438
Arctodus_simus -11.1610871212879 48.9115914243829 -14.7729451949814 10.8402661265664 2.4416863507832 2.151902387448 4.59197971195923
Argyrocetus_joaquinensis -92.7045737971499 -92.7805444832273 -50.9044954506363 -5.03125587031981 11.0954566686153 -8.30930926197833 -3.99477442750349
Artibeus_planirostris -28.5071466725819 35.8869965880509 8.28282457904452 -5.13115371412429 -2.98342964869282 2.39162433000006 2.21357354138022
Arvicola_scherman 13.5585295306196 -23.7343194945904 -7.60865410803345 -1.35321804408978 2.54959567879807 13.7681403254343 -10.1794886278725
Asellia_tridens 5.45697033479507 37.7095560561872 -26.4106002594452 0.0863886347892767 13.6234160345301 13.4200112889936 -9.69978466839571
Ateles_geoffroyi -67.9892852019017 50.4414446969744 -72.2032286191506 3.61965368959532 13.9114069010401 7.82885237522915 3.95036573203626
Aulophyseter_morricei -157.189211028763 -58.9416803851475 -69.9430108801094 -23.7725866883272 22.4478177388749 -2.62403808064711 3.95336971165224
Australopithecus_africanus -114.666593054561 52.9990188638911 -80.9981943367885 -15.1566589443584 16.2029179757371 0.661980203965869 10.1847150326069
Babakotia_radofilai 23.9665864461812 39.8001114673746 -46.916790328651 12.7707809436352 -9.71562107940258 13.3495894834055 -0.90716056406403
Baiomys_taylori 22.1956339066221 12.7359619242632 5.60054900416828 -5.12055030648725 12.8177937291511 16.5676372186952 -9.29338747916592
Balbaroo_nalima 36.550692887997 25.1479809716521 5.11171460815668 -2.5624617533672 -10.2232512254122 13.8706784132981 -5.17688912791804
Barinya_wangala 68.8112027778703 10.1426073498671 15.2801744341126 -13.2394970542041 4.76623944722013 2.09650115854871 -3.80321795366936
Barylambda_schmidti -49.3832676002387 -47.0078494305041 -5.00438558741435 -16.6517759149992 11.5566518195816 2.40604507280759 -0.0418791308322593
Bathyergus_suillus 0.337717456793662 -5.34101358616161 0.110473305623449 5.75078805290105 10.192633477709 18.0758217236772 -4.65144541931046
Batomys_salomonseni 23.6187136237663 32.0008775590416 3.28972173801036 -0.328230770910937 13.158419557139 24.1375811681562 -9.15884830227459
Beamys_hindei 50.0422547825129 20.8552927936865 -2.5933009149752 -13.0577508089526 7.88901439321641 19.468792405541 -2.84493676692708
Berylmys_bowersi 30.0355918348987 4.19304294198941 0.144133362518497 -12.0048022377679 6.11457134070816 18.8843547415176 -9.57584137332799
Bettongia_penicillata -22.3419906641212 33.054518876266 -5.09604184413712 -15.0138686048628 -23.7417878524366 4.14880625747257 -0.927724841514301
Bison_bison -22.3628307157703 32.399853946666 -22.5063797537396 21.3692316686722 -4.58941469429778 7.98646399183926 4.34308743851276
Blarina_brevicauda -22.7121011053149 19.2814585404351 38.4747211122509 -4.35671097396196 6.0463877544206 9.12487490845269 -1.57188674207658
Blarinella_quadraticauda 10.5030004155184 24.6527594405714 40.1375102844924 8.16082637128767 9.65885290812181 22.5784025719801 -1.93464440455372
Borhyaena_tuberata 42.1615396392907 -17.007920997914 2.49778421139158 6.18950970457374 -7.32678621200657 -0.82727389980268 -11.4117806298637
Bradypus_tridactylus -37.2608147037205 14.0236449602412 -12.5986825706635 19.0697608710231 -7.80769763288495 7.52015820186111 3.74613142606535
Caenolestes_fuliginosus -22.5898832635531 4.82223916314999 34.558675531994 -10.1394499446734 4.2260371662935 11.0385700864998 -4.99238230832799
Caenomeryx_filholi 27.1780683581599 33.9895194515028 -17.1826128477458 5.07994817618987 -11.1672684302024 3.57552518598557 -4.32201363997699
Callosciurus_notatus 9.34054700333178 39.980930461658 -5.04610319652098 0.236296153880654 -9.30770538930018 6.38800802368305 -11.7536512977129
Calomys_laucha 8.94944686433543 -8.47650550512122 0.777979769877788 -18.2499127287326 8.80434387486116 22.913178251382 -7.1386004882814
Calomyscus_bailwardi 25.3288423528314 10.6888349563053 -7.39792412894834 -6.95407813608227 0.375119066375472 19.4534822588278 -10.3511844101124
Caluromys_philander 55.7634253759933 23.8157137954495 3.32912966782971 -16.676371556675 -15.1752915746443 6.88996353687606 -1.8229923940244
Caperea_marginata -4.17597459590548 -56.8520861646023 -26.8087359443205 -11.683367478703 4.64854418685545 0.141146385201744 3.2704958860748
Capreolus_capreolus -30.8894035713547 39.0321716425171 -23.409118134477 10.281243051503 -28.3174953378267 -6.22261953714675 4.65025085322087
Capromys_pilorides 5.61292138315381 -19.6667846830737 -31.2246001051547 -4.61771712461531 3.85252021362523 12.9844004930987 -2.29944634369603
Carpocyon_webbi 57.5393092207036 64.057950875832 -19.0311715920969 -19.1069608064427 4.63181355382207 16.1859815901545 0.561520519410023
Castor_canadensis 38.0684453093489 -11.4155640308372 -19.9779864915563 7.40976513475131 -6.51103860516181 15.4369346838477 -4.50169040045193
Catonyx_tarijensis -49.7252414115648 9.99333769527605 -23.5041195567494 14.8046521695238 -3.39920854642055 6.98849734844741 -17.1006588737695
Cavia_porcellus 41.7488996384244 31.7023019665827 -35.2514457175306 2.55662350741772 -11.6134734263586 12.1112447828393 -8.70051808322849
Cebochoerus_lacustris 41.982358383443 -8.01683745733119 -7.71042316442756 -6.00264228010532 -2.60752195366258 12.8570267430828 -4.70622937909908
Cedromus_wilsoni 27.55840994724 9.75527532523269 -19.8591263042176 -5.34368941006412 1.25550222646863 9.4672086300137 -2.88025240273615
Cephalophus_leucogaster -10.3934076765614 11.0900635341963 -27.8849019916566 10.0772476021169 -26.3350763193929 7.445300575602 -6.9167466170726
Ceratotherium_simum -3.33576229897889 -17.9532272834908 -40.4281175296305 27.8587972309163 -7.00760609676835 15.8408795375634 8.17000765671224
Cercartetus_concinnus -6.13199679438157 0.74613139417375 -3.50429213978777 -3.93094646736034 -5.95969578915605 12.0798300470472 -11.211234653918
Cercopithecus_ascanius -39.0906453778206 23.8734441101179 -78.4826525105342 -0.595349087266227 -4.27043958777191 4.73307662934296 1.88274894176115
Cerdocyon_thous -5.87407195324026 54.4142306265746 -19.6758563565215 -13.0355848444355 -14.0978203841824 16.4134372369882 -8.81769418648811
Chadronia_margaretae 44.4166563252584 5.3483473872224 -11.4769769355866 14.6557107950548 0.885756263844459 10.7437075708429 -9.32180205981144
Chaeropus_ecaudatus 22.0571970772424 45.7375068609403 16.5445993546596 -5.56680246559319 -13.1462276080884 8.27615197753967 -4.07029395362745
Chaetodipus_penicillatus 10.4329471500988 34.3942930043095 9.69383713517331 -0.264808377123501 11.8277026582779 27.0278210694655 -20.0938403139342
Cheirogaleus_medius 18.7585940297941 28.8496652785294 -19.673412242921 -1.14151224155663 -11.5634091745595 12.3412969919891 -0.0330859122624061
Chibchanomys_trichotis -10.1524801893541 -25.6054527088056 -9.64874707296301 -1.00539262754863 -1.59258930400348 11.1196778219185 -7.09777889187609
Chinchilla_lanigera 5.28783797729285 40.5600315727841 -29.2780316938131 0.406949099887051 1.71286271713512 11.4251793639859 -2.71337739633937
Chlamyphorus_truncatus -125.358168116177 39.8023865499022 44.369197161364 -8.38891359988674 15.1606549734747 13.2952054353159 1.07952979223515
Chlorocebus_aethiops -33.4568071225572 57.1749320633506 -75.3631014066373 0.286918917335417 -2.05282961570252 3.88166966128766 5.47315493581012
Choloepus_hoffmanni -20.3973668884357 36.2758091058073 -4.81038348039718 29.3135563257245 -4.37082855108722 21.4923924737544 -2.79821312645508
Chrysochloris_asiatica -120.984493060118 43.1470159967779 30.3784874458215 -22.6158331563696 13.5376570896138 -3.24839113374217 -0.110983363322094
Civettictis_civetta 39.4554645022952 40.5077962748493 -9.65747437357188 0.402402186906589 -5.63830074437368 10.1994268816635 -7.3358045862603
Clethrionomys_glareolus 21.5550384996425 1.00594928349089 1.34328356411583 -3.45479708028388 4.86308637572744 14.7812293014654 -15.4021865064934
Colobus_angolensis -35.1687950935087 35.2972770240818 -76.3961640648124 4.95306405111283 2.24851228892974 5.37456845400923 2.667695351024
Condylura_cristata -16.7980098520187 57.0375282775234 8.97253855306976 6.64091779502524 -0.429088230381707 1.76297380326613 -3.62877860770203
Cormohipparion_occidentale -16.3601866615887 61.6662157096058 -13.7329488792562 24.346235744629 -10.0547745919824 18.2522248191102 3.78354956501533
Craseonycteris_thonglongyai -55.4184076842699 5.52441198577547 -26.0822339678477 -13.3196677137824 20.0324980728265 23.690224532651 12.0582646610557
Cricetomys_gambianus 38.3122200469281 -0.8121850103255 3.54926274031449 -7.33755501099254 7.17876105483294 13.383640762494 -7.12368484367606
Cricetus_cricetus 49.4545592184718 -29.0093782886448 -3.8429700633716 -7.36774724755725 1.82346588769658 10.6388831978743 -9.30928989791578
Crocuta_crocuta -5.98930394437458 33.7936176514484 -23.1548071126684 -4.26895870131716 -12.5496604623769 11.900017635291 -7.68257237243164
Cryptoprocta_ferox 31.0643519945026 21.5211981767423 -26.5556946330127 0.382815420861674 -3.92924746241967 18.1930194822097 -7.19983556789937
Ctenodactylus_sp 27.9113511548325 25.174305960767 -19.7665905723659 10.2396911083785 7.57576973704829 1.52353919767216 -9.84237293160679
Ctenomys_conoveri 42.8481333746023 -26.1125051922772 -23.8063111570423 -8.66907715688623 10.1620715813965 14.850805701015 -1.83795617191583
Cuniculus_taczanowskii 4.84998563299342 -26.4077546256065 -9.20814606945068 0.151976103376417 -11.1273121824124 8.9397102372547 -12.3439600967017
Cyclopes_didactylus 13.3087346240026 -0.852866217508394 -2.13856831797729 1.29824894503518 -9.52255411332047 7.59666373376486 -3.76684923785016
Cynocephalus_volans -55.765351235759 17.8138405702057 -15.7274632975492 -15.3625590323786 -8.72261586787287 10.6813295276961 6.4767094819833
Cynodictis_cayluxi 37.2915193313166 8.52909505142104 -14.643885098343 -0.886633961110397 4.07905400513503 13.251867713074 -8.45658316195574
Cynohyaenodon_cayluxi 51.2987631533401 -5.88025733021626 2.25626470023004 -12.2352132127155 5.90191977361367 9.0359392208713 -5.08006963693135
Dactylomys_boliviensis 18.4699940238778 -23.5600530499838 -23.7598527426905 -7.70383875520535 -1.8802308456716 15.2995800657562 -2.94475632567319
Dactylopsila_trivirgata 35.8819268518197 38.5531122051026 -11.7605781189553 -3.9114984005907 -15.8970075992084 8.44996947824505 -1.73796307621473
Dasyprocta_leporina 35.7712637414449 25.7599380760496 -12.2381699711025 -4.82440168508159 -12.4376196384611 7.47962368908662 -6.50696020092319
Dasypus_novemcinctus -26.16691747502 51.847151824741 28.9448264078513 -8.54580063065426 -3.16698363193585 1.28150803990617 -1.31449061844064
Dasyurus_hallucatus 56.2988080174834 17.5016103735011 11.9304410296189 -12.6060660190607 -7.73388906697822 12.6293220932854 -4.06633579497044
Daubentonia_madagascariensis -76.4858010710081 33.4898623196754 -34.4432490559071 1.31995235091949 -10.9276117832372 -4.41356828344105 10.5836932082
Delphinus_delphis -136.044033185837 -7.96443795092512 -78.0074388955964 -14.3096787394259 25.8281190448344 -1.03054266149971 5.67566945129294
Dendrolagus_lumholtzi 17.1914315195793 9.43402539055813 -23.0869128789112 1.78721205676844 -29.4486672905869 3.31155698750606 -11.1034584394779
Dendromus_mesomelas 5.41921410098904 18.2263203351193 -2.26992608878142 -17.5134103590371 10.3751041142281 21.4128775880334 -15.5770276523831
Desmathyus_sp -37.9491285163752 83.8251804896662 -1.93953628398891 0.462839724898174 -10.6189219653734 -6.05006746080263 -1.7441252750089
Desmodus_rotundus -26.6893966134292 45.3384927691936 -10.8870773724019 2.93582300175856 0.227956433884706 -3.94698144165076 6.83249052241308
Dichobune_leporina 23.144673853371 40.3857132993678 0.584258512290819 -10.3726994865763 -3.93737898615617 -4.77636152454685 1.68107147042761
Dicrostonyx_richardsoni 0.422794160017592 5.17488105969138 -0.0393740960387226 -17.944725875815 -2.95718081377701 22.3681528789777 -11.8232169894309
Didelphis_virginiana 89.4441821052452 22.4770506238327 16.897093113581 -9.43813741907268 -2.81245090601185 5.86770883122504 -2.51399591598988
Dinomys_branickii 1.50477664789308 7.59753306122437 -31.1543926547132 12.3145337742069 -7.39656036172614 9.44372071224235 -0.227149002367539
Diprotodon_optatum -70.5974217792339 -13.8810004076907 -21.4741928920785 -1.61893490969276 11.4259778332896 6.79688966903621 -2.4377268447818
Distoechurus_pennatus -0.666771103781153 39.3005421687808 -1.01736027692341 -8.21723378757562 -4.28346852696289 12.7035634836211 -4.16781751511555
Dromiciops_gliroides -0.14501681442138 19.8738621105877 -4.3912356483077 -16.2766191552369 -5.41479633329351 12.5337334718998 -0.415702170817096
Dugong_dugon -92.1791911592118 -8.89454874623539 -30.1961113249734 14.1739594026776 11.9196252108757 14.3309165041346 5.86335652001338
Dymecodon_pilirostris -46.3300901738988 65.7798270251529 24.0855007275828 -4.6824376340224 -0.40496575479178 2.31878971740564 -1.9833992347086
Echimys_chrysurus -2.69665774862296 20.7306762662314 -6.3312560508272 5.31859331320827 -6.9907121263421 12.6616015945781 -13.2214877221532
Echinops_telfairi -2.31197919222481 -24.4501839221144 54.6014245140215 -20.1350624603975 18.2399582274486 19.8760994888917 -4.31148349812847
Echymipera_kalubu 5.51458362222362 52.8475953869463 44.8668596302098 -19.6820524905339 -3.23813978527338 10.1202443953464 -2.6003792380066
Ekaltadeta_ima 27.1401008408617 5.5384068312958 17.4445566691261 -19.5855970155876 -12.1056770820572 9.15352325264648 -3.45885657414594
Elephas_maximus -99.3130996655975 36.6596241266525 -10.0487191341559 -7.98223658654279 -11.0447946148199 -0.663057388625157 16.6563689802925
Eliurus_webbi 12.5361891207982 -12.8822282255393 2.31234174015554 -16.0658562980889 2.8858498292696 19.282063510383 -6.39769107318028
Ellobius_sp -4.50421974428514 -36.0709379767515 3.04299259370314 -1.40155587469123 4.39633447771502 9.40745406446135 -8.67586834616123
Enaliarctos_sp -33.7397308376234 13.1721476206148 -39.6034407363279 2.54792793917371 2.81804613873927 30.0102513773041 -17.8623076795287
Enhydra_lutris -15.6873081933722 -6.67952527293945 -31.9854087481036 10.2660456733246 -7.23360876393631 5.48859027739294 -6.24364675097063
Eonycteris_robusta 6.12548552548672 50.4033901549539 -2.74709254547266 -10.1349688645122 -13.7905913063352 11.9111641145007 -4.66132827310105
Eptesicus_andinus -54.6674846548245 -30.2826028443232 -1.85814431562264 17.6667897316797 7.97949597998738 4.95656453304099 -6.86959860516883
Equus_quagga -47.361291216296 38.1968169506427 -18.3053173489669 15.0086871013868 -9.03583067371117 16.2347184015656 8.48844042135111
Erethizon_dorsatum -56.398523978592 -25.8032131114708 -14.4454182267535 15.2031938942715 1.63024131482138 29.0739076138985 8.57514384553306
Erinaceus_europaeus -11.330377687285 12.7857634876385 47.4040580082111 -16.8335813774481 -4.63474174175473 20.2664859665341 -7.28939365775622
Erophylla_bombifrons -36.9216383542567 50.6836013142524 -0.401500888371213 -0.676300411500092 3.61534126134391 19.527499663852 -7.35799341079382
Erythrocebus_patas -36.0430986887067 58.8750459916158 -77.7093735147414 3.53960068656335 2.26470555979976 -0.306305800198755 2.81141198787906
Eulemur_macaco -31.1224043438806 48.2482137819323 -36.3549535591005 6.96876110372354 -13.0768501430604 -2.41894620599558 2.03621806379071
Euphractus_sexcinctus 1.33042225948844 20.6895246575657 33.0378691433931 -12.4579384939381 -11.7150609551613 1.10813529805909 8.65704066847607
Euryoryzomys_macconnelli 58.522594238903 6.81702497797536 -10.546807476214 -13.618170650615 9.32128516694715 21.1585967503886 -6.87432668042849
Eusmilus_bidentatus -20.8212526506578 27.2854168428649 -2.01739545025509 5.11045748416569 3.85456053498889 9.915877133944 -10.1580288638919
Eutypomys_thompsoni 59.8229965293943 -35.9233574058204 3.44249074162387 -11.2350726284655 1.92089134185134 15.2995319975002 -2.46552367738386
Felis_lybica -18.7041288361007 52.7285589557494 -32.7480497753333 -23.7267124405701 -6.23182394629946 19.6218677382613 3.08762280853134
Funambulus_pennantii 28.7292866582936 29.9491232458836 -16.315199746002 -1.79301220837451 -5.39105220959851 6.47593364852483 -3.76926803492531
Furipterus_horrens -92.3062064333833 -6.58411265381324 -11.8971471085859 -3.654371399201 7.85585009524496 7.53802820349618 -6.74140729107775
Galadi_speciosus 8.6341528695951 -30.333453596405 39.4029765866044 -33.3849904634113 -6.54129088543954 8.45001313382822 2.36236589542153
Galago_senegalensis -19.556445980392 49.3754375973813 -50.2275028538544 -13.4750482265247 -21.4282109108394 13.704443628647 -3.17211412769693
Galemys_pyrenaicus -40.1382862083783 55.1652075642975 -10.8974719049937 0.807987712950543 -5.07396375074675 5.79428347043695 -3.45386097768407
Galidictis_fasciata 14.2838662082567 49.2623377185319 -4.68793829517969 -8.89240899002072 -11.8526541383346 16.9782270256114 -11.8681825249042
Genetta_genetta 33.7991579985585 32.8183276382407 -27.3116461971479 -8.26481039691375 -11.3230127324045 20.1035105464284 -4.26041536245021
Geocapromys_ingrahami 3.45047566992042 -17.9175595266229 -5.33192587206756 3.81080621362008 2.85746179086009 15.8138613633295 -1.44003883986613
Geomys_pinetis 42.6078181867199 -18.0864482281182 -7.01719257923805 5.45509456492502 9.77516311322017 13.3095704857776 -10.0244399913831
Gerbilliscus_afra 27.4660254718362 15.4474373236596 -15.348554089221 -1.95246351406567 3.43692706185128 27.1712992811273 -4.36865823901524
Gerbillus_gerbillus 12.3891997290177 23.2059118783004 -5.3049822303028 -5.62282584503963 0.159380121740945 13.0505398193979 -12.9143016088459
Giraffa_camelopardalis -65.8156785998303 6.97309564490444 -31.2235522974023 24.7081915671762 -9.90663003971576 13.2959533457282 6.12364960562081
Glis_glis 9.46775406853154 -9.63223291344191 -14.4990224794513 -10.0005161436113 0.453422572562634 21.1003950324299 -4.41812810428561
Glossophaga_soricina -24.3273529410234 37.4230526470596 -2.52760030362455 1.68486239644895 4.03249700238404 6.18609473809593 -5.60151277301397
Glossotherium_robustum -88.8467693947459 27.4304976756984 -6.0544614168582 11.3523552474249 -8.34611464742611 20.2144888799243 4.99970179543196
Glyphonycteris_sylvestris -49.6220111346306 23.8047900993585 13.7182665642111 -13.0799555197487 -32.5096217208877 10.048442619991 5.47688505754161
Glyptodon_sp -69.4325624606342 5.8619997382799 -7.25732832013408 5.67997593333066 -1.44498374783152 13.9576732037239 -0.378035062313434
Gorilla_gorilla -82.71581353585 68.3131279031839 -74.3604710928944 -10.3054082361987 14.8763400624035 3.88376157887228 9.93978531312641
Graphiurus_nagtglasii 2.32595641546471 23.2926005222076 -3.99026628197594 -9.0263834252892 2.51345983549942 19.6144705600187 -4.85268669014571
Gustafsonia_sp 7.42528051606494 -9.68244071275449 -18.6057383539403 -13.5432247922283 -9.59514253549141 13.017780832113 -2.52117567014211
Halitherium_schinzi -63.8013553086077 8.26276757330798 -41.2255084784291 -4.52203455557896 -17.3802348257453 24.963458202587 -1.45866205647402
Hapalemur_griseus -6.40722235326113 48.5868015242109 -40.7904429813514 2.48991536465701 -17.9646488974945 7.68733075802951 -1.36687316365401
Hapalops_sp -51.4634776037653 40.5999576458722 -10.6624270012951 24.5094392026768 0.0426865611371038 -11.1954791732577 -0.234332917343393
Heptodon_sp 5.27845967904411 -41.375131073273 -16.7332452901928 -1.15080991506565 -12.8293303124125 18.2266624609568 -13.5908402303117
Herpestes_javanicus 48.5676240504885 18.0851113639169 -26.1529919754917 -2.31767416466227 -18.7134969352383 17.222062793263 -7.56103354733796
Hesperocyon_gregarius -27.3833239969842 30.6894770806403 3.81507958188021 -1.67413235999937 16.0973163666819 17.9023758988375 -9.50097283200139
Heterocephalus_glaber 15.7951985614145 -61.0754188423315 -2.57057402568426 -11.5111537372032 9.94164297141372 14.1463820118628 0.121253964813768
Heteromys_desmarestianus -1.69417579495042 2.80619414767639 8.05410860503237 -10.0423253904097 9.00970899179858 19.9366644616228 -11.924539258688
Hippopotamus_amphibius -45.8717285170538 25.9053693161159 -21.755793164942 20.7956102155161 1.09722671511998 16.58369809223 -6.7443868347998
Hipposideros_turpis -8.73921680310517 29.8681314612406 -36.1527935542734 3.1348465946248 3.73949805167184 10.8945046212717 1.3799772668257
Homalodotherium_cunninghami -32.7389248751777 11.5438360081617 -13.8597616255952 17.8751140402267 -6.45977349800766 8.27711980764873 3.16902010272372
Homo_sapiens -149.906615614924 31.3010755439092 -77.3558033680161 -22.5982798431093 24.492268889537 -9.48311110534583 9.7492028948235
Homotherium_serum 9.597554474859 24.2684697449853 -34.0963533364083 -5.11774862313368 -5.36773189045505 10.8571494193612 -0.876466030746931
Hoplomys_gymnurus -7.95051596535017 15.15768818251 -2.24353075541865 -6.45716433695369 8.42068642740195 24.715195247988 -11.5796033929765
Hsunycteris_thomasi -54.2277077578517 32.1835576793037 -6.66318956301253 0.988656919112204 -21.1752804035529 20.2925081681113 4.62386602693101
Hydrochoerus_hydrochaeris -3.47923792599609 4.2423328986884 -33.1741814384205 7.14170177995206 -15.43145743798 18.3056537914519 -4.51890543531088
Hydromys_chrysogaster 7.17894361959884 -26.2636799309428 -16.4961239838826 -10.3056960830659 -2.8909426048956 21.1080778421825 -2.25051838401955
Hylobates_lar -65.1129517620764 33.6293535344156 -76.8723052579247 -1.61243150728824 7.18932307068096 5.50091119894418 0.778417182305277
Hylopetes_spadiceus 37.8208993300027 47.4123591189985 -19.6240075855884 -1.15471142033653 -5.59370083246503 14.2639275169903 -5.5508575788761
Hypsiprymnodon_moschatus -4.3118055569618 41.0282910955202 4.70275723590706 -11.0512921973099 -15.7105904138235 8.82793162719329 -5.42140538295724
Hyrachyus_modestus -30.6298391433835 1.20430787350436 -14.9267161465216 2.78848434081929 -9.10299753066809 9.84248454512375 4.80158455838594
Hyracotherium_sp 25.018765927218 19.0044503809325 21.734138886071 -14.7860364033335 0.217237191217081 0.390975807388476 3.71518069919678
Hystrix_indica -50.5614118700646 -7.836424787291 9.50813045557105 3.95164822276833 -16.475348631674 15.928051295609 3.19935937963271
Ignacius_graybullianus 19.3886222379053 -38.1088223041654 -13.5658413211205 -0.340555717709663 -1.40853864341591 -3.86963370350088 3.44596011096952
Inia_geoffrensis -105.571139736795 0.426367038033116 -48.3955329963937 -5.17192454233989 19.6989189170992 15.5291328537234 2.60112704103062
Ischyromys_typus 43.4644616648936 -16.2529178789429 -21.2247053844951 -15.3329970770765 4.57442998231347 4.54993629595254 3.6526427226023
Isoodon_macrourus 18.7277638796847 20.7184077521984 32.6744794779998 -24.9320995618279 -3.75045682231195 8.89048499019888 -1.21401588653396
Isothrix_bistriata 13.5689301353394 -8.43201414390444 -14.1644116733952 -11.4120756111692 -1.49717536349611 14.307447905288 -12.1353379688492
Jaculus_jaculus -20.9104861092752 29.8904050135625 -27.548057629058 15.1887454863529 17.4455465787191 20.7714942570145 -15.7779883635334
Kerivoula_pellucida -83.8868681079123 26.0997260550421 -18.6074285291748 7.08344581855298 15.3206153644073 15.1175633340899 0.892327515985472
Khirtharia_inflata 96.9307064318935 -19.5943801536813 -23.8280682615744 -28.1107026773602 12.9296300781143 -10.1206181374893 2.74448607445111
Kogia_breviceps -86.6678520782164 -3.41730586946681 -78.68631135356 -4.04512086526781 15.14616742413 2.15715624483424 1.4130246357186
Kryptobaatar_dashzevegi 14.6767526649536 -2.53386475969479 5.12246149759567 3.02921209124662 21.9727878845652 -5.56494015476828 2.68682739559473
Lagostomus_maximus -27.9027297888187 29.5605649196146 -54.7681566381127 -1.98295001955914 11.6278161954263 6.35781384026381 -2.48188608113289
Lama_glama -50.1836274307323 35.969528939472 -24.4956848878293 11.5888181391943 -18.7274700652573 10.4406691372755 2.11880389719477
Laonastes_aenigmamus 11.7872276773101 -9.10540204996343 -6.5322391475701 -6.59370586072532 8.4214492126401 8.29272432377031 -6.57224678108506
Lasiorhinus_latifrons 18.9858029998295 41.4549520760559 -12.1834967822246 -7.32158098523746 -5.80050843201073 8.64540913403355 -2.14787626741965
Lasiurus_intermedius -73.516581235894 -44.1624904894951 -3.58817268852542 16.3003327344079 8.74926293392366 7.72777494570127 8.06429800702603
Lemmus_lemmus 18.3545787822106 -24.2026741814105 -14.1865280172869 1.72824921742363 9.95651752361629 12.3482883986494 -11.0053516251595
Lemur_catta -37.1108087274889 39.5608121246299 -40.9532359718313 0.795796742731841 -16.1320180081214 -0.115331524525971 -1.32615431800875
Leontinia_gaudryi -40.2479450914302 18.2663466683184 -20.7474250972575 26.3895480040406 4.32460151972267 4.44712737537737 -0.999066000238352
Lepilemur_mustelinus -12.2633506771526 24.3729615311973 -34.7890141320859 -0.189034848475683 -22.7345478415751 4.55738068337675 -1.79216104927106
Leporillus_conditor 41.7287263395038 12.38130522535 -13.6207551049032 -7.17798783147086 5.41363444056614 20.2603981792752 -6.07859500939308
Leptailurus_serval -21.1084413674964 48.8626344580318 -24.6185769196551 -15.0972365448167 -4.17506028649013 14.1808192626667 -5.47155000030957
Leptauchenia_sp 40.2560271606091 -7.18183500847255 -9.06070803902944 3.8953286056109 4.49080890975752 1.51522211618566 -5.76810862444552
Leptictis_sp 34.3177066757176 -12.0658330869663 5.38046831017542 4.44290051136025 1.72033450439624 18.8971236739683 -0.184139741117759
Leptocyon_sp 35.8237932903187 10.3011490249089 -18.7624591847264 2.33940403180829 -8.17539290615109 9.00899671755151 -7.93446909932701
Lepus_europaeus 8.80905211576452 38.635155053451 -26.7351138930709 9.07057216345406 -11.265880164968 2.35058773254785 -0.487809707842264
Lonchophylla_robusta -43.0430781171107 5.55555793109598 2.04673945553403 2.82604347560843 -21.0327600002905 10.9386928662947 1.76902930022204
Lonchorhina_aurita -55.5095550819402 15.40234865427 -13.9287359271245 2.95041408565953 15.6358158503497 13.8893212076908 3.03931537019358
Lophocebus_albigena -44.2154977672475 31.0406174397947 -80.9497934621164 -0.363015157154119 1.89550861889377 -1.68054670895081 1.55959736673016
Lophostoma_brasiliense -52.9078773452895 12.1969666078384 -17.1864575210702 -9.75650324001943 9.32325383008283 13.10776549618 10.1230406709703
Lophuromys_sikapusi 14.0938280032899 16.1817600948775 15.6538274572265 -5.07929359042238 3.19385326535626 16.9066972965305 -9.59087493599316
Loris_tardigradus -47.6111296281926 92.9792456873617 -43.7210440767386 -24.4251326406609 -8.98202080559294 3.47037938675652 6.6285667739527
Loxodonta_africana -98.8806619019998 -13.7450260535843 1.39794067030961 3.76135957060882 -15.1402209343455 -1.62227067587914 15.7833568205416
Lycaon_pictus -3.59774571283939 67.1583612203692 -32.0021416864909 -3.762152847127 -9.82362522677126 7.51312359227013 -3.0134878898287
Lynx_rufus -4.25115362370266 49.3412830488383 -33.9648640581592 -12.6060110846309 -5.6556226545935 18.2644190572777 -1.25265041176187
Macaca_fascicularis -35.236219849882 45.1957145783404 -76.1816295451837 1.47682431528226 -1.43175579751848 3.77345654450847 1.32974460286465
Macrophyllum_macrophyllum -55.7822498088086 0.903838612164139 -20.1723862070433 -3.8507472711115 0.352319254937765 7.95437143171255 2.24999576296316
Macropus_giganteus 21.019343645676 8.645368026532 -15.3249062251039 2.17511193316527 -26.1352910060979 6.56584261649779 -3.73061790284522
Macrotarsomys_bastardi 35.0308146602415 -8.34953749936359 -3.07942493441319 -9.47891614182483 7.58574788355286 21.3572956402859 -3.11046016487418
Macrotis_lagotis 43.0782704602708 20.8762350545422 20.2715754124698 -9.01587159670349 -2.6810866871527 3.563966679192 1.32261006263789
Macrotus_waterhousii -55.2092921615436 -8.62110856866451 -9.15619561290991 -9.36631198216669 -5.83903378432728 8.19278557557844 6.52663391077527
Mandrillus_sphinx -44.0722624796943 26.3468252135622 -80.2113033880439 4.46705645119612 4.84766999909068 4.21560369601193 -0.340497856259452
Manis_javanica -52.5264364347392 -45.5401265844373 36.4542433922667 2.66983403683744 -0.933814424447509 12.9187053000992 -5.37637168014539
Marmota_caudata 22.7432221313497 23.2308247261905 -24.9153330941908 -5.31781300037038 -14.4709730214374 7.42063185652591 -3.78826246362427
Megacerops_coloradensis -57.4898053228673 38.8939003417342 -5.6523526435639 16.3859475594277 10.696329457004 13.717963378788 -3.36115013281629
Megaderma_spasma -39.2103389296229 -5.04826323929289 -23.4966041776376 -7.37430524442038 -4.7374371105695 10.3896059289955 -10.4371965754933
Megaladapis_madagascariensis 72.4439120600446 36.3193059987263 -41.3861900075277 1.67068912189582 21.3900453680829 24.2414911842622 5.70166922319303
Megalagus_turgidus 39.7377371835192 28.3751869542744 -11.8771804078373 -4.53340531188434 6.74458291858352 1.17126313697493 4.09360358054124
Megalonyx_jeffersonii -72.5980528944446 46.4183368639041 -8.63812852130981 24.1991316151715 9.91663531881898 8.82087865469537 11.4545730072045
Megatherium_americanum -64.0654557910857 32.8439920852202 -9.41182049025088 12.6201139481168 -3.9091073655795 7.33206816563464 3.26678340831943
Mellivora_capensis 5.24718365268096 23.1090401334894 -23.0429210720284 14.9571338470432 -8.37278973721929 8.99582274222468 -12.7500715089619
Mephitis_mephitis 56.0377516472948 61.6645047728117 8.61208513861296 -1.69935350080439 6.97486573236323 34.3849497018149 -15.8196031472836
Meriones_libycus 32.1959669435638 18.0331916657249 -12.9575197537621 -0.639008521604732 -0.311303673807768 19.3717677972725 -13.6890657628637
Merychippus_severus -18.1143379789476 48.6724940158359 -18.8474137954801 21.5542589578045 7.52620212432199 18.8391721121152 6.41013220922755
Merycochoerus_proprius -7.14009894947643 12.1475515187974 -19.423580746048 1.23765254586659 -1.20701356167853 7.28370987303578 1.50168075959558
Mesatirhinus_junius -55.3332567419353 -38.1046227781078 3.32011364722579 6.13082714734693 -3.50968182243051 0.809600258374305 -0.40683280818096
Mesogaulus_paniensis 7.06968264656503 -12.8109461306154 -6.87274729682049 -3.38983054891184 0.869157043891763 6.04742529972425 -2.83807647567783
Mesohippus_bairdi -9.43676965881677 31.1108191269536 -25.9823494750177 1.13923252257751 -11.481938225332 18.1707090171126 2.45039593418485
Microcebus_murinus 9.96599573421975 49.0254663401863 -22.8576770255618 -15.0439537830572 -8.48214152420456 12.5543872543342 1.9483547721577
Microchoerus_erinaceus 18.4040644392116 30.806135321757 -37.5964094272101 -11.3406623341199 -4.42526488286975 11.1030163282561 3.79073251102699
Microgale_drouhardi -18.6924738111295 12.5872619550714 39.6972114963309 -4.86416984143993 14.6936934241335 10.9522428062944 0.910693103282275
Micromys_minutus 5.75662532610861 25.7707852636844 -3.01515623722857 -3.00873081629554 4.64632826738037 17.4452645271339 -6.01946762881573
Micronycteris_hirsuta -27.7377665923805 34.4720291502883 4.65747595201964 -8.40345337245497 -7.04255883251364 4.26683072705499 10.0434111698763
Micropteropus_pusillus -5.62741538591843 2.09193749503168 -1.21152175940721 -18.5210191491236 -5.404963199132 20.4783419515978 -9.61918085617008
Microsyops_annectens 19.8399643523883 -15.7272418933404 2.9228754639808 12.0161568967143 0.549947849106349 0.199058632637868 -2.65807103869501
Microtus_yuldaschi 28.5385281005664 -26.5150530042813 -12.4828981349102 1.61396364092352 7.97998678454521 1.33203151379845 -11.4162545627008
Miniopterus_schreibersii -53.5969302236134 -0.940615755271856 -8.54485947878014 7.43600116817524 9.07357854302879 8.48982860800165 5.7295327837367
Mirza_coquereli 4.56367000471677 55.9093676316596 -23.6728163767436 -2.69192584353273 -4.392776391374 7.01758227904222 -0.01934123288991
Mixtotherium_sp -33.7581315880539 -13.8723411202946 2.2373857956063 19.5937104968732 -2.38116967273842 -0.502413283318052 -3.34658165063377
Molossus_molossus -62.3000184660524 -24.2337110080669 -6.10546375702296 6.18292560105065 -3.31309738120064 19.458116366415 4.32077900422076
Monodelphis_domestica 55.3975785792587 -31.5253422875324 8.83287254598722 -16.7121355637211 -0.980029595115478 14.4850424357729 3.79934468208078
Monodon_monoceros -136.765476586944 -8.15340226287235 -73.2458173737732 -12.2641930880201 25.9913305612751 0.00776418179553615 11.0419095608053
Mops_thersites -37.5383439058595 -6.31251977610107 -1.60903964862388 8.60703034997341 11.9910738127087 10.6047423725976 -3.66045535875002
Mormoops_megalophylla -122.410110253448 -4.90256667836125 21.3380454317138 -1.78035264976097 25.1363719322588 40.2303961211854 -11.4559749724878
Mouillacitherium_elegans 25.4498776534245 11.8679624646259 5.34754343009827 -17.834001394739 -8.5505647379241 11.7786527280505 2.3089803463668
Murina_cyclotis -71.047610747179 45.5513811335612 21.2527948055249 5.33541253988185 5.14995112679235 28.122346681355 1.48618785160976
Mus_musculus 33.8909839259114 2.53483555811532 -0.476894075189687 -0.973035863691892 10.2826662102749 15.951798536525 -6.46858511348332
Muscardinus_avellanarius 9.68673258051497 37.1930481121529 -9.19877441175053 -14.2877939133011 -1.37880182639138 26.9784267575363 -1.11641218328129
Mustela_nivalis 29.9791188885633 -3.2434306377656 -13.8294587994989 4.67983312321621 -18.0451356248713 23.4492691752114 -9.2355852508624
Mylodon_sp -102.35037624144 46.7367476536674 8.20548794784781 9.55863528320456 -9.77929151553504 -0.719534173538077 -7.01892357070658
Myocastor_coypus 42.9978556057531 -13.83570925826 -19.685539283579 5.06075826477004 -2.52697710507242 10.5146672316259 6.5077329589197
Myosciurus_pumilio -19.6690387079955 53.4769329519375 11.124460948128 2.02814681099235 -6.74025671575499 5.11084043817083 -4.97575814617539
Myospalax_myospalax -21.2755631251218 -1.48687090515803 -4.68539687745918 -5.2028676316172 8.66825096285078 13.358237487884 -7.40150833121928
Myotis_adversus -70.0947469554534 23.91290366451 0.450904342532315 8.24156806235699 6.14239676916175 19.2627197523716 -8.89801893617978
Myrmecobius_fasciatus 8.3607659141225 32.6259145522683 15.065902660205 -8.28916676970592 -11.1787846354572 2.5131386186991 -2.10130415509009
Myrmecophaga_tridactyla 43.5250859104554 -23.2022520847441 9.39885644026347 8.2453471326911 -27.2653484529165 3.20595272325631 -4.04623201994329
Mysateles_prehensilis 36.4957337283705 -2.78001185883668 -21.1748287580703 0.775892253509582 -4.0153398670061 14.1223883172805 -7.30920318475113
Mystacina_tuberculata -83.4874220342265 5.64881751195403 12.5959464655946 16.0177564483636 2.21256498532995 13.0495793527561 1.92204983089676
Myzopoda_aurita -65.4581369443502 -14.0722097612527 -15.830971504233 0.741418999389814 11.7278249082709 9.51406643754899 0.185721056986566
Nandinia_binotata 41.44745121821 47.248670062442 -22.7541690894222 -8.68220914999993 -10.1481160874242 17.8859124034224 -3.36507008475089
Nannospalax_leucodon -4.22384165580782 -2.95533093475007 -10.8657580185115 -10.6355625915828 -5.86284396230833 20.0511671842258 -13.2039155078188
Nasalis_larvatus -24.9243378710567 34.5924217194928 -74.1068253019202 3.8079290432057 -3.76847352843366 7.16680675004679 1.51541439357625
Nasua_nasua 6.88204839980652 66.3189327812055 -23.4878481617442 1.9605620699283 -8.41313053480829 9.63816009350418 -0.957297204309169
Neacomys_spinosus 1.81445149839208 10.7195525966089 0.806361231369817 -5.59788984995687 3.81070851711862 20.5242751150936 -12.321833506663
Necrolemur_antiquus -3.86691859032072 49.6766835808703 -38.7475054662809 -14.9317485873211 -3.23821738833688 4.98170823824154 7.56288368398812
Neofiber_alleni 27.3338629713258 -5.84186699474118 -6.33313096144617 -10.7722568888371 5.36303959550868 17.6018820728223 -11.5192400755251
Neohelos_stirtoni 24.0590799379487 -24.5867371351189 -8.14777559570631 4.10926854003897 -4.41014099377721 19.5313019191458 -10.4804912133352
Neomonachus_tropicalis -72.6584127640746 -33.3405326201435 -51.8762980688992 4.42716532227524 -2.82986908062863 27.4550710004453 2.64838104977557
Neomys_fodiens -60.4177993597059 -14.2469065491988 21.1531823279112 -6.63064929656305 1.32938416586242 11.3508288526736 5.31242462608752
Neotoma_lepida 14.0836657434625 27.3233989188434 -5.57022633053612 -4.12160398768582 2.63818739918913 16.3914265517928 -7.21439384702595
Nesodon_imbricatus -10.0736279253046 2.45752890080626 -29.1091829288004 -5.50446921049626 5.14448887621687 18.635235578715 -9.8462367636069
Nimbacinus_dicksoni 73.00544743926 -28.5280038875127 14.6664774379008 -5.46106579722367 1.74206337637312 4.48667823820625 2.38308349708157
Nimbadon_lavarackorum 47.8520811538083 27.8244837338423 -2.05556848190604 -0.668418784647583 -1.38740605855846 8.38752376889613 -2.34038092609843
Niviventer_rapit 20.3275792493102 13.6255926799517 0.72643236443987 -6.47854711487648 3.68018212426579 20.0821951813958 -12.3158139666949
Noctilio_albiventris -94.8571896599443 -21.6566468462131 -6.65993054273517 11.5936457173025 1.00567669898525 13.9309347867594 4.14599370231666
Notharctus_tenebrosus -12.6797865009279 -21.9507451066544 -26.6439539974898 -5.27616383314264 -14.086483506396 0.172835213963126 4.82882233472291
Nothrotheriops_shastensis -58.9051361690857 36.8546124131408 -9.83040405322092 13.7277726968596 -1.88751877448331 16.9701364909205 -1.12790014223039
Notoryctes_typhlops -53.451729383638 -4.79264471318712 42.7574078962769 -22.6717692071534 6.13987265449917 4.77820443965585 11.8879846199683
Nycteris_thebaica -57.9662411076149 53.2226075915777 -29.5213262717267 3.7195256464918 14.5818384130594 4.07588949504877 -5.48182100512157
Nycticeius_humeralis -75.2969398900353 -29.0237449091204 3.78783384449044 7.98711290672339 13.5573701878221 12.486756314523 -7.59293377749959
Nyctiellus_lepidus -25.768461098726 11.5627999770124 -7.13877914515865 -0.135528967050939 19.2300152630542 1.2941787383601 -0.757558863375818
Nyctimene_rabori 16.8742405186705 52.9885643218268 6.69023143915794 -16.6234612421445 -8.13309985930582 31.1440940671506 -15.2734823263248
Obdurodon_dicksoni 16.3454854087915 15.559651805121 -22.0967212708058 -5.57386180436633 -10.5803647501533 1.12349803707188 -1.80014549322685
Ochotona_alpina 43.2122990596137 3.17093104708131 -30.0967846878523 2.42573350226353 -3.51892574489403 4.10882244232529 -8.07914619274226
Ochrotomys_nuttalli 13.6545703543099 7.98304493266086 5.33143993543096 -7.16654787340101 4.11009631499933 18.7770145959602 -8.15318409381105
Octodon_degus 30.5009049215324 4.2349041359053 -11.8071661370008 1.09423592969348 0.31443354690804 10.9933651919277 -9.31608837597498
Odobenus_rosmarus -123.686313988208 -24.8420113824654 -37.3144011684067 -21.5976156041455 -2.39065999178827 24.7793242306423 2.36164266447704
Odocoileus_hemionus -12.8220891482956 51.0388601034232 -23.6454907096547 19.7365161901163 -17.2284888373784 10.4039796008859 0.92446995813642
Okapia_johnstoni -30.6428353350533 -3.84014277979743 -29.6781010739346 20.707169833584 -9.81736713299367 33.7938859382642 11.2537120472606
Oligoryzomys_flavescens -10.6193874089404 24.7741523229781 -1.26606348905017 -14.0783566654559 2.03762890768358 18.321299087612 -10.4205797456511
Orcaella_heinsohni -113.200737163265 -36.0521996225123 -72.1952390319171 -8.73275108386335 17.5036859884177 -2.91824324630475 7.19556995749326
Ornithorhynchus_anatinus 0.0554662220290716 2.76470869383963 -23.356293638429 9.55430288683593 -10.4233704053055 3.82194117427167 -2.2256783781313
Orycteropus_afer 38.3300799712196 16.6333798163232 2.16749532165049 4.29387658994395 -6.32575546733769 -0.581834223338307 0.135595775354394
Oryctolagus_cuniculus 12.9962488805651 30.5646112740634 -46.5498838494702 14.1996477706485 -9.59412986842495 -12.2177040709342 15.4020443507304
Otolemur_garnettii 0.0155095615718287 63.5042567290308 -37.4490284226352 -9.89265926355262 -15.6957446472293 3.78979065331035 5.86288832888295
Otospermophilus_variegatus 41.1485525364075 8.81348136820409 -16.0864339612419 -1.34158152047643 -9.40704644445086 10.1465077203652 -7.04434647649117
Oxydactylus_sp 5.82692998100277 32.934789880741 -26.5399216600613 16.3003338032062 -4.22203834600675 3.36991025789655 1.679764717731
Palaeolama_sp -25.1232597300631 -18.024835743012 9.5131964543962 27.2411842637583 0.0842741742526386 5.02257572438319 -3.63539307194975
Palaeosyops_sp -26.9681957441233 -26.0253790348878 -20.0332965217591 1.76380787503924 6.23347617173596 6.14461957733396 4.52962532089556
Pan_troglodytes -94.1476669372904 40.9886939608542 -76.9044927909414 -15.2629576828885 6.67275722142524 1.47319067700321 3.98281533930756
Panthera_pardus 8.82263398261022 31.7603996415609 -33.4303957041994 -6.1119384805011 -1.21227962508459 17.6206405011724 2.96788249495089
Papio_hamadryas -48.255815189548 16.4617842381292 -77.1616361612239 -5.76225768832912 -4.47169999715032 0.877765241942244 0.691619254747894
Paracynarctus_sinclairi 33.7469473182915 33.7986757488947 -19.3457590901896 -7.4950694232293 -5.70451701195853 12.76233458965 -10.9749034332613
Paramylodon_harlani -58.9662238608051 6.45035457601869 -21.489769104046 15.1901830334396 -5.47410330273674 9.57416317209369 3.51899561226066
Paramys_delicatus 42.5991520440591 -21.6780058368268 -7.15680467150283 -1.25711319106258 -0.289404574194382 10.2157347832631 -8.85444034506025
Parapithecus_grangeri 16.0331157180991 38.512233895638 -50.5511553816266 1.06499813817952 -5.19779686432255 4.3916597911832 5.97988331369231
Patriomanis_americana -48.5728005583564 -47.7251197450133 55.2526865670969 -20.4699897281918 -14.7765344320623 13.1974937641005 -14.0994906157342
Pedetes_capensis -12.7114422211554 39.2896054862454 -22.215845640359 -4.91545962367018 -3.91675545058426 24.1315117782 -2.8579039952427
Pekania_pennanti 37.0542263326444 36.9131258777261 -21.071311518104 3.55326981685069 -11.7802492181894 19.2229941163923 -4.27441248974882
Perameles_bougainville 17.0252552147876 34.4652230861194 28.9292997897603 -19.2080739214625 -3.77252476153775 8.06049899509976 -6.06710360951065
Peromyscus_polionotus 20.567115963581 2.50589025339268 4.75327179492446 -10.8860775036827 5.83940025704766 18.7885038350662 -10.5659992631247
Petaurista_leucogenys 21.806378080073 29.1663043901388 -33.1567274798877 -3.93261441057676 -5.42849296333638 11.4097498914473 -2.00320092981141
Petauroides_volans 6.52531229369319 -1.09163437870672 -6.57816993297459 -6.67702516846571 -13.3774957023691 13.2709893008198 -6.47314863719117
Petaurus_australis -3.84115564594452 8.29567843300087 -2.11948315850783 -10.3390884271762 -19.6269261352123 11.6256029799863 -4.66927735369243
Petinomys_setosus 31.4578660075271 39.2731617995969 -16.1749606160575 -5.81249410543148 -1.58321470488385 16.5879720495071 -7.55630332566978
Petromus_typicus 18.6339232945853 -8.08453749565095 -14.8163649138153 0.471699096529586 4.92582163481908 2.26963386408624 -5.31277062366443
Phacochoerus_africanus -102.257551318345 41.6487099514418 -19.1299988501775 -0.0761587197551222 -7.06372379928821 -12.9185994503141 12.8248011597474
Phalanger_orientalis 49.4172460886961 13.4591850313057 -9.8926537819701 -11.4715638314972 -7.27977400794007 15.864898674065 -4.73151340936516
Phascogale_tapoatafa 33.0632808928872 34.7568527629932 17.9591098902209 -7.54007024908157 -3.36297728420049 4.26493196972853 -3.62681236487452
Phascolarctos_cinereus 8.28938226412235 21.5385748552977 -16.3606613213913 -2.92341092442739 -25.7866500877804 26.227851485773 -1.3390915846463
Phenacodus_primaevus -25.7442598307069 -36.0164485142382 -14.2936413728133 -1.3261706064142 -4.38707015308923 -8.74388217843401 5.60002229761641
Philander_opossum 65.825482385827 33.3578081568639 18.3329659864366 -17.6228600575285 9.87530760025372 13.7459500959507 -4.64131377983684
Phocoena_phocoena -164.857144954137 -35.5363165555473 -72.2035360835264 -20.4208640466345 27.9653760648945 -8.58799080469289 9.83410213060219
Phyllostomus_hastatus -43.929236706605 -4.24643018807337 -3.93630634251756 -8.36240188334453 -32.8379844158905 1.14978938446575 5.33181224966025
Pipistrellus_hesperus -57.8355316841617 -44.2316643683191 0.543800541818703 14.0925354630222 10.3837818506251 6.0883700819225 -5.02056125978735
Pithecia_pithecia -52.2268065531224 54.3745400555727 -74.2255564718204 2.92068439922974 8.77157004773085 0.524147847404651 2.39638604277193
Planigale_ingrami 4.59397400191469 -30.3785136120903 23.135080137746 -1.50398737379684 5.09729778974342 6.71612715746549 -10.7325513208624
Platacanthomys_lasiurus -2.58782901818463 10.9432337008032 2.42624598635511 -8.7132849001113 2.16085363290743 15.4618319312227 -6.13454197209528
Platygonus_compressus -81.2195058302039 42.0193889359407 -22.1326993202433 6.88088207142655 -11.2187280433489 -13.8293247371089 12.7307837398418
Plionictis_sp 39.9874119665362 19.8491357516524 -14.532366821074 -6.41106735534231 -14.0634057115526 20.7730406596519 -13.0571097670572
Pongo_abelii -158.002731346271 53.7854731963809 -85.3540796613741 -26.1931928246622 23.3115050581567 -1.15791915503192 13.5057727653754
Pontoporia_blainvillei -109.595697422585 -30.0290240787029 -76.5560184530631 -10.0734286959047 15.352428938472 -2.58805698050652 3.98451739354491
Potamogale_velox -11.3498990903756 -25.5140897562346 -9.59792331863624 -5.74410542303498 0.893810032561268 19.6372164288856 -4.73299073954084
Potorous_tridactylus 9.18770621584985 57.9846514169508 13.2863958011768 -11.2031172909994 -19.8422109777965 8.16899424095255 -7.33356542014829
Prionodon_linsang 35.8922716531188 9.10102650033922 -26.1533996986937 -5.57510385093508 -7.26539361551667 19.0856614623836 -5.97294161133938
Procavia_capensis -5.51874259358348 15.7620265813695 -29.8468061688608 3.37236624135663 -20.1277701579058 9.96325280803925 -13.0574504472909
Procyon_lotor 13.533791023324 51.7518981909638 -22.1156909423239 -0.698696316835722 -5.45008032065312 13.0084088495451 -4.95410891248651
Promartes_olcotti 4.57215927788361 62.2071762443353 -9.72564497949377 -11.3550569914609 -2.08100958993934 25.3075340310127 -3.6628769326108
Prometheomys_schaposchnikowi 17.5321876564621 20.9052638331183 -7.16561913533905 -10.1073646904978 3.72066003837981 16.5762487230454 -7.99253887358001
Pronolagus_randensis 37.9985364256808 20.5430558893953 -36.7414636774142 -0.983853915763273 -9.33037206320659 -0.955713061723631 -5.26636166563203
Propithecus_verreauxi -68.0190660507016 58.0575692657548 -46.5424705341498 0.615831693072332 0.0680870856646622 4.39525727995934 2.33869730801481
Proscelidodon_patrius -54.3367308327913 28.1862029416699 -1.63290354515393 24.4030686410824 -6.71284579885406 9.28789240871927 8.19785429231215
Prospaniomys_priscus 21.4133888255135 -28.2038445680441 -15.2565384453584 -1.2368279479702 -5.48770974525025 15.5319861257435 -5.41536316315835
Proteles_cristatus -7.50908466141236 3.27199778411148 -19.0212730844441 -11.6217207542077 -5.5303158214077 15.7779005490079 -2.24287550083582
Proterotherium_cavum 0.697708501120285 18.7300500502618 -36.9323764689604 7.16455607753965 -8.4620237876138 6.53983551376092 -3.04590613807601
Protocetus_atavus 110.020654552195 -15.0864865341609 -51.566022388859 -29.9054312423179 33.7525917919529 -16.3007418958446 3.51659705396032
Protosciurus_rachelae 36.309381654263 5.2743818001055 -9.27045224804607 -4.05060396404496 -3.15129939679617 12.3736930160669 -6.99261049944261
Protypotherium_australe 11.6366388022211 28.6285875594245 -15.6770397691716 -0.743227406130556 -1.1453879780499 3.04646267686193 -5.09652835677718
Pseudaelurus_validus 58.5537741015895 33.9527552629904 -33.9044088840229 -10.1945969671941 -4.85421117002735 8.74726717104861 -2.2321582986537
Pseudhipparion_gratum -40.4848529166884 58.8242527621136 -18.6645712846772 21.6656295500461 -2.52711354104929 9.78036162083272 -3.27754915994881
Pseudocheirus_peregrinus 17.2548738866296 -6.17225397981346 -14.1454626279717 -9.81976497112156 -12.6757269060247 12.8430884094689 -8.59264921377399
Pseudochirops_cupreus 12.3280802921341 20.5011258578644 -17.1630724105723 -4.47538938752132 -2.75854039359133 17.9552630049371 -5.75224067249042
Pseudotomus_horribilis 60.4653628071192 -13.0291368816707 0.837196323079927 -2.20765531450423 3.34573714563939 19.5964776636827 4.66381550802888
Pseudotypotherium_pseudopachygnathum 27.9189140619504 -1.09539367715709 -23.287961419703 6.38068428507662 6.45674577365094 13.439663616287 -1.1155366293619
Pteromys_volans 7.9696599742254 20.5680924062705 -22.9587941325247 -4.90148587154793 -10.7373324364543 22.2658935284917 -9.2946165044908
Pteropus_giganteus 26.2142967832839 47.7838845956143 -18.0704449620083 -4.31057117672624 -10.881657532343 14.320177492007 -4.33664213021492
Ptilocercus_lowii 29.3109678261747 24.9330416104199 -0.475140224152014 -0.0538808614568647 -9.34816334350878 13.1795911936303 -0.869296144462455
Quercygale_angustidens 21.8967838951348 -16.2321739730525 -4.52522004400229 -7.15984835113462 -8.57669871645868 15.7628574153417 -9.4224776767207
Rapamys_atramontis 40.5005107849335 -1.66124756160006 -16.0478770854719 1.59412306915462 -0.662794727308696 3.60387213046594 -5.96631908014474
Redunca_arundinum -33.7451906823903 11.1160671136582 -42.660626871042 8.8508026684627 -22.6051764473013 3.85065873354881 -1.97980731002049
Rhinolophus_affinis -8.99799349900859 24.2798402834834 -41.1902710498867 11.5632242461959 33.4314108883805 11.9066802503341 0.452976259951186
Rhinophylla_fischerae -38.6621038462165 37.21826076326 12.4728308076237 -9.74152331797282 -0.162590343004961 7.32676658818907 3.02545598191928
Rhinopithecus_roxellana -66.7068435270909 51.554141332021 -74.6319849441931 2.70834560308197 9.79381893513242 -1.22492614155206 6.4078934234868
Rhinopoma_hardwickii -9.0442654303869 2.94860368375113 -22.301416614684 4.98008274599402 18.1637171269299 4.74691906283152 -6.93463213464728
Rhipidomys_fulviventer -2.53217033399235 1.24195697031671 -9.31324664856328 -11.7104052461085 -4.89912076607556 17.4863606291935 -7.80199261932186
Rhizomys_sinensis -1.64173127121534 -43.2478509337657 -8.61187098850426 -5.34914646532887 -1.1430193152154 7.0635451910808 -4.05756519354502
Rhynchocyon_petersi -2.7657725193214 51.7858002501334 17.0819486895501 -8.35682008612276 -9.98278041071186 2.5249840011252 -2.38783034208085
Romerolagus_diazi 51.9680153098734 47.0123768163036 -28.8057514028249 4.18966905027068 -4.10709762614283 6.60548602807927 -0.216347668951589
Rooneyia_viejaensis -0.662239288608706 42.6576171364437 -38.6151516386224 5.54656493418645 -12.0601818250844 1.80421868319862 3.20984540357237
Rousettus_aegyptiacus 8.38463240211637 44.3085327361942 3.95430099999193 -3.20954173156187 -10.140312887298 15.8797870012687 -6.74566991097509
Saiga_tatarica -35.184627767419 24.3584210373603 7.1630874351942 13.138135023254 -19.2845024124967 19.9503131186445 -2.35716597997818
Saimiri_boliviensis -67.446915857983 51.9242266898761 -76.9782356997604 -1.67049366292707 3.34164440698734 -2.9960809344077 6.46492356091976
Sarcophilus_harrisii 27.8459162272029 27.0649475837189 29.6789649824286 -12.9541532240455 -3.73815717629955 12.8537439004218 -9.3972076432598
Scalopus_aquaticus -0.0694471714384169 0.663576540217321 1.77967612632859 -1.38371701439487 3.18748995561728 29.1481158732498 -18.2687459210426
Scapteromys_tumidus 30.8798307658854 -4.43090551692864 -0.095672282077472 -9.7199846156449 3.50466457665634 14.4075358575335 -7.8901742578951
Sciurus_vulgaris -8.38208320718313 15.9002638076372 -9.69161939871324 -4.13660356585334 -14.1245919191913 5.99807865329197 -6.54543938816023
Scotonycteris_zenkeri -16.8761376963702 45.584744040179 12.5263975001092 -4.76588754635085 -8.69834277521509 16.1422039686481 -16.8915111376425
Semnopithecus_entellus -25.4803587674291 28.9654554248185 -67.8967594020522 2.64403117787695 -8.52465401981856 3.36700335627535 -2.39471844781954
Setonix_brachyurus 26.8819220377176 35.2384911605458 -18.3589657489153 -3.51631074931494 -21.980991661008 10.0697956571459 -5.05691992857789
Sicista_concolor -9.95096523513148 19.2536162653981 5.60926294900472 -8.82531608509693 1.79246601630489 17.504529529605 -13.1523658229367
Sigmodon_hispidus 34.6278377644678 -6.4790745270534 -8.36884319598952 -22.0923459863913 -1.56937525383443 16.123195871389 -8.99496048274245
Silvabestius_johnnilandi 47.4285687919687 18.2396502206995 -0.325324029300159 -12.6472325688869 -6.28158846067566 12.4006433728442 -5.54409565113014
Simosthenurus_occidentalis -19.570992431706 20.1883608441076 -8.15260114417109 7.73064576080864 -3.08939080948151 24.2395521459426 2.56345852132657
Smilodectes_gracilis -12.6759380886204 20.6712238398534 -22.0921405595625 2.80342475357892 -7.15360213242818 1.82670370885816 6.84546450219957
Smilodon_fatalis -54.4289069901418 -5.6036740955384 -28.2889827852232 -0.199721075645817 -0.977079905715417 15.7741067075064 -8.315441265577
Sminthopsis_macroura 15.4545486727517 1.1976105812794 18.6130009557452 -16.2829186418319 5.21452675391018 12.4789520162514 -8.81576171853124
Smutsia_gigantea -69.8121684131843 -30.9159068896771 0.345183006208104 5.78449975342406 -14.4171755215272 17.6035293629998 6.94431057218502
Solenodon_paradoxus 38.2240203318066 9.30257539858029 28.9293428454185 -3.10001088131202 -3.10759367579777 3.54341940691896 -1.6519307955218
Sorex_araneus -32.6906458115821 26.1954261688992 35.8011357090754 -5.21973121785845 0.430805818993551 10.9879116971293 4.84431270276427
Spalacopus_cyanus -13.9532054018198 -9.81353318750158 4.01874431837751 -2.60941147231203 7.86625970499916 26.5858685086095 -19.4317107617315
Speothos_pacivorus 6.00853050214926 42.3850804785005 -27.3057597013264 -1.13991875428233 -10.3510510087764 16.1314458751568 -9.55326253677982
Steatomys_pratensis 19.8399954015381 -0.64842568963351 6.39092074417201 -0.855649214520979 18.4644779127496 18.6477129490614 -10.8955670287636
Sturnira_ludovici -46.5270119703095 28.5654209863478 8.83087816993125 -14.6521825787779 -12.0284632661793 2.79745763318464 2.51129029534988
Suncus_murinus -15.9497149625177 -25.1305322685896 43.2857919303371 -8.21816497416672 -2.76192218541387 7.92284678221297 -0.841849807616734
Sundamys_muelleri 29.4312108226356 8.7231844837921 -4.11092066332741 -16.3651336946145 2.50384296237459 20.4075167802534 -7.16424504889693
Sundasciurus_juvencus -4.83290260030097 48.9162657789214 -3.15736012845456 -7.16439911844333 -13.8920399493246 2.16868692203272 -5.57550448610065
Sus_scrofa -76.4900174656841 53.8727567278214 -20.7198300721577 -6.05905067460474 -14.1989664562524 -10.7190476585024 7.47234548334414
Sylvilagus_bachmani 8.94490618932915 53.1996296020038 -27.5147234706341 5.14785406729409 -10.5955865255616 0.607443893718466 -2.66328436908528
Tachyglossus_aculeatus -70.573012693816 -28.3386269589717 -5.82986537604628 12.4392429998142 -22.6226937045897 -18.2464662239512 9.61433713016077
Tachyoryctes_splendens 0.811798816205076 -43.9324403422885 -6.39741536768474 -8.70805427026296 5.9700654564436 13.961525932892 -11.9000593980773
Tadarida_brasiliensis -54.6725833738736 -13.8941184044871 -2.73267209703477 7.52482187218693 3.90406535024341 15.5661411421248 -2.06269898678112
Talpa_europaea -23.259771416384 25.5979881087469 27.1577741013897 -0.787686217200444 -6.59139268120948 -0.859092009093552 1.06246695100508
Tamandua_sp 24.2589319839726 -9.21472776426709 -1.12353009022096 13.4304258087011 -20.1689144989238 8.49327615491733 -7.96859641162733
Tamias_striatus 38.3879858368521 21.896179506728 -13.2302460667604 -4.40649196554607 -5.56153816563385 11.9141136263814 -8.63716318062873
Taphozous_melanopogon -60.353888813399 -30.132725779573 -12.7270391183184 13.2380965902206 2.34427257011331 1.44385767504218 -10.837404571419
Tapirus_terrestris -53.8803783926395 -15.7029057862374 -20.9944731398444 20.4976604214823 -7.78358677892425 25.3440994295182 1.02371236687836
Tarsipes_rostratus -3.21932279617709 -36.9474838264141 -6.11628601648952 -22.7931386411953 11.4778154334384 10.5489271231176 -7.63948279861767
Tarsius_tarsier -39.4984408956287 54.151560675447 -55.434728433037 -17.3761613462215 0.387941512709311 7.0772376851754 3.56499950029294
Tayassu_pecari -71.1486432655303 45.3256339952058 -27.1404901469653 7.35538814458295 -10.9515974722584 -9.45695077388418 9.69525811219495
Tenrec_ecaudatus -13.5448312331388 -7.40575612838801 45.2185008004807 -28.2198476254817 -6.9496374362535 -0.191196688158455 8.46627048433282
Thalassocnus_natans -17.5359625588845 30.4565559530732 0.493832162446299 21.8348508100287 -11.5230526435007 23.8015914491667 1.53057363838845
Theropithecus_gelada -54.8900738772396 41.0810080861216 -80.1775746800122 0.412818299412712 4.91903892502039 1.20241623913281 3.24661817165281
Thryonomys_swinderianus -3.15434774236461 -33.7106088507588 -31.5794310448882 -13.8941566912821 -0.419683420804437 15.4746394528642 -3.3164296222656
Thylacinus_cynocephalus 26.0405278784116 -7.8853660327487 -28.8786646108006 -14.5833689283099 0.0532269187641372 14.7514456985433 -5.71754596932526
Thylacoleo_carnifex -17.1059479428313 4.20080974482994 9.95953374444589 -2.60276131579886 -13.5087748471882 21.4474826469742 -7.86204578758768
Thylogale_stigmatica 14.6325236192075 32.8527547525087 -12.1488685690526 -6.17272839166682 -24.0113153621174 8.6644455129713 -10.5489840266225
Thyroptera_tricolor -67.3140054861541 -6.32594039349396 -21.6100167940553 -7.30808063974868 10.509700823612 14.2958755937216 4.19676808560284
Titanoides_primaevus 33.2351013970464 -14.2413848161738 5.15364033194938 -6.27674868819751 1.31483511046443 3.43351870561651 -3.07502690955038
Tomopeas_ravus -65.0726353245684 -8.36165055119247 -8.44573269126482 14.6654682353658 13.807684995418 5.53655531101673 -3.82360702871077
Tragelaphus_scriptus -26.8951792803139 40.2096047359802 -39.8487877534659 17.7863900477025 -12.1440868054868 8.48450550047799 -6.10946516072025
Trichechus_senegalensis -162.45824768218 -5.53835310851533 -13.4416952815322 -16.1393060426669 -2.86036039936131 44.6817801546225 3.99765789997666
Trichosurus_vulpecula 20.8299280348937 29.2831118004976 -11.8683718940848 -10.5800578430544 -11.3110324461647 14.8666186743285 -4.63051243762538
Trinomys_iheringi 12.8273600952442 13.751909603962 5.04053402068298 -3.46137653537503 6.00864905801543 27.2665624936434 -16.0416056439551
Trogosus_hillsii 12.9245989120778 20.2874007108337 18.9324723670611 6.40556966316937 10.9258308628208 -2.93496035028608 -11.6224226087891
Tupaia_belangeri 26.6434609636996 43.4382199251895 -4.70837457090771 -5.8933697927302 -14.3657224187348 7.00700523305136 -2.62888706637049
Tylomys_nudicaudus 14.1067046527662 21.9539851169436 -6.33835185586635 0.688306839007748 1.36412229814401 17.9664961752045 -9.84716867865748
Typotheriopsis_sp 14.0769789539772 -30.5725244697703 -43.7792832991906 -1.89003871725245 -11.3924414031871 8.17990753503777 -0.148326144589443
Uintatherium_anceps -7.60552749882774 29.8954765964995 3.11529712829272 -28.3707132541402 13.6397826167983 11.4905283562454 -7.47953986215724
Urocitellus_columbianus 15.4424724514233 35.3587184723041 -17.506328745276 -11.8795852728273 -9.8778116563501 7.21001005363684 -4.37141045065878
Urocyon_littoralis 1.78683539608929 57.4209064813757 -30.7420923577045 -8.08394881338036 -19.2566344218138 17.1684504876011 -13.4437943491484
Uromys_caudimaculatus 48.1514780580276 -0.949744480248759 -1.91373144986674 -7.45429573164471 -1.6179306534794 18.6133483877425 -7.91048067645617
Uropsilus_gracilis -53.4974380939384 30.1866068020124 30.3413966293347 -14.3895777062407 6.1415112441 6.6225498957667 0.333628921200864
Ursus_arctos 22.0254527602389 17.6802784622791 -30.7106938101409 4.40582363693079 -8.25203150184869 10.4894640619216 3.32097516251906
Ustatochoerus_profectus -64.0988499017159 2.04351124625665 -24.6772448622926 -13.1563442872362 -4.23237374239803 4.65733355833959 -0.442118201150552
Vampyrum_spectrum -8.96811087461534 12.4019223079814 -7.61514354087589 -11.4114062932823 -4.11784208900917 12.8425001136672 1.68489663625599
Vandeleuria_oleracea 8.28436009996482 17.4661626154058 -8.09633702266284 -16.2773358788328 -8.07018346023352 18.8477620705184 -13.9179052183754
Varecia_variegata -35.6373462031837 30.872951428387 -29.0071570283832 2.91276278830353 -16.8826319754555 4.80293177799956 -4.88237423424277
Vombatus_ursinus -9.82319969560456 8.44299810007115 -7.30358042555571 1.28493002160495 -11.0821215892287 15.2204502238323 -3.29918160391454
Vulpes_lagopus 11.1290278355028 71.7574171220971 -15.7388723922124 -11.3290155019444 -16.1973622973539 19.9369588644878 -13.9142832682413
Wallabia_bicolor 33.4014750419094 8.62648266755016 -6.68039107664962 0.91079573109447 -23.7115782582883 12.6087484926974 -10.5522681944475
Yalkaparidon_coheni 9.45502149151491 35.7664630347749 32.4795941580796 -15.6521433160896 4.88761173487952 19.3305026750519 -12.0501300149063
Zaglossus_bartoni -78.798156066464 -9.74504928100271 7.13047471977575 7.94512373125289 -19.0802309546512 -17.3608601473272 2.3279014235026
Zalophus_californianus -39.8819256184168 -6.67429686221184 -44.9159696030505 3.61781282704048 -14.7405855756003 22.2098910280161 -5.57713878064536
Zapus_hudsonius -6.90428708371257 24.6523242644499 10.2643289182129 -14.1753664660997 0.259672684844395 19.8943804548707 -15.7522134702793
Zenkerella_insignis 33.7627084478989 35.1743934562069 -13.2624655703377 -3.87175626496575 6.27335802529413 27.2273405999347 -16.0966830155806
Zodiolestes_daimonedlixensis 37.1139308261596 -15.9634913359285 3.23672477899291 12.887354269972 7.10414543281085 21.043395539021 -3.96068075839546
Zygodontomys_brevicauda 10.7743600539429 4.57648422758758 11.5993262357333 -10.7939800845602 8.4128194599324 17.2892907261087 -9.8244736640191
Zygomaturus_trilobus -5.32659825631658 24.3943676738695 -8.17730686899755 25.3187625315904 -9.15769171137167 11.8749313038275 -7.74550523486044
