Abrocoma_cinerea -0.345786213356482 -9.77392440185396 19.1606522835062 2.56046048057395 -5.47896769044464 -14.110602366168 6.03460833934912
Abrothrix_olivacea 9.82712493160322 -15.9871749204143 7.51358611647228 -9.11228162116408 -17.1193541935823 -24.1154133211697 6.22385182878223
Acinonyx_jubatus -22.882071723796 38.4007814373072 39.4897857196716 17.7060664408816 3.85177959176693 0.263800612777964 -4.52096915130476
Acomys_cahirinus 20.1327867470316 4.98799113049327 2.72312305736954 1.36062297004768 -16.9457765626537 -19.0618219320495 2.4171344684585
Acrobates_pygmaeus -28.1712330560307 3.64589858581671 -3.65724124640969 6.26399913010126 2.7062347691517 -13.5323533202803 11.654539679181
Adapis_parisiensis 28.7548291726132 -2.72662852245637 23.8555707304462 1.30835466040796 2.43814982412638 -9.799386876677 2.03240190642829
Adinotherium_ovinum 12.4068015944844 18.3732828489188 24.2003657851183 6.25046377842969 2.13337475862272 -18.9792868440347 2.03469546423945
Aenocyon_dirus 35.4686541589079 38.632558149423 24.1650052812269 2.82845436195421 7.84096167758325 -18.8007803130632 3.57011028947576
Aepeomys_lugens -4.1142721300601 -3.57002314619362 -15.9248849630023 7.14659594225389 -4.96290367017381 -21.1214233693911 4.7010816734592
Aethalops_alecto -7.49362550284382 56.9216713483913 -14.0268561406906 4.99247357713844 3.93534318128139 -22.9846837220854 12.8094905176589
Agriochoerus_sp 18.3272481130249 -30.5186065660115 12.1187785537278 9.0478447319863 7.85484291106141 -7.72470365821685 -1.62517940917842
Ailuropoda_melanoleuca 17.6709640120097 31.2229564776869 34.9987413519529 8.8689135637288 6.59283875998797 0.393600801019691 -3.95143644840372
Ailurus_fulgens -30.9652011955352 35.0383969140612 31.2200797825703 6.61909258724757 10.4276121517219 -12.3878800662868 -0.933956516785542
Albacetus_salvifactus -54.2056490104467 -8.48509779456283 32.7993794205142 0.193393577408605 -29.9359815125869 -5.20476192345323 1.92949355097205
Alcelaphus_buselaphus -75.9043116286763 9.39845336283983 15.4166693440838 5.8886257340286 24.5760932552984 1.97924394932842 -0.252205645071477
Alces_alces -12.2919278140338 28.1833592978226 19.4283037265703 -26.3083167859245 17.6490942001273 -7.92403774075182 5.01335448676897
Alouatta_palliata -23.5217854063818 38.6971079564439 75.7320609514124 -10.437695521442 -1.0467804035219 -12.8908642828056 0.677728869848154
Alticola_argentatus 21.5814911610326 1.62310558701801 3.35505967075846 2.70108994126124 -4.61516270683884 -12.3965757273783 19.3820081960543
Amblysomus_hottentotus -118.983489726543 46.857160585518 -29.4958361757486 32.1833194933754 -17.2197912933211 5.55836961512642 -9.50399560670465
Amynodon_advenus -58.0432557974504 21.5453478870572 28.8000834972009 -7.21062659468401 0.217288136772523 -6.66792792508195 14.7800440137086
Anomalurus_beecrofti 7.91245806475993 19.724340035558 19.3698624835504 7.3466433717704 7.74814968331865 -16.8520139499426 6.67025617786709
Anoplotherium_sp 23.5840656479412 -7.61507347979885 25.3943426872607 7.81460445208036 0.00944293436115415 -4.72639241280447 2.94200354303295
Anotomys_leander -2.47276662437263 1.74530453295856 18.7224095211783 -4.46322315050738 -4.16253435485506 -12.8672950036707 9.14104871795605
Anoura_geoffroyi -25.0555446088258 28.6225149321267 3.36836140208005 -6.93620577855315 -0.359373389210532 -15.1406001241082 4.74592752364099
Anourosorex_squamipes -38.9093600933786 21.9896737519368 -42.9985899085213 5.26989764838658 -5.54465028088235 -21.7246898324453 -2.35035986769117
Antechinus_flavipes 24.3808620577047 15.4507883588155 -18.6347148717635 9.27935757125964 -4.93617778942717 -9.33768857980976 4.81734029119066
Antilocapra_americana -55.9707313863265 60.6654050805287 23.5315518778331 -22.3720602904462 3.87256895680777 10.5601508868323 -1.07241209308392
Antrozous_pallidus -19.0518303323489 -0.0191234072362501 7.52724899338377 -18.1277219069327 -10.0024226338367 -17.4309968405084 6.1830202964414
Aotus_trivirgatus -24.87858689575 59.6084943574242 62.7284492994069 1.25439906651938 -3.80199475218031 -8.99484244018222 -5.64284659503054
Aplodontia_rufa 30.2230445662244 -8.85993938146766 15.7185957645382 0.233955946776093 -0.742894635770616 -5.86315455556329 4.45485537303061
Apterodon_macrognathus 1.27515326888646 -27.6977078727152 2.56876695176975 10.6011413638411 -2.26542332386239 -4.94666586215071 0.67993771525911
Archaeolemur_sp -22.0388663012097 48.207544614886 42.2732788507626 -5.63849871472381 13.7683942236958 -13.598052966554 -3.16352331691105
Archaeotherium_mortoni -7.47352060471147 12.951155579384 27.6615952025949 -19.0553616856626 -2.8414004440656 -15.0333858030855 11.5367710110824
Arctocyon_primaevus 55.6290989520637 -23.7722502108307 -23.2301321418135 8.30394595055485 -3.15824227281625 -4.91406308165913 4.08901544997489
Arctodus_simus -11.2811571736169 48.9511169849316 14.7776878599946 -10.8381947116748 -2.45192172140299 -2.15412426415277 -4.57853715195833
Argyrocetus_joaquinensis -92.7239944899037 -92.7958916597021 50.931025284849 5.03489505370701 -11.0550562020727 8.30961447995896 4.01456705418292
Artibeus_planirostris -28.6139854639004 35.9100209644523 -8.275548561787 5.13539854522707 2.98204531417544 -2.40974399702437 -2.23003510882774
Arvicola_scherman 13.493321594262 -23.6760919224118 7.64841365803523 1.36629929673526 -2.51390127966883 -13.7990309144407 10.1559226061246
Asellia_tridens 5.34235379762817 37.7651572485799 26.4433101413894 -0.0749473117251068 -13.5701361829911 -13.4390201347584 9.67070709529247
Ateles_geoffroyi -68.1240223140903 50.4518999938929 72.203845290023 -3.61989306076033 -13.8839632921439 -7.80656802501235 -3.97010628664843
Aulophyseter_morricei -157.23768781126 -59.0017301601671 69.9522508815394 23.7714786442571 -22.4074036116747 2.66524635289084 -3.9504310474885
Australopithecus_africanus -114.804218056414 52.975563866405 80.990824233609 15.1526446553723 -16.161350482687 -0.625579940080518 -10.2333661178993
Babakotia_radofilai 23.8414913701637 39.8776267471588 46.9348995822018 -12.764520367477 9.74424834378985 -13.3769634228811 0.849105632419838
Baiomys_taylori 22.1064119668009 12.7974014857088 -5.56199192637813 5.134948275161 -12.7938721779663 -16.5900620830245 9.29728691110478
Balbaroo_nalima 36.4498328302428 25.2219529206988 -5.08736177148569 2.57178675380657 10.2363137634023 -13.9003282262944 5.13918101203649
Barinya_wangala 68.7277211872164 10.2353032606785 -15.2385522615892 13.2516024465902 -4.74628099455496 -2.12123770224056 3.80210456004674
Barylambda_schmidti -49.4287293029412 -46.999027416492 5.03506255111922 16.6609028555807 -11.5397432442451 -2.41862408500205 0.0524555020782386
Bathyergus_suillus 0.259525146372648 -5.29363407425085 -0.0741720656293222 -5.73631167156776 -10.1754897015689 -18.1064470243988 4.64032983021614
Batomys_salomonseni 23.5127237213234 32.0654460234048 -3.25546375354602 0.343276347635504 -13.1431676612214 -24.1623114842249 9.15954512809716
Beamys_hindei 49.9435182710179 20.9408714029171 2.63281409526516 13.0718337466037 -7.87043350456584 -19.4868630472566 2.82693366166676
Berylmys_bowersi 29.9502434698717 4.26278858025201 -0.103991015867599 12.0192551732619 -6.08318275623092 -18.9101201782366 9.55251991557216
Bettongia_penicillata -22.4541381820487 33.0887527205128 5.0884495358571 15.0128094038235 23.7241615866063 -4.16405939173046 0.910392369018405
Bison_bison -22.4741997912798 32.4343740215283 22.5092545899824 -21.3669391231816 4.58019355325269 -7.99492495159584 -4.36129452525861
Blarina_brevicauda -22.798617796447 19.3014969901688 -38.4494630832745 4.36890958611895 -6.03801447888249 -9.1625834674029 1.55089004977881
Blarinella_quadraticauda 10.4119379983835 24.6982125700953 -40.1043629082379 -8.14455076723118 -9.66420091209615 -22.6128349409842 1.92742849182687
Borhyaena_tuberata 42.0945764894386 -16.9317258306813 -2.46446483467597 -6.18029170378083 7.35123723868997 0.78740901109939 11.4070225548653
Bradypus_tridactylus -37.3563560330563 14.0450287316875 12.604286657511 -19.0661692016741 7.80471602648302 -7.5405797242379 -3.7807559083038
Caenolestes_fuliginosus -22.6680303195282 4.84450496563826 -34.5370341338754 10.1502659351175 -4.23615184336083 -11.0662821573763 5.01270940021423
Caenomeryx_filholi 27.0661353418934 34.0606650548199 17.1956427051264 -5.07606655598531 11.1755748757475 -3.59728856932956 4.30932797979974
Callosciurus_notatus 9.22555683075482 40.0372267743851 5.05950351176774 -0.230187531446096 9.32532386359485 -6.42231742764366 11.7413740323891
Calomys_laucha 8.87226272570515 -8.42146883011357 -0.741527522156787 18.2641968607358 -8.79126459487023 -22.9313281422224 7.13513772427609
Calomyscus_bailwardi 25.2357982784031 10.7576372161487 7.4320316848028 6.96690512526189 -0.344159365245442 -19.4833785535049 10.3194111349158
Caluromys_philander 55.6621504630523 23.9052388954433 -3.30834776901253 16.6828079162586 15.173988804457 -6.911724270603 1.80305164127757
Caperea_marginata -4.21914322379856 -56.8042381265084 26.8485745444543 11.6925950065579 -4.61655796310625 -0.155648705513646 -3.29250604284626
Capreolus_capreolus -31.0068682660519 39.0609774286467 23.3941042877605 -10.2869066070485 28.3135428162112 6.2074630472943 -4.7061570753065
Capromys_pilorides 5.53944854483086 -19.609241844051 31.2634126237677 4.62907944972869 -3.80703857415384 -13.0040476612351 2.24893825603782
Carpocyon_webbi 57.4033544280333 64.153592545394 19.0559898336559 19.1157909017159 -4.62522586807752 -16.190047673616 -0.5636497751867
Castor_canadensis 37.9905294920745 -11.3354941166815 20.0200467620407 -7.39662517051959 6.56033812059565 -15.4761063658498 4.42217289036465
Catonyx_tarijensis -49.817718929764 10.0058670168879 23.5181704413693 -14.7996150283572 3.45141182826749 -7.01141652042189 17.0611804161666
Cavia_porcellus 41.6337546018793 31.7894609246437 35.2742267268524 -2.54988866128268 11.6499248147719 -12.1360733103162 8.65133531176497
Cebochoerus_lacustris 41.9032009806379 -7.93557964604676 7.74424959655566 6.01377945246172 2.61794347242397 -12.8838425083404 4.69604046755695
Cedromus_wilsoni 27.4644142873161 9.82728094956835 19.886607489272 5.35216922074013 -1.23900605257787 -9.48322349918264 2.86697878462231
Cephalophus_leucogaster -10.4928570429074 11.1373497085324 27.8888061964456 -10.0758030021486 26.3509595614452 -7.47574396333506 6.86213825428444
Ceratotherium_simum -3.41545550128583 -17.8983277665751 40.4478277629505 -27.8520190973478 6.9999215273164 -15.85815900466 -8.19703029327475
Cercartetus_concinnus -6.2158023995975 0.789408267581005 3.52644629191097 3.9392510096954 5.9814017325668 -12.1054164555492 11.1940245396949
Cercopithecus_ascanius -39.2093835082069 23.9092199923189 78.4875219400931 0.594721848965794 4.30648917689456 -4.72996498726435 -1.9314537640597
Cerdocyon_thous -6.00626742221907 54.4650556628868 19.678512914148 13.0392672955161 14.103507378715 -16.4312189875285 8.7974013395471
Chadronia_margaretae 44.3295941921165 5.42992557970827 11.5205772340556 -14.641681905777 -0.834370995060418 -10.7877446829784 9.27448310104449
Chaeropus_ecaudatus 21.9429837655896 45.7981896529684 -16.5346647541854 5.57231475176713 13.1374548955072 -8.30278976492815 4.0588551485498
Chaetodipus_penicillatus 10.3267317747638 34.4474777479299 -9.65991567439201 0.280764207308443 -11.7962642833479 -27.0601362805038 20.0923006680763
Cheirogaleus_medius 18.6476815929643 28.917197780454 19.6881505643346 1.14726048077006 11.5668051198739 -12.3622659027575 0.00364651195973603
Chibchanomys_trichotis -10.2185713901911 -25.5631129872965 9.67878799220327 1.01605854023445 1.615783976166 -11.1535724477973 7.07475089692979
Chinchilla_lanigera 5.16868028556472 40.6173573508769 29.2964359449129 -0.400403293640082 -1.68775813036036 -11.4372415559653 2.68326814080572
Chlamyphorus_truncatus -125.459638832278 39.7444907458419 -44.3740249802099 8.39516932802026 -15.1895946600665 -13.3027436421528 -1.05456709797375
Chlorocebus_aethiops -33.5995777957432 57.213874578332 75.3598653058057 -0.289536368727985 2.0742151788823 -3.86909670834182 -5.50703692901522
Choloepus_hoffmanni -20.5074041712527 36.3078631570598 4.82133036433757 -29.3060830539832 4.37487890239805 -21.5123713615007 2.75617148931942
Chrysochloris_asiatica -121.090173393427 43.0940228146558 -30.3908824038092 22.6157995676466 -13.5652887591221 3.25964139633751 0.171673849635171
Civettictis_civetta 39.3394199526383 40.5873447344043 9.67454169980645 -0.395815195277431 5.63979266325142 -10.2197658193848 7.34111335231017
Clethrionomys_glareolus 21.4732853014587 1.06817699072464 -1.3048643307175 3.46855696376141 -4.82481032557623 -14.8151875201449 15.3896629496427
Colobus_angolensis -35.2949418568194 35.3349396506528 76.402580628161 -4.95256945104311 -2.21572787448366 -5.37070592926333 -2.70308987744457
Condylura_cristata -16.9197967069918 57.0684101516756 -8.96758052575981 -6.63694734668545 0.426678338329255 -1.78188382226738 3.6380893581048
Cormohipparion_occidentale -16.4932388649007 61.7047755884415 13.7306071780017 -24.3431672085647 10.0395338632464 -18.2637503868914 -3.82178789703576
Craseonycteris_thonglongyai -55.5139734788786 5.53874701061716 26.1051308482089 13.33121064164 -20.0384347920854 -23.6943024852502 -12.0705859600149
Cricetomys_gambianus 38.2326022750908 -0.738098085541728 -3.50685065402494 7.3518501803858 -7.14920430788141 -13.4110580130634 7.10493578543466
Cricetus_cricetus 49.3953678614837 -28.9259742441571 3.89411113238749 7.38272875149891 -1.77513560543462 -10.6731314183229 9.27151241722864
Crocuta_crocuta -6.10489943698035 33.8434431996805 23.1620194161927 4.27261268605334 12.5600480719499 -11.9170171269228 7.66292766893283
Cryptoprocta_ferox 30.9571578631004 21.5998542926428 26.5797939583968 -0.373762888253463 3.94123146102851 -18.2133188565454 7.19087918008004
Ctenodactylus_sp 27.8087285796612 25.243885255655 19.7926418079638 -10.2321131275806 -7.55101172814753 -1.54449553685053 9.86246853481887
Ctenomys_conoveri 42.7805152600446 -26.028026159015 23.8562375129413 8.68415260154692 -10.1274102332262 -14.8736884364114 1.81311571573521
Cuniculus_taczanowskii 4.78593519630865 -26.3555141467059 9.23648948386056 -0.143479822585515 11.1575925474953 -8.97117523138796 12.3193598141773
Cyclopes_didactylus 13.2266350910636 -0.795542607332962 2.16177858152385 -1.29054389330993 9.53358595242005 -7.62514334780862 3.74616316568978
Cynocephalus_volans -55.865544806553 17.8231277132707 15.7287654609828 15.3639692247118 8.71967655801396 -10.6759489303292 -6.51348215629201
Cynodictis_cayluxi 37.1993864660013 8.60750675886354 14.6761969872891 0.897504185080019 -4.06411773671531 -13.2726716880702 8.46840104159705
Cynohyaenodon_cayluxi 51.2207335550185 -5.79457185916997 -2.21584794799957 12.2486576542195 -5.89117673417659 -9.06757899667523 5.08983284992719
Dactylomys_boliviensis 18.3993676603866 -23.4930352442471 23.7983683079122 7.71570758783677 1.91523951056142 -15.3250057659046 2.89655157677846
Dactylopsila_trivirgata 35.7670127586473 38.6304057438761 11.7767231049575 3.91668297080953 15.9129948837598 -8.47283151853859 1.68686887677221
Dasyprocta_leporina 35.6664862659261 25.8367582383453 12.2594256728551 4.83077007422258 12.4597784393597 -7.50410563124646 6.47533385341979
Dasypus_novemcinctus -26.2832613989261 51.8691658350809 -28.9409264295176 8.5512627133786 3.15127019732782 -1.31438026013619 1.32305172303916
Dasyurus_hallucatus 56.2049388167669 17.5890914753233 -11.902515446063 12.6159976453843 7.73281612699938 -12.6534534742585 4.05495851762376
Daubentonia_madagascariensis -76.6002453044243 33.4859600854438 34.4306407780767 -1.3246256234415 10.9298343569416 4.41687297396708 -10.6308544130412
Delphinus_delphis -136.13301817074 -8.00644865327897 78.0125948318695 14.3084486601592 -25.7846560996422 1.06930693432747 -5.68412292790722
Dendrolagus_lumholtzi 17.0946283163056 9.50075528730981 23.0982360170229 -1.78467869472744 29.4779432573486 -3.34960179362384 11.0479682907631
Dendromus_mesomelas 5.32282851277031 18.278228904269 2.30777726989039 17.528236517093 -10.3289554565692 -21.4402144187532 15.5571206365643
Desmathyus_sp -38.0913071948037 83.8402984680492 1.92136982006256 -0.46863908019367 10.6130406216984 6.06193373126555 1.74163893222932
Desmodus_rotundus -26.8070571154247 45.3666348301924 10.8935004441706 -2.93296685406596 -0.220712201734442 3.9268361258498 -6.8593537942294
Dichobune_leporina 23.0334585260945 40.4483383076492 -0.576789585930653 10.3742466095337 3.91936175460723 4.77119215067724 -1.65086503471076
Dicrostonyx_richardsoni 0.335092519572993 5.22379193174288 0.0700939454447713 17.9570726435974 2.9921789737556 -22.3946732309476 11.7761405678469
Didelphis_virginiana 89.3504018561938 22.5860557077696 -16.8576728211315 9.45021464424348 2.82536595058946 -5.89933700893887 2.4986576638961
Dinomys_branickii 1.40959308623454 7.65271941912052 31.1754074899905 -12.3079149137689 7.42153695242539 -9.4689152380666 0.178748007206848
Diprotodon_optatum -70.673379600795 -13.8830218222685 21.4870784986256 1.62431387366992 -11.4239477174659 -6.80107030396379 2.46615989766525
Distoechurus_pennatus -0.779440665632164 39.3476818875338 1.0303359403571 8.22338086414936 4.287309787704 -12.7159164896204 4.15691751291451
Dromiciops_gliroides -0.246100246109698 19.9241194806548 4.40588627224043 16.2831921815993 5.40616116759014 -12.5478276761382 0.414973060843943
Dugong_dugon -92.2593070232928 -8.91212747370021 30.2062997666533 -14.1689700287428 -11.9141218495617 -14.3236532499994 -5.87863504171465
Dymecodon_pilirostris -46.455111577495 65.7852393594675 -24.0871958308934 4.68572516084392 0.399603311712403 -2.33781402550705 1.98044993540372
Echimys_chrysurus -2.79653361674151 20.7774065007644 6.34694913353151 -5.31156165249799 7.00655993944465 -12.6883664445628 13.2131974530377
Echinops_telfairi -2.36278572304034 -24.417507496122 -54.5553962966246 20.1546954594248 -18.243805534318 -19.9102353991563 4.33260115858113
Echymipera_kalubu 5.40192187631917 52.8892215026009 -44.8541735353986 19.6903717552319 3.22013877536927 -10.1435187342372 2.6071072473632
Ekaltadeta_ima 27.0567458699294 5.60258739789251 -17.4185193058374 19.5948767739366 12.117966750647 -9.18657416135344 3.41678532752583
Elephas_maximus -99.4259726410525 36.6345731360693 10.0339837536183 7.97963869804658 11.037109910638 0.65516416435779 -16.7316273301752
Eliurus_webbi 12.4630496693077 -12.8252332218488 -2.2770222287912 16.0788861712638 -2.87227032690306 -19.30260224566 6.38912558382049
Ellobius_sp -4.55655547731629 -36.0297828923359 -3.00483077434937 1.41408115372511 -4.36636476531143 -9.43873662338347 8.66042630484277
Enaliarctos_sp -33.844201618566 13.2058886843973 39.6268280830364 -2.53661838363983 -2.77554268243189 -30.0338174588288 17.8335288076939
Enhydra_lutris -15.7720387856294 -6.63688581068175 32.0093653549922 -10.2585148261265 7.27676502428917 -5.52886014438413 6.19122879891728
Eonycteris_robusta 6.00248544389833 50.4573871065555 2.75558904095474 10.1398145054532 13.7993028616244 -11.9325381474929 4.62397286792266
Eptesicus_andinus -54.7217858900738 -30.2813107191897 1.88173799760157 -17.6592481183208 -7.95826355008465 -4.96912407991586 6.87674647373625
Equus_quagga -47.4781227242165 38.2135661210108 18.3039097403316 -15.0057458692733 9.02601587384378 -16.2461047270677 -8.54314751375169
Erethizon_dorsatum -56.466173482044 -25.7940905548157 14.4626902976056 -15.1938345447626 -1.64813710785481 -29.078004417697 -8.60663347343103
Erinaceus_europaeus -11.415189318286 12.816776551642 -47.3839825512774 16.8462429473661 4.61696992921309 -20.3055410728346 7.28932496377167
Erophylla_bombifrons -37.043673127349 50.7043906410046 0.413449088903846 0.685196311387204 -3.60010314696144 -19.5506314407659 7.3318605276061
Erythrocebus_patas -36.185938971449 58.9110952397684 77.7091634684025 -3.54187142049452 -2.22662238809177 0.315700313651135 -2.85302644719453
Eulemur_macaco -31.2486952244681 48.2791785586619 36.3507754241232 -6.97080931724119 13.0947549412322 2.40773914864917 -2.08447563668712
Euphractus_sexcinctus 1.23874854936762 20.7308631839126 -33.0290619462053 12.46300804368 11.6839301544034 -1.13548391708861 -8.67058107340419
Euryoryzomys_macconnelli 58.4329290088342 6.91057736063648 10.5935623128277 13.633849837898 -9.2899917024188 -21.1795197447232 6.8557743704151
Eusmilus_bidentatus -20.9242683306191 27.3169401953404 2.03397190821565 -5.1023780829239 -3.8413570801153 -9.94157977223189 10.1674359718347
Eutypomys_thompsoni 59.7684674123872 -35.8319142902591 -3.38976208633723 11.2518438096462 -1.89304625956158 -15.3368420244055 2.42196752728751
Felis_lybica -18.8374639695005 52.772265483495 32.7502302590581 23.7293891624207 6.22904777009581 -19.6126729529348 -3.1170850295716
Funambulus_pennantii 28.6203026288874 30.0215692593687 16.3323868967207 1.7984953590904 5.39657491338425 -6.49205269778262 3.76717274537868
Furipterus_horrens -92.3852094866823 -6.60478012061799 11.9060540752836 3.6593963545805 -7.84069970906324 -7.5470981720173 6.74607633430528
Galadi_speciosus 8.58311688426269 -30.288359316281 -39.369431210459 33.3969573562689 6.54346200794331 -8.48172105739759 -2.4036514209391
Galago_senegalensis -19.691759605465 49.4228005725457 50.2240213835587 13.4744190823651 21.4487339266479 -13.7109125290498 3.10741216033893
Galemys_pyrenaicus -40.2648294783653 55.1845681808725 10.8976080943961 -0.805539708434452 5.08510608844055 -5.81148384171585 3.42997734109774
Galidictis_fasciata 14.1601810236169 49.3239237110324 4.69982095481783 8.89927825815314 11.8620329528765 -17.005639143717 11.8540745466661
Genetta_genetta 33.6819668226877 32.9003544462277 27.3300794401628 8.27218143392503 11.3313762209806 -20.121788692664 4.23040630397715
Geocapromys_ingrahami 3.38045700646064 -17.8667018394619 5.36507859674471 -3.79871537111374 -2.84601771879118 -15.8399811824849 1.42144598277501
Geomys_pinetis 42.539691735357 -18.0075017876613 7.06644410223317 -5.43916620470727 -9.73523172139382 -13.3459820492731 10.0081617793673
Gerbilliscus_afra 27.3667955595236 15.5203550583448 15.3817235100547 1.96571044428798 -3.42322675341431 -27.1892733699317 4.34792511214951
Gerbillus_gerbillus 12.2885659253331 23.26322682388 5.33160009436455 5.63277788587828 -0.128005762743536 -13.0762560729076 12.8988486659143
Giraffa_camelopardalis -65.909567754607 6.97651999840439 31.217901001526 -24.7088638290398 9.89406801889188 -13.2877687685386 -6.16282340646976
Glis_glis 9.38710243562398 -9.57257295060176 14.5343565115268 10.0137039308705 -0.427546793470237 -21.1288556919466 4.37706103818808
Glossophaga_soricina -24.4371623965879 37.4511678330486 2.53976964387535 -1.67884588236082 -4.02078695086507 -6.20406482117625 5.59984675679137
Glossotherium_robustum -88.9509821249203 27.4116888467144 6.04508346896559 -11.3513801463493 8.33104333900226 -20.2073454883747 -5.04924136498981
Glyphonycteris_sylvestris -49.7210966751796 23.812839167579 -13.7254838453337 13.079742545902 32.5079069279426 -10.0666796635048 -5.58067524859971
Glyptodon_sp -69.5213796782988 5.85885274526127 7.26787022674118 -5.67331290036725 1.45957325177756 -13.9787495275509 0.329629758994906
Gorilla_gorilla -82.864785325873 68.3132708248379 74.3531704327532 10.3023645814937 -14.8548230549256 -3.85048097590151 -9.9596104728775
Graphiurus_nagtglasii 2.22405229247179 23.3434468469933 4.01611121287584 9.03746302099121 -2.49566450620459 -19.6351388162347 4.82430669228752
Gustafsonia_sp 7.34357325227079 -9.62354259786307 18.6289183736856 13.5507728373838 9.60512202484695 -13.0368288542289 2.49871985885828
Halitherium_schinzi -63.9025258736026 8.27411447156033 41.232210572363 4.52623904218544 17.4153344172792 -24.974156349274 1.35177400033999
Hapalemur_griseus -6.53748253552859 48.6397795242593 40.7900389686187 -2.48997475503953 17.9793093457466 -7.69994604783564 1.31725340687156
Hapalops_sp -51.5748416934553 40.6067625222507 10.6587233518599 -24.5102871859408 -0.0388586047962125 11.17737261338 0.237122131087279
Heptodon_sp 5.22185987969307 -41.3187929115097 16.7702342580548 1.16311096532418 12.8755402815695 -18.2707295353651 13.5288695704597
Herpestes_javanicus 48.4612655274225 18.1783288835789 26.1734546936648 2.3249686222067 18.7215922178982 -17.2512404582237 7.53551121462217
Hesperocyon_gregarius -27.4856694927337 30.7131198956677 -3.7971437496887 1.6830194866069 -16.0987817524917 -17.8977899786828 9.54864162001253
Heterocephalus_glaber 15.759139976465 -61.0166353375165 2.61736909890194 11.5257418508363 -9.9317261116452 -14.1642640845645 -0.123616565452802
Heteromys_desmarestianus -1.77749350809577 2.85088974332674 -8.02310163777548 10.0556141869501 -8.99780845080855 -19.9597843950927 11.9370991614857
Hippopotamus_amphibius -45.9780810345674 25.9223783527193 21.7658107674561 -20.7893709101515 -1.07866637158757 -16.599818381172 6.71512799605587
Hipposideros_turpis -8.85315487979316 29.9176605411427 36.1731812867259 -3.1270919483691 -3.71224713814979 -10.9171212881981 -1.42351769578483
Homalodotherium_cunninghami -32.8325848128074 11.5686141987612 13.8659354625554 -17.871784850481 6.45043520240457 -8.28954090566305 -3.18211826903617
Homo_sapiens -150.023131520139 31.2468435285221 77.349195171324 22.5925275369638 -24.4387883399387 9.53120848585285 -9.78413708130874
Homotherium_serum 9.48757168153319 24.3316925008221 34.1107597862208 5.1222674756085 5.37465440317438 -10.8639683026008 0.864718016978391
Hoplomys_gymnurus -8.04608560182598 15.2005154411607 2.26879440011274 6.46914474619842 -8.41238401559318 -24.7300247986589 11.5902060528517
Hsunycteris_thomasi -54.3404359079567 32.1952248298252 6.65812604706093 -0.98574501284917 21.1661163681221 -20.3130038136826 -4.70370452459566
Hydrochoerus_hydrochaeris -3.5746491546264 4.29629397514861 33.1932003947088 -7.13460527857222 15.461300588725 -18.3343832715706 4.44645418540328
Hydromys_chrysogaster 7.10970679860526 -26.2047730586584 16.5318322532351 10.3186528691736 2.91225821602536 -21.1380605810149 2.20399621852975
Hylobates_lar -65.2364530931291 33.6433713525315 76.8764811459606 1.61214379291252 -7.14433694966202 -5.48665797298408 -0.82407969148737
Hylopetes_spadiceus 37.69810745849 47.4925322931829 19.6455235291595 1.16228640279499 5.61813244597512 -14.2812293704792 5.51349679494652
Hypsiprymnodon_moschatus -4.4260367616072 41.0725391236853 -4.70068457785149 11.0540521736918 15.7014112396047 -8.84542344790838 5.41344475807935
Hyrachyus_modestus -30.7169905789664 1.23189497664028 14.9357394613622 -2.78482296253904 9.09758040014411 -9.85138090758065 -4.83024315614563
Hyracotherium_sp 24.9292780222996 19.0632149460174 -21.7130679615211 14.7927638554107 -0.228831828390986 -0.402938581518099 -3.70665224881483
Hystrix_indica -50.6364014989774 -7.82917619753038 -9.50244812427624 -3.94707702081648 16.4652015098172 -15.9450981517033 -3.25334003112218
Ignacius_graybullianus 19.3343339328776 -38.0465755760784 13.5968898737151 0.347510739998197 1.41904865185747 3.85002099767512 -3.45829069327989
Inia_geoffrensis -105.663553696776 0.404012360016198 48.4054713327737 5.17665246595827 -19.6802968210488 -15.5123154321958 -2.60523997544475
Ischyromys_typus 43.391666956232 -16.1701333245311 21.2680317356988 15.3439965801861 -4.53881811300761 -4.56590958659127 -3.69371047052316
Isoodon_macrourus 18.6362164063804 20.772993662519 -32.6525190390406 24.9414708016482 3.73936012245178 -8.91323511350609 1.21464289326938
Isothrix_bistriata 13.4893085997274 -8.3711777938963 14.1950048522045 11.4220856076339 1.52473827201545 -14.3272710102858 12.125477122091
Jaculus_jaculus -21.0204866317013 29.9271973909791 27.5744119004008 -15.1769566244269 -17.4098064414649 -20.7921314818274 15.7866522344999
Kerivoula_pellucida -83.9918482741067 26.0868647520534 18.6149142374637 -7.07734849428842 -15.3150330863121 -15.11865535338 -0.894644972510433
Khirtharia_inflata 96.8601398187947 -19.4713017143125 23.8780729257974 28.1208686257937 -12.9158013178372 10.1118318288496 -2.69341081718902
Kogia_breviceps -86.7626660166844 -3.42012139507354 78.6967841961739 4.04582235212318 -15.1032741862173 -2.13809029264006 -1.42765650845306
Kryptobaatar_dashzevegi 14.6044231982101 -2.48310156477715 -5.086470926081 -3.01950583805318 -21.963959416571 5.55748074765487 -2.64478965413378
Lagostomus_maximus -28.0183690823709 29.5977807385928 54.7831929608877 1.98701639748135 -11.5974589635595 -6.35592418591807 2.47974569335426
Lama_glama -50.3008845421964 35.9859987916706 24.4873484306374 -11.5893150542123 18.7257982124576 -10.4537702905304 -2.17646362630819
Laonastes_aenigmamus 11.7120721766591 -9.04961859687254 6.5651274635589 6.60412688378627 -8.40396697169121 -8.30881472245926 6.5845716946804
Lasiorhinus_latifrons 18.8690342942349 41.5193554440871 12.2003122589647 7.32772303931546 5.81597348675156 -8.66478124175548 2.11715459642963
Lasiurus_intermedius -73.5636215082254 -44.1726269112159 3.60590231546699 -16.2935176886901 -8.76580113213708 -7.73349022034966 -8.04763708193087
Lemmus_lemmus 18.2894126198247 -24.1402942142275 14.2325904260131 -1.71360401698619 -9.91018926694373 -12.3810533683668 10.9877704877756
Lemur_catta -37.2322843684436 39.5889526211693 40.9495311144661 -0.797937598139501 16.1583014663812 0.105125488381346 1.26902366795837
Leontinia_gaudryi -40.3475944888224 18.2864183155461 20.7529042308785 -26.3860638174978 -4.333202426565 -4.46006079019745 1.01918078282179
Lepilemur_mustelinus -12.3734079997863 24.4196789695711 34.7931946195075 0.189602741237971 22.7608780904454 -4.57944563434665 1.71951909911019
Leporillus_conditor 41.6332984117068 12.4636082943344 13.659470483398 7.19175596756977 -5.38710155931277 -20.2843760430452 6.05392541548012
Leptailurus_serval -21.2358077189936 48.9015623093662 24.6216999326962 15.1002987002944 4.17785223844019 -14.182434934061 5.46902186882801
Leptauchenia_sp 40.1800824087493 -7.10516453665737 9.09963636754627 -3.88440174642371 -4.45897568531143 -1.54626354330069 5.75930682279908
Leptictis_sp 34.2446965378065 -11.9933203381283 -5.34296313107654 -4.42847358365115 -1.71729247774245 -18.9328195567801 0.157534522903939
Leptocyon_sp 35.7285116536451 10.3800169272805 18.7868366870017 -2.33173704131191 8.18978629683414 -9.03645787376843 7.92934514977442
Lepus_europaeus 8.6929383017168 38.6933075591716 26.7422673287723 -9.06941544277595 11.276689307473 -2.35916756795565 0.463148322170591
Lonchophylla_robusta -43.1289054878076 5.56935900546341 -2.04204693696082 -2.82311814477886 21.0427146728099 -10.9586784725817 -1.85130065400084
Lonchorhina_aurita -55.6062219345875 15.4105658875647 13.9473366533006 -2.94116460697627 -15.627151734086 -13.902252796372 -3.04861648581204
Lophocebus_albigena -44.3375889546296 31.0708057049545 80.9544010855282 0.36114113665022 -1.84954706110402 1.69040425639583 -1.60386868130676
Lophostoma_brasiliense -53.0036889544093 12.2083818419634 17.1964065306523 9.76172794935121 -9.33883676454299 -13.1002908929522 -10.1213529996164
Lophuromys_sikapusi 14.0023301628226 16.236461795928 -15.6231118013203 5.09253891673715 -3.1785033449221 -16.9415257635639 9.57873513953029
Loris_tardigradus -47.7759013061918 93.0022849821927 43.7011529492029 24.4193942063228 8.97495388456795 -3.4507591895015 -6.64345258003097
Loxodonta_africana -98.953589752584 -13.7720751123723 -1.40910485754624 -3.7631591613919 15.1052298991967 1.61071306016759 -15.814570904098
Lycaon_pictus -3.73982289814692 67.2114019125557 32.0023348704029 3.76329184129511 9.83311536735043 -7.52425900924699 2.99277003651088
Lynx_rufus -4.38230223983667 49.396195100992 33.9718773770259 12.610430172117 5.6585290241325 -18.2700048716559 1.23029352164231
Macaca_fascicularis -35.3695411619684 45.233061062352 76.1845955828843 -1.47773090327048 1.47164055185411 -3.76914542432054 -1.38074419596022
Macrophyllum_macrophyllum -55.8705782206385 0.914066333607517 20.1836248393102 3.85576850513189 -0.343113470485474 -7.96785436755404 -2.27591102233492
Macropus_giganteus 20.9245080735079 8.71353920788165 15.3369199671875 -2.1714144103436 26.1464687626349 -6.60083355292608 3.67466592085991
Macrotarsomys_bastardi 34.9529169688402 -8.27426940937861 3.12075560379852 9.49399656039855 -7.57499022868936 -21.3803049181882 3.10359142635892
Macrotis_lagotis 42.9865318050904 20.9494787824766 -20.2438610670937 9.02500029588213 2.68248258129521 -3.58858774783239 -1.3342903882905
Macrotus_waterhousii -55.2900675858724 -8.61124145551873 9.16247473638162 9.37044505233833 5.82362758459004 -8.20801211324424 -6.54639815585668
Mandrillus_sphinx -44.1913106615897 26.3776454525268 80.2210849851056 -4.46612384608804 -4.79908493281983 -4.21150618154261 0.295281918639968
Manis_javanica -52.5630727565617 -45.5436570489218 -36.4292165504251 -2.6592320846298 0.937450993831912 -12.944149602838 5.35580086163624
Marmota_caudata 22.6371380228147 23.3009590612418 24.9319020310531 5.32216132217315 14.4942516306252 -7.43893962251084 3.74316891906079
Megacerops_coloradensis -57.5997169499483 38.8961961785236 5.65681117407756 -16.3812440465823 -10.7000086867913 -13.715104239124 3.37570981607015
Megaderma_spasma -39.2943535509199 -5.02520289155315 23.5158131875117 7.38090617414153 4.77703110612138 -10.4105304450552 10.3999847068855
Megaladapis_madagascariensis 72.3254247884525 36.4300983844298 41.435646159599 -1.65438690347708 -21.3608221670163 -24.2500706623622 -5.72377421123798
Megalagus_turgidus 39.6332767830823 28.4529887409017 11.9042939480585 4.54109058413192 -6.73731130576417 -1.1836740776461 -4.09153290369897
Megalonyx_jeffersonii -72.7155774077068 46.410823956194 8.62985463196313 -24.1979855160569 -9.95622493996481 -8.81274506896936 -11.4303837986119
Megatherium_americanum -64.1739041318115 32.8439757038248 9.40670164039231 -12.6192848531122 3.89824228947208 -7.33559942354577 -3.28541625445243
Mellivora_capensis 5.14158643018791 23.1657685692014 23.063764535401 -14.9492440418371 8.41101452150535 -9.0381783043716 12.7146843064573
Mephitis_mephitis 55.9073775672837 61.755288393986 -8.57516791534782 1.71760029538401 -6.95690043164379 -34.4265849025429 15.8156559160815
Meriones_libycus 32.0956495384331 18.1087447266757 12.988929513998 0.651128820503397 0.33939484391715 -19.4029939352916 13.6714522491037
Merychippus_severus -18.2397055016528 48.7119341355571 18.8572673507972 -21.5463789199647 -7.54672733868834 -18.8568151559854 -6.40727948101849
Merycochoerus_proprius -7.23572262513378 12.1931585454576 19.4384466485391 -1.23268998267166 1.20809610216278 -7.29236141606406 -1.50969414338351
Mesatirhinus_junius -55.383567415831 -38.1025223200313 -3.30573663483505 -6.12626441189355 3.50723566399345 -0.825885125769394 0.409530710149235
Mesogaulus_paniensis 6.99684071110162 -12.7583754249036 6.90090853013174 3.3983403451526 -0.856455055115053 -6.06546334369158 2.83487264691706
Mesohippus_bairdi -9.55136746306411 31.1590223994277 25.9890102983611 -1.13508313124943 11.4789667793792 -18.1797377946626 -2.49315773169859
Microcebus_murinus 9.83899669674124 49.0872104677968 22.8639119658635 15.0468972763215 8.47588068063617 -12.5546234792174 -1.96422378954102
Microchoerus_erinaceus 18.2883009754585 30.87691364014 37.613057869986 11.3455565047613 4.43534657237794 -11.1083861741525 -3.8199662386695
Microgale_drouhardi -18.7753117107893 12.6113266420126 -39.6729500929358 4.87708348948493 -14.7179446348886 -10.9823496810395 -0.874853599239153
Micromys_minutus 5.654103352534 25.8229925668779 3.03968755608049 3.01917764574899 -4.63315224598796 -17.4640340097718 6.00744334597481
Micronycteris_hirsuta -27.8453193001271 34.4972141202065 -4.65433641197183 8.40613609370819 7.02606952315285 -4.27631615160015 -10.0688906407337
Micropteropus_pusillus -5.7148110328774 2.13790507069066 1.23463547259101 18.5312160238858 5.41751180931328 -20.50146376816 9.5982693275021
Microsyops_annectens 19.7746514882298 -15.6700569036054 -2.88983069708911 -12.0069923284472 -0.527126237637916 -0.226215018846467 2.63906467554285
Microtus_yuldaschi 28.4773317729221 -26.4470766236783 12.5306143648983 -1.60080140986093 -7.92401532024144 -1.36896171319326 11.3999783356349
Miniopterus_schreibersii -53.6796109537893 -0.932753245055882 8.56162846134357 -7.42832801935193 -9.07280369884573 -8.50643943334728 -5.74214087867264
Mirza_coquereli 4.43370485023162 55.9651972725492 23.6815141575041 2.69531323151501 4.4040449123508 -7.02728526819847 -0.00318958973403593
Mixtotherium_sp -33.8259165506377 -13.8548209392297 -2.22674226368376 -19.5904088562541 2.37107491588426 0.491014266056401 3.37447918291077
Molossus_molossus -62.3650561009076 -24.2326544901867 6.11851463342003 -6.17646227298096 3.30708980166731 -19.4626228778851 -4.35663202283155
Monodelphis_domestica 55.3392577786854 -31.4372177154056 -8.79203127194521 16.7255673068287 0.970349000052935 -14.5086585225299 -3.81020091340301
Monodon_monoceros -136.852533093234 -8.19773243941672 73.2483909975797 12.2621032171965 -25.9624277575918 0.0402712455535302 -11.0461562583943
Mops_thersites -37.6153033554727 -6.29419756383291 1.6330587344431 -8.59659245597461 -11.9848689910309 -10.6294869148655 3.67376694641319
Mormoops_megalophylla -122.484546925303 -4.95147280064633 -21.3212861394894 1.79496201942541 -25.1453794536575 -40.2324143122231 11.4875851925349
Mouillacitherium_elegans 25.356644710541 11.9354447461126 -5.33117138858566 17.8408679223317 8.52488010370353 -11.7948869468571 -2.30117578427589
Murina_cyclotis -71.1605549937776 45.5411892491708 -21.2516131780586 -5.32754535450754 -5.17707988409346 -28.1279340876778 -1.49382660455584
Mus_musculus 33.8081032190702 2.60634458973196 0.517846245298422 0.987407264061046 -10.2592445819602 -15.9766575406421 6.46110271700315
Muscardinus_avellanarius 9.57138787149854 37.2522009546096 9.22081101298388 14.2984166127296 1.38785365179173 -26.9925292080412 1.07377089700739
Mustela_nivalis 29.8906608616518 -3.16594339888801 13.8572497727102 -4.66803221621054 18.0603057731594 -23.4989080531127 9.18941641905807
Mylodon_sp -102.462563382374 46.7016347869824 -8.21857306057485 -9.56037380029289 9.80275207089681 0.70843772527882 6.9619527281699
Myocastor_coypus 42.9217006812599 -13.7522040203614 19.719589770108 -5.05098395197493 2.5311282916155 -10.5327633618826 -6.53152231454676
Myosciurus_pumilio -19.7906513296888 53.507790235578 -11.122097665782 -2.02355730197321 6.73400045948121 -5.14381286793243 4.970805946874
Myospalax_myospalax -21.3565627485774 -1.4557202245202 4.71487737493571 5.21394480993515 -8.64040289103654 -13.3777790793647 7.38883053466034
Myotis_adversus -70.1934612261435 23.9058452537003 -0.441259326950988 -8.23425787683087 -6.1291808372811 -19.2718241279666 8.88698673325424
Myrmecobius_fasciatus 8.2570927292423 32.6756232440011 -15.0591284307643 8.29249991825091 11.1620078559476 -2.53019063393215 2.11068270763758
Myrmecophaga_tridactyla 43.4619457748028 -23.1244359506239 -9.3682355464321 -8.23637068235422 27.2921479108437 -3.26349573087564 3.96566446173225
Mysateles_prehensilis 36.4110383322097 -2.70078557229872 21.2165198772727 -0.762893630664394 4.06903215796361 -14.160831663802 7.2430192050857
Mystacina_tuberculata -83.5696354660849 5.62875147469043 -12.5911391645522 -16.0119649865979 -2.22393984585373 -13.0633572031093 -1.93631937410401
Myzopoda_aurita -65.5319891664755 -14.0721418884451 15.848478055025 -0.73430480063511 -11.7193100116859 -9.52039228275828 -0.184749090449825
Nandinia_binotata 41.3214074015434 47.3345804097305 22.7722999694349 8.6893158247088 10.1584198497214 -17.9029704502457 3.3335499614204
Nannospalax_leucodon -4.30895499544532 -2.9065663714667 10.8953705909269 10.6473320633448 5.89936781566023 -20.0865060987454 13.1630092509668
Nasalis_larvatus -25.0504360504719 34.6381719602253 74.1147411392353 -3.80675521771148 3.80696058233248 -7.17121972558546 -1.57349203428997
Nasua_nasua 6.74381383508262 66.3767811349854 23.4907355475931 -1.9585009618104 8.41593211828821 -9.64518872594585 0.937572709274728
Neacomys_spinosus 1.72332278147765 10.7687443819875 -0.77636397540214 5.61070995501244 -3.78643954759259 -20.5537588658623 12.3051367170589
Necrolemur_antiquus -3.99596433915006 49.7297081501697 38.7484636317708 14.9310357698245 3.22821931629042 -4.96540673298634 -7.56123946015123
Neofiber_alleni 27.2546480286574 -5.77270000754119 6.37576982479291 10.7869289750935 -5.32274640523134 -17.6318945083655 11.4940117772535
Neohelos_stirtoni 23.9936203938318 -24.5196891619373 8.1918458308983 -4.09435104765433 4.4566917989606 -19.5729117968055 10.4231997046773
Neomonachus_tropicalis -72.7304972161699 -33.3336659336858 51.89145606758 -4.42037798099874 2.84134526574537 -27.4578667208869 -2.69498226690571
Neomys_fodiens -60.4847250784127 -14.250032924366 -21.1383537612759 6.63888204490512 -1.34313847649403 -11.3707534408815 -5.32951030242125
Neotoma_lepida 13.9796935756365 27.3821700869657 5.59530780024192 4.13153507337268 -2.62098958060194 -16.408941160075 7.20197925361803
Nesodon_imbricatus -10.1659248597577 2.50502305277121 29.1363443638406 5.51480261074315 -5.11637156569327 -18.6538637316006 9.83490951553013
Nimbacinus_dicksoni 72.9498726964804 -28.4312296431411 -14.620626088297 5.47441384981155 -1.74024219451293 -4.5168956736678 -2.38726893670843
Nimbadon_lavarackorum 47.7503434842293 27.906243209241 2.0876277726826 0.678544705226506 1.41508254652059 -8.41292828696368 2.29950117287375
Niviventer_rapit 20.2345396071523 13.6885020567414 -0.69189708811245 6.49229568612539 -3.65033590223492 -20.1138061993477 12.2925572509058
Noctilio_albiventris -94.9219559269321 -21.6819296783587 6.66983660128598 -11.5885164987703 -0.99872761379876 -13.9336118922186 -4.18666835711982
Notharctus_tenebrosus -12.7516941468762 -21.9074329272799 26.6605997064461 5.27914983152535 14.1007195573528 -0.188176861540847 -4.87371319936492
Nothrotheriops_shastensis -59.0208740970602 36.8625332047617 9.83404939800927 -13.7211343864976 1.88721978942329 -16.9983998116372 1.09423803009937
Notoryctes_typhlops -53.521553621742 -4.79497292076402 -42.7476035087812 22.6789053567175 -6.18789049365668 -4.79146572062404 -11.8613653773045
Nycteris_thebaica -58.0923419435865 53.2299659529555 29.5237867973177 -3.71757256260763 -14.5663937048386 -4.06728934844982 5.50470225126682
Nycticeius_humeralis -75.353044930071 -29.0372106041738 -3.76448059678096 -7.97740553971268 -13.5429792694651 -12.4976580286738 7.60911329738339
Nyctiellus_lepidus -25.8575883894847 11.5890670801381 7.16576117743 0.144860798488949 -19.2087655147685 -1.31030474533936 0.768891503486799
Nyctimene_rabori 16.7484003714607 53.0513355170926 -6.67573104814777 16.6335414102591 8.12955510562982 -31.1622077309144 15.2758742770135
Obdurodon_dicksoni 16.2464743961872 15.6237264861946 22.1136519209628 5.5777402537662 10.5954594417939 -1.14136712259805 1.78440705595538
Ochotona_alpina 43.1215155104152 3.25641692549933 30.1258208110743 -2.41851069296857 3.54344386693534 -4.12918349171003 8.08148863607793
Ochrotomys_nuttalli 13.5664802268687 8.04023228445986 -5.29614340614809 7.18077757426815 -4.08573905679398 -18.81139426638 8.12940903327712
Octodon_degus 30.411902949001 4.3081371670885 11.8358712681868 -1.08422345616844 -0.303561521564111 -11.0209204239353 9.32875205095992
Odobenus_rosmarus -123.760276241577 -24.8776852602006 37.3215386549166 21.6021820039726 2.4189087215862 -24.7721576063974 -2.44074711145348
Odocoileus_hemionus -12.9492949835718 51.0821953395546 23.6435347756516 -19.7353249697944 17.231497636777 -10.4234093123384 -0.980217139993978
Okapia_johnstoni -30.7326322647607 -3.80628478513077 29.6932405808887 -20.6984425143309 9.80767544747809 -33.8056738392297 -11.3315064753689
Oligoryzomys_flavescens -10.7217999466666 24.8146410650205 1.2883421738671 14.0885280043965 -2.01483597501577 -18.3423424189247 10.3993784209192
Orcaella_heinsohni -113.267451667512 -36.0783278700083 72.2054647141976 8.73199223685868 -17.4700413806062 2.94907458695895 -7.20129683545157
Ornithorhynchus_anatinus -0.0336776566572727 2.81629711435167 23.3721334668043 -9.55008878399296 10.4376231632621 -3.84303545486888 2.20176614048881
Orycteropus_afer 38.2352413866627 16.7088160242259 -2.14785257586689 -4.28740829377319 6.31311256308416 0.551207256901917 -0.116940750354094
Oryctolagus_cuniculus 12.8845850357817 30.627520631196 46.5496424999935 -14.2049590023766 9.5807078202354 12.2367481721848 -15.401809193045
Otolemur_garnettii -0.12472880396206 63.5608951601114 37.4467249090791 9.89128333528087 15.7031793518666 -3.79200180202476 -5.91218821972314
Otospermophilus_variegatus 41.0558337299785 8.89511450854394 16.1151903733119 1.35018216954741 9.43461009848021 -10.1737691591864 7.00850329869408
Oxydactylus_sp 5.71437726825722 32.9913004334744 26.5483650219065 -16.2976633730922 4.21632400760109 -3.38171934477509 -1.67411160725125
Palaeolama_sp -25.1884876555085 -18.0003313915312 -9.49366994276283 -27.2326602318214 -0.0941376964353006 -5.0596750600727 3.65766887857113
Palaeosyops_sp -27.0346723976158 -25.9949726770366 20.0552925621152 -1.75693397203596 -6.23999577968392 -6.15362665718774 -4.50885768347556
Pan_troglodytes -94.2767489375141 40.9809139434272 76.8994895022156 15.2594718698602 -6.63041751496077 -1.44821699503075 -4.02965390356478
Panthera_pardus 8.70605851026695 31.8239749210988 33.4464626995724 6.11842232707664 1.21280606216333 -17.6255862953064 -2.98601310040043
Papio_hamadryas -48.3675985135531 16.4894705380061 77.1678318834833 5.76118896928792 4.5198748489321 -0.874849448598449 -0.751077084038659
Paracynarctus_sinclairi 33.6321786176988 33.8776847098399 19.3672064073708 7.50303101838654 5.72038816024769 -12.7860142431556 10.9762591294456
Paramylodon_harlani -59.057279983805 6.45673517136218 21.4929861525646 -15.1879160546556 5.47684125481711 -9.579939804881 -3.5609257069267
Paramys_delicatus 42.5325319219634 -21.5981099552607 7.20099866306265 1.27063061785788 0.32830983556531 -10.2525313113459 8.8208189975448
Parapithecus_grangeri 15.9101278404997 38.5826571006707 50.5614244053631 -1.06352128219817 5.20570286848845 -4.39157372244278 -5.99899095677948
Patriomanis_americana -48.6101268604496 -47.7239645499849 -55.226058410184 20.4833554905159 14.7898326880383 -13.2559252668558 14.0553468292823
Pedetes_capensis -12.8304389740519 39.3341451960967 22.2350323006658 4.92469719092311 3.94962302034542 -24.1513424264055 2.78054969622088
Pekania_pennanti 36.9364464234457 36.9953220169434 21.0931594023372 -3.54440476043874 11.7972913923251 -19.2532439094559 4.22910641720811
Perameles_bougainville 16.9218536746217 34.5199116569526 -28.9116349986584 19.2168665596574 3.76186819333087 -8.09099241571434 6.08306556258482
Peromyscus_polionotus 20.4837117735714 2.56772374180722 -4.71714957217141 10.8998760804581 -5.81832242641127 -18.8147048593614 10.5601741127401
Petaurista_leucogenys 21.6933075662515 29.2383168530005 33.1778285440439 3.93933437283763 5.45336168781137 -11.4280541501744 1.96340607963598
Petauroides_volans 6.44021876070247 -1.03643160697501 6.60008445086925 6.68518080783823 13.3949338576646 -13.3018565602869 6.43213937442869
Petaurus_australis -3.93222605705231 8.34182463606934 2.12981926952375 10.3433868878528 19.6309504052771 -11.6457700254738 4.62971022465161
Petinomys_setosus 31.341694831598 39.3480926348636 16.1995098286647 5.82153820913895 1.60669497505638 -16.6040984397941 7.53216855799835
Petromus_typicus 18.5556300056391 -8.02149708564748 14.8442556525323 -0.463677350261614 -4.91770396554763 -2.28861441835989 5.34059404684863
Phacochoerus_africanus -102.371209149206 41.6189691119743 19.1139990421866 0.0699014137274918 7.0768120797288 12.9258361011059 -12.8892934577982
Phalanger_orientalis 49.3215437729435 13.5464896693845 9.92331454992038 11.4814862434599 7.29762714101068 -15.8843735961957 4.70005068805223
Phascogale_tapoatafa 32.9607227472772 34.8228627356572 -17.9391697925742 7.54705830337362 3.36275125720668 -4.28212577224582 3.62973883801412
Phascolarctos_cinereus 8.18204046569321 21.5999044390189 16.3719893392393 2.92973738724605 25.7932675137271 -26.2511601303203 1.25460177135988
Phenacodus_primaevus -25.8010733633533 -35.9874107160599 14.3094449261591 1.32887791041861 4.38318161462152 8.72720224972268 -5.59723870638044
Philander_opossum 65.723822252356 33.4489554359749 -18.2926287589527 17.6370530684919 -9.86124817932776 -13.7656230269364 4.64215524892105
Phocoena_phocoena -164.921443282905 -35.6036503957675 72.2081064599179 20.4176717188576 -27.9227551464237 8.63804031839117 -9.83742591586672
Phyllostomus_hastatus -44.0102341078452 -4.23113013240035 3.93252244294968 8.36048097217076 32.8417021538115 -1.1664114966036 -5.42130813556113
Pipistrellus_hesperus -57.8795237544314 -44.2326640935475 -0.518128059415476 -14.0841689003644 -10.372765039541 -6.09761249365003 5.04231245492762
Pithecia_pithecia -52.3647313652298 54.3969823435897 74.2244360750468 -2.92278845457793 -8.74045253699554 -0.507117313674608 -2.41563678751195
Planigale_ingrami 4.5414658451625 -30.3347239003981 -23.0971646130983 1.51748394739343 -5.08193531563256 -6.75527054256309 10.7466518662095
Platacanthomys_lasiurus -2.67841715421664 10.988342250464 -2.40098788058309 8.72380511793768 -2.14730904335552 -15.4847671762701 6.11862391788303
Platygonus_compressus -81.3363750138026 42.0078658681578 22.1121874855214 -6.88828631352545 11.205870286294 13.8326431591403 -12.7579871421158
Plionictis_sp 39.8829140227629 19.9329445627827 14.5566360283286 6.42080693425662 14.0811119909532 -20.8066898369033 13.0324332487529
Pongo_abelii -158.140942338257 53.7294550355856 85.3352069399855 26.1852088649821 -23.2850529419595 1.22219150780952 -13.5230922956519
Pontoporia_blainvillei -109.668752993239 -30.0506765885783 76.5669235810183 10.0730270129775 -15.3076346903389 2.61225856301279 -4.00240844028082
Potamogale_velox -11.4172865366316 -25.471494765194 9.62902611174086 5.75620780265127 -0.881113657103238 -19.6629655022975 4.71377089304008
Potorous_tridactylus 9.06241594424237 58.0372559673681 -13.2876924587979 11.2051500967634 19.8298632489503 -8.18828890185475 7.3241965426743
Prionodon_linsang 35.7945324748 9.18339376855162 26.1854428957084 5.58613236984024 7.29547873109409 -19.1150347702135 5.92625880066862
Procavia_capensis -5.62224884674956 15.8137107463144 29.8581369699177 -3.36818745995843 20.1612211561776 -9.9973849169052 13.0069235800546
Procyon_lotor 13.4053931042237 51.815915383706 22.1300974346413 0.705291872325585 5.46717617607124 -13.0326524897862 4.92590851528626
Promartes_olcotti 4.43639594577899 62.263800122264 9.73791147519534 11.3638150069324 2.07823508650548 -25.3251938393888 3.64742829048493
Prometheomys_schaposchnikowi 17.4321628495612 20.9675418511006 7.19555714315993 10.1186455693567 -3.6952158621823 -16.5969696054232 7.97230386415957
Pronolagus_randensis 37.8938635221123 20.6254300299559 36.7614259869133 0.987047306580746 9.35840040699285 0.942215249691822 5.25172397564999
Propithecus_verreauxi -68.1544699289077 58.0626749977885 46.5328963081733 -0.618647705656308 -0.0556831708480662 -4.37981119551584 -2.3614194882731
Proscelidodon_patrius -54.4392112649443 28.1911771663945 1.63237005760905 -24.400427897355 6.70117034128767 -9.30084286542488 -8.24189192713623
Prospaniomys_priscus 21.3487288814952 -28.1371607904467 15.2923063595678 1.24792978779608 5.51330732805358 -15.5568885803839 5.37910550797442
Proteles_cristatus -7.60016700278589 3.31936713718346 19.0401122899227 11.6287510735423 5.53853215574482 -15.7894560881612 2.22141618342812
Proterotherium_cavum 0.593755117014354 18.784953174786 36.9453681393153 -7.16165587266225 8.48391584963581 -6.54807474850253 3.01319368582606
Protocetus_atavus 109.940795884734 -14.9474358683346 51.6289089135201 29.9186444991632 -33.719909705577 16.2889975231538 -3.44010799389285
Protosciurus_rachelae 36.2210427221026 5.35077753174713 9.30307609915554 4.06119482621657 3.17659753671834 -12.3999559627474 6.96645532457059
Protypotherium_australe 11.5306075412511 28.6865818883022 15.6968493065825 0.749268862547527 1.1687738852985 -3.06661814363634 5.08244128970778
Pseudaelurus_validus 58.4376308481222 34.0519992710791 33.933593772155 10.2024028298496 4.88622898168928 -8.76518370101391 2.19524068845003
Pseudhipparion_gratum -40.6137454387998 58.8430119400282 18.6603951977222 -21.6646407633022 2.52984005297664 -9.7839143725819 3.26044015885273
Pseudocheirus_peregrinus 17.1722802957187 -6.10759521257387 14.17141652629 9.82815138927867 12.7016417074367 -12.8711602369951 8.55317896521531
Pseudochirops_cupreus 12.2258132918645 20.5619378226891 17.1884200957343 4.48469857110642 2.78370273199992 -17.972066934903 5.71687102976939
Pseudotomus_horribilis 60.3933049257667 -12.9368736374605 -0.78902589994606 2.22384107551188 -3.32818273186528 -19.626163213848 -4.71844816218636
Pseudotypotherium_pseudopachygnathum 27.8330561579229 -1.02277934735521 23.3263150221167 -6.36842500328705 -6.42799855956431 -13.4626791255056 1.08888145602174
Pteromys_volans 7.86357269135597 20.6290944146094 22.9807117388138 4.91061773801954 10.7680768026203 -22.2924276650937 9.2362903583418
Pteropus_giganteus 26.0904674355095 47.8558861140693 18.0854385339163 4.31641128247362 10.8983185178055 -14.3366159781176 4.29586180532389
Ptilocercus_lowii 29.2083578013208 25.0032334533357 0.492727949975816 0.0611406824595778 9.34118079883486 -13.2011345216801 0.85168219072504
Quercygale_angustidens 21.8247218752666 -16.1668317344026 4.55719606469412 7.17062306686182 8.59866380158051 -15.791749819566 9.39583594072286
Rapamys_atramontis 40.4181504891195 -1.58225787673479 16.082734612125 -1.58478243033608 0.696542148040938 -3.62953875107247 5.943833681725
Redunca_arundinum -33.8463578091777 11.1477125823047 42.6613935294573 -8.85169541031087 22.6315997748491 -3.86783951016768 1.90729513963932
Rhinolophus_affinis -9.10326469883137 24.3255594022364 41.2251307383107 -11.5518039422854 -33.40290582593 -11.9037853965064 -0.424887125770951
Rhinophylla_fischerae -38.7703729771813 37.2338725841443 -12.4695669043794 9.74584793181006 0.143145129560659 -7.33740339150181 -3.02068662092112
Rhinopithecus_roxellana -66.841375623188 51.5646606439319 74.6311454459536 -2.71087449721553 -9.75333945300745 1.24535649868201 -6.45356664623692
Rhinopoma_hardwickii -9.12962625085048 2.99027513714227 22.3349977879496 -4.96991378546313 -18.1246022816969 -4.76048537448758 6.94039049864759
Rhipidomys_fulviventer -2.61928569865407 1.29080521132316 9.33857335398073 11.7202776509549 4.92198447678095 -17.5115755949341 7.76802895062988
Rhizomys_sinensis -1.69219802690311 -43.2012157471221 8.64719675515909 5.35937698433647 1.16791379046802 -7.08796072932407 4.0366600410162
Rhynchocyon_petersi -2.88198529294152 51.8255689295034 -17.0769985784363 8.35973053956479 9.98095106283643 -2.53847007335575 2.37324628480624
Romerolagus_diazi 51.8435616167584 47.1048485867995 28.8214035072965 -4.18537906960968 4.10373199063608 -6.61332570313078 0.227493291318099
Rooneyia_viejaensis -0.785240708205013 42.7123840312597 38.6191253537324 -5.54653730446888 12.0733683698784 -1.81142205070285 -3.24958661974859
Rousettus_aegyptiacus 8.26761506917263 44.3629277019499 -3.93936662448584 3.21759927654668 10.1508798594343 -15.9099638998303 6.71148478548864
Saiga_tatarica -35.2864697114964 24.3796045186465 -7.16140450229928 -13.1329948234342 19.2740805108243 -19.9791179903407 2.30862752417039
Saimiri_boliviensis -67.5832216862333 51.9354336712725 76.9711001831347 1.66550463920265 -3.30802926940702 3.01940705558667 -6.50908874691066
Sarcophilus_harrisii 27.7499083979926 27.1261715445082 -29.6556365172927 12.9642364778827 3.73735161950487 -12.8781359114217 9.40162274702548
Scalopus_aquaticus -0.153432570485769 0.711744006694038 -1.7467426380569 1.39856420423326 -3.16139462301221 -29.1796059945615 18.2556862235063
Scapteromys_tumidus 30.8007809830151 -4.36050403614857 0.132673413064653 9.73275211133153 -3.48619368053178 -14.4327955935787 7.8877183770443
Sciurus_vulgaris -8.47953418401553 15.9438577815951 9.70410389530558 4.1411357485529 14.1424620387891 -6.02418540589662 6.51326315413504
Scotonycteris_zenkeri -16.9909523855897 45.6170915757114 -12.5171644320509 4.77269864201862 8.71367980596945 -16.1666188530031 16.8790049792761
Semnopithecus_entellus -25.60001373032 29.008675996759 67.9053205461174 -2.64327100580249 8.57484181703696 -3.37867045297092 2.32453496769848
Setonix_brachyurus 26.7660689864218 35.3121408142369 18.3697900061676 3.52027532142873 21.9948534590133 -10.0974075229751 5.00749715756227
Sicista_concolor -10.048279591894 19.2935358529399 -5.58696554890107 8.83617471177799 -1.77834932143805 -17.5333827896781 13.1532663564611
Sigmodon_hispidus 34.5473835876536 -6.40305484988046 8.40415911895379 22.103700893214 1.59175263967656 -16.1404479170099 8.98357750891436
Silvabestius_johnnilandi 47.3327592205427 18.3222014958257 0.357548500123214 12.6576804296226 6.30941198823145 -12.426937293967 5.49964562659114
Simosthenurus_occidentalis -19.6731978573226 20.224799286049 8.16154665665833 -7.72357323397604 3.06209288591036 -24.2488979118705 -2.56376070310745
Smilodectes_gracilis -12.7780966208513 20.7128368673264 22.1022581111757 -2.80078591322751 7.15837942800829 -1.83852974093917 -6.87540673562756
Smilodon_fatalis -54.5149163351879 -5.58983796698657 28.3046908254946 0.206761555577858 1.00213202215499 -15.7931374385922 8.29200069747683
Sminthopsis_macroura 15.3756604412644 1.25193952062242 -18.5833901492576 16.2942843146813 -5.21575376005107 -12.4972510579933 8.84672607241504
Smutsia_gigantea -69.874450227038 -30.9188096831175 -0.340034582257793 -5.77922093656042 14.3907169355781 -17.626095485331 -6.97879824331956
Solenodon_paradoxus 38.1435504629946 9.36966522028961 -28.8995796622481 3.11026486420536 3.11309951693264 -3.57637115937082 1.63138177107411
Sorex_araneus -32.7842525904069 26.2096716595178 -35.7824328405916 5.23033123084203 -0.430068273563744 -11.024068640372 -4.88900632294696
Spalacopus_cyanus -14.0273542096289 -9.7775330319388 -3.98351284137357 2.62451773616337 -7.83491692461311 -26.6141753431783 19.4282866868863
Speothos_pacivorus 5.88432568504053 42.4459600616844 27.3148210622915 1.14519616404163 10.3588472719671 -16.1546793182885 9.54333460315881
Steatomys_pratensis 19.7615822456793 -0.589322982978019 -6.34505487911858 0.872730972439332 -18.4344029938835 -18.6751663816994 10.9022247865839
Sturnira_ludovici -46.6302264062684 28.5764160809859 -8.83290751068064 14.6537216286877 12.0177921518867 -2.81421495255319 -2.53578597572585
Suncus_murinus -16.002485020727 -25.1060550262261 -43.2586180126213 8.22948846380264 2.75512946317678 -7.95712683362939 0.82813756908897
Sundamys_muelleri 29.3396009241895 8.79506142454892 4.14687927287253 16.3786440868876 -2.4807521195584 -20.4326604378763 7.13878607341809
Sundasciurus_juvencus -4.95286758600084 48.9601658227931 3.1598474514223 7.165876818633 13.9011872324516 -2.18503532498242 5.55035055368102
Sus_scrofa -76.6156768690175 53.8647303663214 20.6987905629777 6.05135056662032 14.1972818823812 10.7279018841003 -7.50653315428809
Sylvilagus_bachmani 8.81721454635287 53.2583865574409 27.5168477460841 -5.14810047419358 10.602042126304 -0.613074668489321 2.65586151266384
Tachyglossus_aculeatus -70.6343351299167 -28.3448735949694 5.82498966446069 -12.4426857195166 22.6139240388225 18.2182983019951 -9.64891487145529
Tachyoryctes_splendens 0.762256627520925 -43.8841564458609 6.44164119046966 8.72228409628694 -5.93004161875917 -13.9908681574188 11.8848040722047
Tadarida_brasiliensis -54.744362082204 -13.8883265056136 2.74780940780523 -7.51732272195826 -3.90925833964241 -15.575923121724 2.0662279755023
Talpa_europaea -23.3530506281818 25.619273700865 -27.1487143837106 0.792237460478745 6.5864636503582 0.835504598911091 -1.07630736803136
Tamandua_sp 24.1828819145664 -9.14902350528033 1.1485647619262 -13.4222254282299 20.1916956266046 -8.5371040346506 7.91738152691499
Tamias_striatus 38.2858774534862 21.9752565794169 13.2560756529897 4.41493755233326 5.58233498478668 -11.9355251917492 8.62074712178251
Taphozous_melanopogon -60.4130828351887 -30.1314079784597 12.7418612853576 -13.2336459550995 -2.32976179355834 -1.45660624003203 10.8636461046472
Tapirus_terrestris -53.9573865090756 -15.6901810710465 21.0085528522193 -20.4897835063019 7.78840999599759 -25.3628678644302 -1.08176801099352
Tarsipes_rostratus -3.27452526635758 -36.9018591966916 6.1585609063899 22.8066287185732 -11.4484995823209 -10.5716424336353 7.64726739632799
Tarsius_tarsier -39.6351717656123 54.1821697143006 55.4317164552723 17.3746652158733 -0.379016043572222 -7.05732856093492 -3.57623612596531
Tayassu_pecari -71.2683289824387 45.3222609396229 27.1262772830272 -7.36113938388926 10.9585833608647 9.46125679471523 -9.74651435779074
Tenrec_ecaudatus -13.6114870011591 -7.37925061508494 -45.2040809161788 28.225714327752 6.9137812495488 0.178228497277372 -8.45095665697724
Thalassocnus_natans -17.6425875626919 30.4916219014823 -0.479358466533336 -21.8255249444395 11.5329989685197 -23.8372884969928 -1.61556914301032
Theropithecus_gelada -55.0201433914515 41.1035037812036 80.1775555852484 -0.415102421677636 -4.8845275435471 -1.18600392525092 -3.27872057922928
Thryonomys_swinderianus -3.21795262727735 -33.65893385558 31.620239282848 13.9060147110072 0.474608707631091 -15.4975446485195 3.24496380635527
Thylacinus_cynocephalus 25.9553793696945 -7.81006290653298 28.917009054546 14.5954730016752 -0.0153706314578173 -14.7777508426492 5.68315937234107
Thylacoleo_carnifex -17.1931234097337 4.23597124087607 -9.94898101920374 2.61032781726433 13.4918060452022 -21.4721647796876 7.85789662269739
Thylogale_stigmatica 14.5203320297813 32.9153283572776 12.1557256037406 6.17538217257642 24.0257252295157 -8.6890913333156 10.5135032006952
Thyroptera_tricolor -67.3976220726408 -6.32351289431864 21.6274393760154 7.3162494535278 -10.5021876742503 -14.3062434132575 -4.21304021854436
Titanoides_primaevus 33.1695669885467 -14.174666112692 -5.11042747731178 6.28848987821066 -1.27048321057099 -3.45985794845376 3.02880296163651
Tomopeas_ravus -65.1463751806998 -8.36547069637089 8.46159463889757 -14.6592468419815 -13.7996639143524 -5.54123398925099 3.84715667303599
Tragelaphus_scriptus -27.0168290087589 40.2452442738499 39.8533164260523 -17.7844183370373 12.1792192832401 -8.50249423065433 6.04624271088736
Trichechus_senegalensis -162.542362405109 -5.60762933339165 13.4368154345858 16.1445744702127 2.86279064301793 -44.6571742934312 -4.09060338289485
Trichosurus_vulpecula 20.7200010646252 29.3508944512215 11.8848239930959 10.5867723246752 11.3177513752386 -14.8857583053318 4.60449613892841
Trinomys_iheringi 12.7336793627099 13.8095768808755 -5.00640359168534 3.47692367446758 -5.98780369816519 -27.3003222837652 16.0373255075116
Trogosus_hillsii 12.8394450795225 20.3328144464672 -18.8980351317646 -6.39542010554255 -10.8801053739462 2.90926339126094 11.6191164072036
Tupaia_belangeri 26.5258922353717 43.5073081920686 4.71643576250879 5.89670624481192 14.3588459339465 -7.0233499225135 2.61970427041459
Tylomys_nudicaudus 14.0064852588167 22.0130677922143 6.36538054073144 -0.677562805980082 -1.3415355088548 -17.9888210732573 9.82937429206907
Typotheriopsis_sp 14.0060588147614 -30.5036130813668 43.8090340945124 1.89737551565826 11.4234167591337 -8.2054538048667 0.095837756138784
Uintatherium_anceps -7.71071705014976 29.9375378010711 -3.08024556366077 28.3845810192879 -13.599750530709 -11.5192318269563 7.46446155827211
Urocitellus_columbianus 15.3294351842388 35.4212615633546 17.5197061615944 11.8833603725077 9.89392445624382 -7.2186267262999 4.34777849619767
Urocyon_littoralis 1.6494530242591 57.4802772598714 30.7422155414999 8.08619727717178 19.2667824593394 -17.1850030479467 13.4272374862483
Uromys_caudimaculatus 48.0689623299102 -0.86550770785425 1.9541358737682 7.46824793748602 1.64626399760028 -18.6451846835626 7.87396704768957
Uropsilus_gracilis -53.5950394431542 30.1860090334601 -30.3334258917389 14.3962516713994 -6.15604968278619 -6.63845846376558 -0.320615766551357
Ursus_arctos 21.9216377701803 17.7517448754161 30.7311406285059 -4.39947619135766 8.26666161586499 -10.5085664467575 -3.37000726931999
Ustatochoerus_profectus -64.1881447331212 2.04759153812492 24.6815148099588 13.1575554020592 4.24296893585624 -4.65545448763838 0.426364831810875
Vampyrum_spectrum -9.06267792372384 12.4449443980599 7.63367412825735 11.4188709690581 4.1270280511397 -12.8601276989587 -1.72716246160744
Vandeleuria_oleracea 8.18497332089093 17.5232116797089 8.12107146281937 16.2871857022143 8.1045557501058 -18.8753361648989 13.8767679250164
Varecia_variegata -35.7498551083395 30.8998439564638 29.0087462205947 -2.9120924667353 16.9123006286166 -4.82183713287769 4.81910729593654
Vombatus_ursinus -9.91476495391042 8.48526173132734 7.31937211368031 -1.27802755222543 11.0911182543156 -15.2441386549782 3.26006564097486
Vulpes_lagopus 10.9840587993327 71.8206695693767 15.7406079339453 11.3332098733118 16.2014072498082 -19.9575142508927 13.904862808442
Wallabia_bicolor 33.3082523037107 8.70245185369705 6.69930708376848 -0.90385556219528 23.7276561309969 -12.6485128537409 10.5067899870454
Yalkaparidon_coheni 9.35344928919431 35.8132129802614 -32.4515398934023 15.6652916516089 -4.87385253489648 -19.3545897031659 12.0468603247861
Zaglossus_bartoni -78.8699490537406 -9.76102165252909 -7.14295375717466 -7.94978144426428 19.0613479428362 17.34001270455 -2.32599954228061
Zalophus_californianus -39.9712213109783 -6.6455168630788 44.9294910901041 -3.61287122441245 14.7724526138858 -22.2206571005998 5.51042215004912
Zapus_hudsonius -7.00426683713539 24.6932012628798 -10.2426517657284 14.1860491009038 -0.243194621348835 -19.9181123002561 15.7514728024809
Zenkerella_insignis 33.6503745824407 35.2506362155256 13.3000792058809 3.88672179175705 -6.22623405724103 -27.2542762167892 16.0584967105731
Zodiolestes_daimonedlixensis 37.0431065011889 -15.8881919503373 -3.196940494819 -12.8716894808181 -7.10985452105432 -21.0770283381637 3.97426856080895
Zygodontomys_brevicauda 10.6923213155926 4.62820806729954 -11.5643997577582 10.8074325767715 -8.39167757264883 -17.3116311544889 9.81872873346099
Zygomaturus_trilobus -5.42749611943895 24.4375919220886 8.19163001745299 -25.3125699944376 9.17782136492965 -11.9010641214934 7.70425712310877
