Abrocoma_cinerea -0.301518474770782 -9.83052157342973 -19.1120600761532 -2.60549655337124 5.26515921322813 14.2098117539378 -6.0320515101413
Abrothrix_olivacea 9.84514542292736 -16.0744240231067 -7.47538941509124 9.1251502914591 16.7727595821678 24.3261871146321 -6.24620230768265
Acinonyx_jubatus -22.6975413503433 38.4021923495309 -39.4605438703674 -17.770667585715 -3.78928893575844 -0.316944350899311 4.47714290818615
Acomys_cahirinus 20.2156890239124 4.87567964259285 -2.69579948715519 -1.31384781733395 16.7549622041217 19.2173177174819 -2.45615919581929
Acrobates_pygmaeus -28.0662673616991 3.69614018328492 3.72974196462038 -6.34812359463516 -2.91690813022982 13.562114040013 -11.5940888853102
Adapis_parisiensis 28.823340296051 -2.86931365508832 -23.8127351116532 -1.37243294684161 -2.5718644181909 9.79569700921813 -2.06709842875726
Adinotherium_ovinum 12.5506893496715 18.2844090127189 -24.1417324772366 -6.34723870625878 -2.36895277985279 19.0178820661697 -2.12091228528247
Aenocyon_dirus 35.6704681921778 38.4704529408698 -24.1381988358218 -2.91715169045176 -8.00852148164069 18.6862500482321 -3.393572489104
Aepeomys_lugens -4.02913341300741 -3.58909780288914 15.9930173544428 -7.17134285656412 4.72760600022706 21.1835975843001 -4.71993347264279
Aethalops_alecto -7.21831539901446 56.9161058653586 14.071589602441 -5.06092052228858 -4.18392208333457 22.9522800980276 -12.6221993961324
Agriochoerus_sp 18.3196382130383 -30.6220929486619 -12.0541167892185 -9.11963366333011 -7.89799043134604 7.5940092510434 1.69526677278771
Ailuropoda_melanoleuca 17.8355124542104 31.1070258673053 -34.9771584233798 -8.92989241905879 -6.56058325278978 -0.446458886260958 3.81303178853826
Ailurus_fulgens -30.7787971623183 35.0704446477397 -31.1751916514881 -6.74532404180755 -10.5577165479831 12.277719242253 1.01814310450148
Albacetus_salvifactus -54.1999075356527 -8.40416914227144 -32.7791757532659 -0.120324836106157 29.79109113676 5.58377987243122 -2.16504764320923
Alcelaphus_buselaphus -75.7745606511047 9.58753513011727 -15.3248440648904 -6.10116121712092 -24.6783452214715 -2.13772386825401 0.124355918797101
Alces_alces -12.1287209693346 28.166470112104 -19.413145286964 26.1489241618216 -17.9781080286169 7.89851523460405 -5.0573846663761
Alouatta_palliata -23.3469920677106 38.6764522457355 -75.7072388474698 10.2869543735237 0.686591064253283 13.0849591550123 -0.922170653692612
Alticola_argentatus 21.6727544621899 1.51847468897488 -3.29648824537783 -2.74197691974732 4.3929092864899 12.5304399240306 -19.402702875126
Amblysomus_hottentotus -118.779272042277 47.1734707788928 29.5085803782344 -32.0490155427466 17.4908620481181 -5.55112558340534 9.58546371234881
Amynodon_advenus -57.9036994027993 21.6624843682506 -28.7478306830266 7.08291626065935 -0.541349184986518 6.87334133569748 -14.9271983853091
Anomalurus_beecrofti 8.06509745278233 19.6527181342543 -19.3101559605868 -7.46079746528578 -7.94665123489009 16.7997426167185 -6.5977696904576
Anoplotherium_sp 23.63837635853 -7.74292806612658 -25.3446839350487 -7.86565557882287 -0.0942055665275712 4.77081375698483 -3.07548880385724
Anotomys_leander -2.39424985434442 1.6977986886925 -18.6728475700828 4.40508393101231 3.93081634392883 12.9580199673312 -9.17699126596908
Anoura_geoffroyi -24.8910206137824 28.650620063642 -3.33859464600291 6.8790115450169 0.0866791274060835 15.2502593618293 -4.82687947963098
Anourosorex_squamipes -38.7522933082152 22.0863042235421 43.0438390585797 -5.24121327853773 5.36798804355808 21.7838882792846 2.31338402421885
Antechinus_flavipes 24.5106057605814 15.3440847595835 18.6593658347914 -9.23738592236096 4.91000539538279 9.33412081607662 -4.74401795661628
Antilocapra_americana -55.7389282280819 60.7658102268637 -23.5681628793316 22.3214765786949 -3.99953572226629 -10.4321142547028 0.829658754350738
Antrozous_pallidus -18.985928094992 -0.0146190858909553 -7.4933421762506 18.0923883859162 9.62223562966398 17.67245264391 -6.34466228676885
Aotus_trivirgatus -24.6479861315843 59.5937665184677 -62.7339764928225 -1.32463236570912 3.65070766954865 9.1002619480347 5.54448855102755
Aplodontia_rufa 30.2694353118542 -9.00444994181668 -15.6834813510604 -0.264208930203825 0.634996710442317 5.90756964280553 -4.50989338035671
Apterodon_macrognathus 1.26613395687348 -27.7492564301452 -2.51072244542389 -10.606224720035 2.26067523924956 4.93688209763184 -0.693535972446615
Archaeolemur_sp -21.8121368779244 48.2094022282072 -42.2341593646527 5.46766082822415 -14.0193076121203 13.5499072679881 3.03365146467504
Archaeotherium_mortoni -7.37058258825468 12.9105997501562 -27.6306451962923 18.9709670230417 2.48844380207114 15.1868312049744 -11.5885895109516
Arctocyon_primaevus 55.6461976727118 -23.9652341638671 23.2727075441094 -8.26475434292337 3.14580914133086 4.91810090247137 -4.11718857016873
Arctodus_simus -11.0883268300026 48.9164306611045 -14.8142446788718 10.8661661929912 2.44672653702704 2.1183824680698 4.65975609373102
Argyrocetus_joaquinensis -92.9613946839613 -92.5999313940331 -50.8297530583426 -5.11130786119218 10.9679237388435 -8.09567113068267 -4.20132665168074
Artibeus_planirostris -28.4310171952894 35.9527018248483 8.29006550045791 -5.13719746984881 -2.96518658572991 2.35732057022581 2.22891052961271
Arvicola_scherman 13.5070953093089 -23.7600464078826 -7.576504555928 -1.42729120177872 2.28085035327181 13.8943382707765 -10.2096501478095
Asellia_tridens 5.52227726873919 37.6875287287078 -26.4203143031182 0.0644146980919122 13.3296991322187 13.6974397626304 -9.87411591853217
Ateles_geoffroyi -67.9283933119671 50.5618127738525 -72.1927678220904 3.53941222312381 13.5960314204788 8.142514891366 3.61186101614238
Aulophyseter_morricei -157.370053783847 -58.6169125763181 -69.8282893159646 -23.8682334019882 22.2526740222353 -2.2485571247465 3.5075563231494
Australopithecus_africanus -114.60008619048 53.2242860235902 -80.9533416867354 -15.239963281616 15.996696959912 1.0085985562724 9.68295414053307
Babakotia_radofilai 24.0291153539371 39.7307012322529 -46.9268191806179 12.6454395829546 -9.97295958792017 13.3279419805174 -0.849797053628372
Baiomys_taylori 22.2239671485672 12.6898847756765 5.59822515949759 -5.10402799480878 12.6204122579563 16.7309127596457 -9.304057080384
Balbaroo_nalima 36.6233288372162 25.0797705804672 5.12710573251758 -2.64135080166316 -10.3614831960745 13.7710820721321 -5.02589376654512
Barinya_wangala 68.8419779752632 9.99743112985332 15.2564985616719 -13.1849593096432 4.82865459408257 2.10973723822098 -3.80595377231596
Barylambda_schmidti -49.5037929045945 -46.9017215107342 -4.95665821888902 -16.6495204445096 11.5272015391551 2.54364221252857 -0.146604632545239
Bathyergus_suillus 0.316012057772341 -5.34398170910616 0.114044425021605 5.73593017084857 9.90857115774914 18.2689104757823 -4.72777852226578
Batomys_salomonseni 23.6936771049635 31.9532882523545 3.28614963332651 -0.333334241504399 12.8522500432894 24.3206139824617 -9.16908067347685
Beamys_hindei 50.0962195816801 20.7507548866608 -2.59181419285943 -13.0661046245184 7.73479315588581 19.5366187887667 -2.8251459467448
Berylmys_bowersi 30.0582144700703 4.13759277314216 0.170107853091877 -12.0492557415995 5.87829351564802 19.0092910656453 -9.59054641674262
Bettongia_penicillata -22.2540087389872 33.1171855163412 -5.03758386812496 -15.1483944043695 -23.6826496843863 3.82875399388957 -0.615413162032432
Bison_bison -22.316936159249 32.4358475135546 -22.5181991443719 21.2944375454296 -4.83433433685381 8.06146915902158 4.24921546240181
Blarina_brevicauda -22.659560662569 19.3441683972209 38.4788900403939 -4.30773717271251 5.9982204415763 9.19910648290762 -1.60417774912279
Blarinella_quadraticauda 10.5617241717153 24.636925163461 40.1087427461498 8.22528616419983 9.46576756299723 22.7007972543405 -1.88698865566912
Borhyaena_tuberata 42.1220867709745 -17.0994232816487 2.49252030578878 6.14617203789291 -7.42536911014998 -0.806698089612735 -11.3840085794518
Bradypus_tridactylus -37.2493165462266 14.0981304903368 -12.5895332860464 18.9817945190632 -8.02867496406056 7.54399338723661 3.69441898363379
Caenolestes_fuliginosus -22.5676761462938 4.88594143175237 34.5814285374333 -10.1113730000336 4.20449011469898 11.0320439183603 -4.86299980596113
Caenomeryx_filholi 27.2436622137582 33.9244992927896 -17.1919364004051 5.00953992493066 -11.2333155743242 3.46599370714139 -4.17873088150314
Callosciurus_notatus 9.43557890941189 39.9665929300948 -5.03270823579697 0.153603537623682 -9.44720042432585 6.34955058013091 -11.6417616851526
Calomys_laucha 8.94226445520842 -8.48514094946308 0.822798465513261 -18.2917368195582 8.58864877565069 23.0100699046672 -7.09003419123124
Calomyscus_bailwardi 25.3626112928527 10.6414062340674 -7.36991110774884 -7.03464573279498 0.108444591664045 19.5287680746744 -10.3051184219821
Caluromys_philander 55.8352898545704 23.705873878428 3.34368194875477 -16.7387163108317 -15.1115838137003 6.66208507698978 -1.58333492682566
Caperea_marginata -4.33146961550542 -56.856712173963 -26.782235137586 -11.7095751116458 4.6394041721076 0.204829783707748 3.18107335272497
Capreolus_capreolus -30.8114277800447 39.0982969330882 -23.3829742874323 10.1215019184032 -28.3463831209754 -6.44767981050253 4.71705879639934
Capromys_pilorides 5.55349417656419 -19.6863445883919 -31.1955014863557 -4.70005138600121 3.60944131983515 13.1190107828338 -2.40174808558979
Carpocyon_webbi 57.6757365151909 63.9265455383873 -19.0540078544838 -19.0954396740529 4.64825500623349 16.0971375950789 0.758822376531899
Castor_canadensis 38.0411126108718 -11.4994420573336 -19.9597958887924 7.29117157848437 -6.81827346913289 15.4877209823552 -4.53590883457982
Catonyx_tarijensis -49.7128856829834 10.101502585156 -23.4622385298443 14.6605522812205 -3.81630680823711 7.21656965763419 -17.2528639812554
Cavia_porcellus 41.811010315264 31.6047277778153 -35.2479752381228 2.42892008806771 -11.8424531100422 12.0883612332258 -8.60171855652528
Cebochoerus_lacustris 41.968582115402 -8.10506734986775 -7.69432462940723 -6.06490298494237 -2.75921607313605 12.8590229221262 -4.64149986398547
Cedromus_wilsoni 27.5727132890963 9.69142558818633 -19.8526240679837 -5.3940697134962 1.10921650228644 9.52964339069376 -2.91460669464453
Cephalophus_leucogaster -10.3650987285982 11.1180139312375 -27.8312449375054 9.85687836452859 -26.5932418745645 7.30318313027473 -6.77673386170368
Ceratotherium_simum -3.41797843687591 -17.9700410804524 -40.4338472883084 27.743809955779 -7.3175815419233 15.8429174759921 8.21339032779443
Cercartetus_concinnus -6.12346355194986 0.768012534902522 -3.46229569759833 -4.02780083056031 -6.15501600979234 12.0750753692524 -11.0918001138294
Cercopithecus_ascanius -39.0772575430202 23.9363789827735 -78.4461648855145 -0.761652402105521 -4.52453517246607 4.83832726863007 1.72186204944764
Cerdocyon_thous -5.744180734149 54.4351028573588 -19.6317402192942 -13.1718207099631 -14.232892266486 16.2517800452845 -8.5262834142712
Chadronia_margaretae 44.4209722498719 5.2465361912451 -11.4909307703884 14.5995389346308 0.601017469537615 10.8600598033352 -9.38076820854168
Chaeropus_ecaudatus 22.1785519198056 45.7039841536935 16.5544935109898 -5.61725789455639 -13.1489457036713 8.08573986453368 -3.83285457643907
Chaetodipus_penicillatus 10.5259150788024 34.3845731784339 9.71067286220857 -0.30589288716121 11.4012132394554 27.2854461086475 -20.0988762825595
Cheirogaleus_medius 18.8157988673206 28.8055746208444 -19.6632799427636 -1.23380829762408 -11.6579779811254 12.1915281434435 0.17043816616543
Chibchanomys_trichotis -10.2104883321058 -25.5793131482212 -9.60384214382366 -1.09980192913593 -1.8306177991779 11.19762574561 -7.12291407423302
Chinchilla_lanigera 5.36222373344672 40.5399394547193 -29.2790230340787 0.344671907535425 1.5041169428902 11.5234229857844 -2.77188618678932
Chlamyphorus_truncatus -125.258337887874 40.0969476836419 44.4194951886483 -8.34459577256542 15.0418124399172 13.461333271596 0.976803133141878
Chlorocebus_aethiops -33.3766248639167 57.2201913079063 -75.3589844486565 0.173033200136166 -2.21803568603258 3.95276328997393 5.35814329671344
Choloepus_hoffmanni -20.319869409329 36.3221664719129 -4.80472531925031 29.1986399730403 -4.84505660048634 21.6344667413202 -2.87310026713976
Chrysochloris_asiatica -120.891241663322 43.4226692747876 30.4167381672699 -22.5335954506414 13.677326876289 -3.15186485935931 -0.167488131857156
Civettictis_civetta 39.5424201720536 40.4197133742813 -9.67133926158777 0.355968028208387 -5.75036946393031 10.1564763539214 -7.18882888075942
Clethrionomys_glareolus 21.5655001857053 0.966467605533566 1.36315447186104 -3.50272293898008 4.59906288781452 14.9310021956604 -15.4020160988462
Colobus_angolensis -35.1386959443096 35.3457255620573 -76.3855044437743 4.83226689999606 1.98768020091686 5.53695659890175 2.4724087484128
Condylura_cristata -16.6800335644621 57.073003075729 8.95090851246479 6.6541869410741 -0.468217776065266 1.77655516334263 -3.59849647938806
Cormohipparion_occidentale -16.2369718508233 61.6961059485071 -13.7446211618186 24.2452022366039 -10.3647466227483 18.2405374612467 3.83152611639718
Craseonycteris_thonglongyai -55.4321547065032 5.63556844416198 -26.0483216554496 -13.3286804848325 19.817931536492 23.8859385248387 11.8988520781402
Cricetomys_gambianus 38.3184261739195 -0.88938383348491 3.5583692291057 -7.3525322884754 6.9991238344298 13.5034693887209 -7.18188294222986
Cricetus_cricetus 49.3982238791262 -29.1113139010374 -3.82016176302292 -7.4218555403388 1.63842594866669 10.7233967667321 -9.34166271798854
Crocuta_crocuta -5.91314667563121 33.8099438977717 -23.1175897638471 -4.40409685898241 -12.7260262555962 11.8145607583779 -7.51025433620617
Cryptoprocta_ferox 31.1052369162086 21.449060445132 -26.5452384152623 0.284902958676346 -4.1729412035823 18.1886726656961 -7.05828380283282
Ctenodactylus_sp 27.9388676940695 25.0960186512623 -19.8069344251636 10.2520820307505 7.44537543609628 1.66046426065569 -9.88443920375893
Ctenomys_conoveri 42.7767646416378 -26.2139436880117 -23.797081497957 -8.69841245737935 9.96790435769167 14.9941330557511 -1.92981069017722
Cuniculus_taczanowskii 4.79627381050134 -26.4115592032619 -9.15835312801808 0.0223648754212944 -11.326613332792 8.88760822276057 -12.1917104763458
Cyclopes_didactylus 13.3040982548763 -0.880656929437307 -2.12353414585697 1.23193124418967 -9.59357052027243 7.47824002275815 -3.58630801746548
Cynocephalus_volans -55.7311128086162 17.939175933034 -15.6679041560746 -15.4603035303967 -8.7506832738722 10.5407479983247 6.61049546398773
Cynodictis_cayluxi 37.3035012414571 8.44368750525709 -14.6447488701426 -0.924384023789233 3.894590032903 13.3088953281326 -8.3850550424286
Cynohyaenodon_cayluxi 51.2883094464897 -5.98982687152066 2.25408755755687 -12.2244487409557 5.84296107482969 9.09526204852243 -5.07910566952144
Dactylomys_boliviensis 18.4154825963871 -23.5996917058083 -23.717050971272 -7.8104583838801 -2.1020496507489 15.3288690639859 -2.93730029386655
Dactylopsila_trivirgata 35.9746214186138 38.4794036489318 -11.7516726514188 -4.01049791718898 -15.9712266747666 8.30197609387388 -1.59156035117196
Dasyprocta_leporina 35.8309794140186 25.6838809504559 -12.2287954232726 -4.90886902412235 -12.5017390666129 7.34711828122966 -6.31517445468143
Dasypus_novemcinctus -26.043710981047 51.9155619604451 28.9454022752566 -8.51559413876268 -3.07736630017944 1.20964686536505 -1.23099828155372
Dasyurus_hallucatus 56.3574492378287 17.3915123677019 11.9385588637537 -12.6429963636191 -7.76587988119022 12.5114360942166 -3.88088067538333
Daubentonia_madagascariensis -76.4382542245378 33.646981426788 -34.4087647608882 1.21453235719631 -10.9559529046271 -4.47592577963198 10.4825987825381
Delphinus_delphis -136.121284442961 -7.69489887663834 -77.9406859313566 -14.3741898564128 25.5837580913757 -0.581701189639067 5.13900609406642
Dendrolagus_lumholtzi 17.2222424480034 9.40413157464008 -23.0372878726596 1.58285245746697 -29.581159614397 3.06716476783878 -10.8403917789
Dendromus_mesomelas 5.47592745422032 18.2276436987341 -2.22657574064743 -17.5643824289443 10.1051442022684 21.5672477146307 -15.5498266925054
Desmathyus_sp -37.7629826781589 83.9126222533085 -1.93731625549686 0.416612584969885 -10.5939935726631 -6.12768249052392 -1.71994284560904
Desmodus_rotundus -26.6118189040731 45.3866264139655 -10.904494712754 2.94213143244494 0.250346910759504 -3.92588091352111 6.70067512208553
Dichobune_leporina 23.2254872869393 40.3313794058918 0.561587138488497 -10.3408945251848 -3.74591759807955 -4.9288513978579 1.82405923391896
Dicrostonyx_richardsoni 0.462057051174781 5.19515824573691 0.0319593823806133 -18.0655722828873 -3.2308703582889 22.4010536496892 -11.7387760026165
Didelphis_virginiana 89.5091352542554 22.2893844676362 16.8679918045479 -9.41030329014047 -2.75522875722578 5.77009104722497 -2.39913253721994
Dinomys_branickii 1.5000992144061 7.58281299272729 -31.1461607253469 12.2067084368901 -7.62140848454615 9.44203000876465 -0.215888367555963
Diprotodon_optatum -70.6563073689312 -13.7363879185599 -21.4359193073527 -1.65494546295732 11.242358067042 6.97940603644508 -2.54407996247624
Distoechurus_pennatus -0.573104495523695 39.3091330888716 -0.997599382384785 -8.27141279100196 -4.37672062640899 12.6395194305611 -4.01537533049013
Dromiciops_gliroides -0.0988592168460235 19.8790235635129 -4.36190487286959 -16.3266223344732 -5.41607586613456 12.3910656348114 -0.188535806235759
Dugong_dugon -92.2350426223432 -8.70714820555706 -30.1599143721184 14.1009143085387 11.5459677137151 14.6109152996968 5.60902108411067
Dymecodon_pilirostris -46.1797784208763 65.8905883067749 24.0872135347842 -4.65909509914529 -0.38008200043346 2.30627405841889 -1.9510528724101
Echimys_chrysurus -2.64507896018511 20.7431946408216 -6.302390696547 5.21105282211747 -7.24833774931027 12.6672176817425 -13.1012044322879
Echinops_telfairi -2.34300655457083 -24.4232205818393 54.6294232673311 -20.042744660028 18.1973514367938 19.9632522979743 -4.24441245698014
Echymipera_kalubu 5.6630771566882 52.8598327692739 44.8778985666315 -19.645767517207 -3.13237738889901 9.97375621097156 -2.37744864393902
Ekaltadeta_ima 27.1797100100873 5.49930641147844 17.4852074110744 -19.6476254649371 -12.0814244724799 8.97368324862572 -3.27020710886052
Elephas_maximus -99.2369225553603 36.8828277136301 -9.98916320637054 -8.07810081179289 -11.0489177979101 -0.731422538938985 16.4837323985175
Eliurus_webbi 12.5178906876841 -12.8995310507378 2.35380294985107 -16.1149717959381 2.72838730937893 19.3031619494089 -6.27986523598705
Ellobius_sp -4.58324299795938 -36.0553230609987 3.07942679895596 -1.45038823195358 4.1813145438112 9.5423379953941 -8.74484685346971
Enaliarctos_sp -33.7115856718088 13.2488122750112 -39.5324104680988 2.35780660342287 2.23992771051268 30.2218191965257 -17.8455236552445
Enhydra_lutris -15.7231149091741 -6.65485057194121 -31.9596004188668 10.1428466796818 -7.47457906541852 5.53100422113305 -6.27046059436016
Eonycteris_robusta 6.25132822375372 50.4011749104015 -2.71983856503219 -10.2297286721984 -13.8632602149165 11.7584436398566 -4.45356523572912
Eptesicus_andinus -54.7592397324245 -30.1705904593154 -1.83971065803307 17.6370504735152 7.72089687184059 5.15841710138866 -6.974774005045
Equus_quagga -47.28830247055 38.2980545660513 -18.2807732756521 14.8858166441795 -9.32026929982999 16.2317907127347 8.45201787702069
Erethizon_dorsatum -56.4702496001874 -25.6818100904829 -14.3920717776874 15.0806291470307 1.20393336655554 29.1604526060735 8.56129809833432
Erinaceus_europaeus -11.2593351686489 12.8439608041606 47.4608400933867 -16.8701784629535 -4.72774023992001 20.1654682214602 -7.06018528951782
Erophylla_bombifrons -36.8012433662851 50.7742818135134 -0.370282412666867 -0.746358408307673 3.30367561085516 19.6699441341002 -7.40367551607537
Erythrocebus_patas -35.9607556121795 58.9248805835876 -77.7109165766538 3.43353888560559 2.04419593545589 -0.108167930062284 2.52340195770275
Eulemur_macaco -31.0369394717232 48.3058711685626 -36.3435153360362 6.85445602275349 -13.1717424490022 -2.47284734289453 1.99246874689407
Euphractus_sexcinctus 1.39345521454692 20.7025390356853 33.0519897517042 -12.4511863070612 -11.5242468119371 0.855170396187865 8.81989882917319
Euryoryzomys_macconnelli 58.5415703024351 6.69092074630116 -10.540680120142 -13.6392261055168 9.12954530681531 21.2413137731272 -6.82493177591297
Eusmilus_bidentatus -20.7682814209979 27.3306236054222 -2.00909178395334 5.07738161920269 3.6540483847367 10.0114171752366 -10.1298633761474
Eutypomys_thompsoni 59.7610213906033 -36.042059040214 3.47146929954794 -11.2877854990987 1.72866090642761 15.3795346722764 -2.55382148065365
Felis_lybica -18.5843163016198 52.7738554976237 -32.6949320575253 -23.846933668805 -6.34797316877227 19.5240966194864 3.2368633734445
Funambulus_pennantii 28.7857554946184 29.8807459363203 -16.3233853388805 -1.83860191478329 -5.45015245087665 6.41512051315232 -3.64930253285003
Furipterus_horrens -92.3333026792729 -6.38058069676018 -11.8336480354087 -3.72541228201319 7.61119817369628 7.74450301263699 -6.8837620188677
Galadi_speciosus 8.61133942641942 -30.3181758170521 39.4776121329223 -33.4182817616944 -6.45786337184273 8.31700914914192 2.42075873881212
Galago_senegalensis -19.4444301440239 49.4216083109109 -50.1590083392171 -13.6981110970283 -21.6259978056499 13.548938054103 -3.00530566930548
Galemys_pyrenaicus -40.0221683412906 55.253778086831 -10.8792861066701 0.738805017074269 -5.19661461309072 5.78808532637446 -3.42997672445013
Galidictis_fasciata 14.4115268015737 49.2441991131166 -4.65344688933045 -9.00439125418196 -12.0020286228054 16.8265916769046 -11.564938124458
Genetta_genetta 33.8752277578313 32.7461927370546 -27.285117581549 -8.39394025111331 -11.504495931315 19.9706735058492 -4.01653213877
Geocapromys_ingrahami 3.40294198523233 -17.9262270036232 -5.31282657680668 3.75972224246287 2.63259371226502 15.87975069362 -1.43217894691347
Geomys_pinetis 42.5593017755978 -18.1837744189075 -7.0244622823409 5.43658549221782 9.49506708665297 13.5220532896638 -10.1342608468127
Gerbilliscus_afra 27.4972359440796 15.3864394097062 -15.3359601887164 -2.0202108502974 3.14506321384873 27.2174857585561 -4.23669488765192
Gerbillus_gerbillus 12.4462789996801 23.1846498292506 -5.28510321799388 -5.68375582765523 -0.0384342479131621 13.1070081718984 -12.840000661511
Giraffa_camelopardalis -65.8176568000595 7.1122665080735 -31.1802472082315 24.5299617783081 -10.3405332856068 13.4217953384913 5.94252141231963
Glis_glis 9.45046810070796 -9.64747096768006 -14.4542227485007 -10.0962697006673 0.193589711806953 21.1590553659328 -4.38994887304345
Glossophaga_soricina -24.2533849547733 37.4750995046909 -2.52632765916643 1.66903903577789 3.88808858914874 6.30254225933763 -5.66255712295755
Glossotherium_robustum -88.7796964475352 27.6371690524871 -5.98618305754933 11.1903350843405 -8.75239883115614 20.3095447127663 4.88843246535462
Glyphonycteris_sylvestris -49.5346672193555 23.9425761258872 13.8075073866739 -13.267896263522 -32.5624406723289 9.76444144864872 5.66097669096756
Glyptodon_sp -69.4164861516708 6.02341076848725 -7.19313492975461 5.55537813117745 -1.78499749333652 14.0891392460872 -0.535720570857604
Gorilla_gorilla -82.6179559329902 68.4647198675992 -74.3476226822829 -10.3539025155893 14.7311284796561 4.12099605395219 9.63244576042155
Graphiurus_nagtglasii 2.38486713822966 23.2951001144466 -3.96185016765401 -9.085308502343 2.2968435334644 19.6724528015973 -4.815312434108
Gustafsonia_sp 7.40389320851556 -9.69562565904611 -18.5573708670081 -13.652372788555 -9.67668157162756 12.8746125165446 -2.30316833115542
Halitherium_schinzi -63.7761028018413 8.41255873659391 -41.1184131476746 -4.78938694378852 -17.8249466039763 24.9667012400059 -1.43928831888853
Hapalemur_griseus -6.30992543956815 48.595548207391 -40.765601265627 2.32774158413826 -18.1328394107679 7.56951434082029 -1.25787962851871
Hapalops_sp -51.4051823181297 40.6982076014746 -10.6899901171607 24.4982615262361 -0.0744201584905517 -11.0333351236377 -0.494759063504988
Heptodon_sp 5.20267842642693 -41.3730966328637 -16.6501832917375 -1.35071455238813 -13.1917364166377 18.2064766823632 -13.4767031035487
Herpestes_javanicus 48.6074382964317 17.9779784691433 -26.1341896995215 -2.46163098886936 -18.8674649940749 17.0133340500769 -7.20451779264908
Hesperocyon_gregarius -27.3251143333643 30.7481905932848 3.82017451976415 -1.65132550423171 15.8979150393915 18.0491675133178 -9.41932402304619
Heterocephalus_glaber 15.6545645356256 -61.108827824886 -2.53612957423042 -11.5295921600679 9.78303546597249 14.2815565933086 0.0366485541480124
Heteromys_desmarestianus -1.67671062271574 2.82128298598265 8.08786967312117 -10.0743114567695 8.756837523271 20.0888955886035 -11.9000928589742
Hippopotamus_amphibius -45.8254485161956 26.0034404557363 -21.7277911611834 20.6694978565236 0.628294792854917 16.7984505254024 -6.90006157091967
Hipposideros_turpis -8.69905932706241 29.8729943666388 -36.1530997928236 3.07274853715028 3.5132235490417 11.0312747372581 1.23517798985267
Homalodotherium_cunninghami -32.7358166160488 11.6063326025302 -13.8542320324231 17.7984918949657 -6.65420976433106 8.27614016657927 3.19436920363504
Homo_sapiens -149.895934316047 31.6016676837052 -77.2986420826758 -22.6345163646399 24.3892783299688 -9.05884352422684 9.1299411981642
Homotherium_serum 9.63463195550705 24.2382072132799 -34.0823486270066 -5.20474643569331 -5.47352201974063 10.7815819253698 -0.739607732799987
Hoplomys_gymnurus -7.910265728556 15.1830871117871 -2.20777364685749 -6.51530485040329 8.10380241226494 24.8505094869166 -11.5127481595086
Hsunycteris_thomasi -54.142687424112 32.3171908418934 -6.5953393593461 0.801594351350609 -21.4536329936824 20.1977321209394 4.70135932389927
Hydrochoerus_hydrochaeris -3.47137090077509 4.25126462518411 -33.122084652684 6.94407357691389 -15.7754650426096 18.2462637765644 -4.41741304411567
Hydromys_chrysogaster 7.12505235861137 -26.2732765868827 -16.4390408342348 -10.4236928689027 -3.14478699901332 21.1240810828233 -2.2023520207156
Hylobates_lar -65.0794270925004 33.7497156218091 -76.8347869102817 -1.74801912877127 6.85147808395783 5.79984772796005 0.413062460405169
Hylopetes_spadiceus 37.9251339264179 47.3285059134053 -19.627935090954 -1.23249570295475 -5.78107569818098 14.2560292500653 -5.46939665667989
Hypsiprymnodon_moschatus -4.20300824347256 41.0524266058513 4.7414292030188 -11.1450405646996 -15.7198747031424 8.59840768199459 -5.12716004510991
Hyrachyus_modestus -30.6353661874794 1.27131316592365 -14.8886020325771 2.68222972091316 -9.25437967837626 9.78370591889915 4.84767402189587
Hyracotherium_sp 25.0702661042334 18.9586686850278 21.7291249948109 -14.7398927277361 0.363631051115976 0.296523246507582 3.77232505647218
Hystrix_indica -50.5606004866049 -7.70683958282356 9.58558519832897 3.79612303155278 -16.6947266007821 15.7843735402074 3.32407907621904
Ignacius_graybullianus 19.2866079770719 -38.1590754905972 -13.5615646969494 -0.368575073749308 -1.44143219806742 -3.80708250782888 3.29008666484767
Inia_geoffrensis -105.610555093232 0.640386983763304 -48.3390717795327 -5.2399785470041 19.3713575882632 15.8411685497342 2.35145829426972
Ischyromys_typus 43.4151306214944 -16.355484294978 -21.2228349990838 -15.3428133001322 4.55707293163283 4.61046170149864 3.53883255467478
Isoodon_macrourus 18.8032929289733 20.7000741283824 32.7011891372333 -24.9223441080395 -3.6506516519595 8.75698326072482 -1.04286693631545
Isothrix_bistriata 13.5579464825822 -8.4542691826179 -14.1169247545353 -11.5119390515317 -1.71188594641643 14.3424177777707 -12.0477222799162
Jaculus_jaculus -20.8684998200482 29.9238128290682 -27.5514476659753 15.1405855881733 16.9514887169246 21.1495833388236 -15.9356576270493
Kerivoula_pellucida -83.8545688213681 26.2747756703974 -18.58155788978 7.0489786191235 15.0033416275063 15.379444272929 0.691393364373617
Khirtharia_inflata 96.8518100524324 -19.8308623190941 -23.8853258219557 -27.9815307515967 13.2675405208622 -10.1411283591144 2.77246962377349
Kogia_breviceps -86.7330811830627 -3.25790015426007 -78.6438726703583 -4.13966954240237 14.8740563585611 2.48780948904992 1.05995427829972
Kryptobaatar_dashzevegi 14.6319532231811 -2.5870280501223 5.05768014780058 3.18341086509361 22.0513122325634 -5.35159618199781 2.49841684581271
Lagostomus_maximus -27.8796954488275 29.5974675971328 -54.7678627219958 -2.02733791523067 11.4269837829077 6.57371293486056 -2.64171595779444
Lama_glama -50.1039148673026 36.0842063334073 -24.444391200767 11.3980594905888 -19.0238746146349 10.4004721454962 2.09300512741772
Laonastes_aenigmamus 11.758915747259 -9.1331606106332 -6.52165879151028 -6.60167547901555 8.29536282535731 8.40894012296381 -6.60366888166374
Lasiorhinus_latifrons 19.0811587913457 41.416713216146 -12.1725091706972 -7.3855425970806 -5.87818356430734 8.578099199003 -2.07306857645456
Lasiurus_intermedius -73.6532632671563 -44.0164660133662 -3.57177947688752 16.2957993558785 8.58344933525703 7.85099549643321 7.99098125529732
Lemmus_lemmus 18.2893609470627 -24.2474786500803 -14.1749576004994 1.68972008212715 9.6698065588285 12.5736968101386 -11.1175107979686
Lemur_catta -37.0356189379934 39.6376106607674 -40.9136323736464 0.634686294551723 -16.276662507476 -0.169653304977842 -1.3533175107254
Leontinia_gaudryi -40.2382499258844 18.339743011948 -20.7569212189321 26.3374635312844 4.02518668415882 4.64258628140195 -1.18312476124981
Lepilemur_mustelinus -12.2119670977506 24.4006486569106 -34.7408600866666 -0.376373235992804 -22.8727819471937 4.38489971901761 -1.6771087069997
Leporillus_conditor 41.7568297619434 12.290727791773 -13.6131272528522 -7.22451720967399 5.17484083706762 20.3588521688339 -6.06338997471131
Leptailurus_serval -20.997556345753 48.9133898014856 -24.573537531055 -15.2023962697898 -4.31524120568041 14.1280023650257 -5.32986496481582
Leptauchenia_sp 40.2249850278984 -7.27829659513858 -9.08112499854752 3.89678165038205 4.39129984243981 1.61971602213502 -5.84848676377585
Leptictis_sp 34.2900496982068 -12.1392224528885 5.38067871329173 4.41245316315906 1.49746684505372 18.9585254849531 -0.185028013866915
Leptocyon_sp 35.8350378530867 10.2160665980756 -18.7636147672036 2.26695949306811 -8.28178779019722 8.91300400270126 -7.72135211011535
Lepus_europaeus 8.87644846498868 38.6055730428059 -26.7437565918974 8.98683896271869 -11.3563315881319 2.26430104530968 -0.403604884885461
Lonchophylla_robusta -43.0193642187831 5.66368248627191 2.10615130920441 2.66962824143276 -21.2261393512172 10.8433270888778 1.83062887750651
Lonchorhina_aurita -55.5012963206906 15.513964564777 -13.917708685158 2.94790931904425 15.3958557897691 14.1278704240738 2.84223501551669
Lophocebus_albigena -44.19402426304 31.1099346324248 -80.9287239352571 -0.490975709209451 1.66935832990075 -1.47637497252999 1.25947943460981
Lophostoma_brasiliense -52.9032015559222 12.3050236814441 -17.1587460603637 -9.7702038484402 9.24680918186556 13.1526078982171 10.092393338692
Lophuromys_sikapusi 14.1446137077915 16.1636148090346 15.6706444268847 -5.10571317639848 2.99175773741563 16.9876722361629 -9.55203845703201
Loris_tardigradus -47.4216369570387 93.0761060954028 -43.6936492093083 -24.5067115931239 -8.88467608526736 3.30262981356404 6.77708615319845
Loxodonta_africana -98.9187207388681 -13.5227744800003 1.46557228202073 3.65453711644852 -15.1488708985834 -1.77221307126959 15.7460245485606
Lycaon_pictus -3.46136455466027 67.1595014999397 -31.9955281881748 -3.85487481559011 -9.89896869116303 7.39789059711507 -2.85428226728715
Lynx_rufus -4.14493690994545 49.350077242973 -33.9300084090985 -12.7230194152607 -5.82848856683203 18.2010606639284 -1.11676471936091
Macaca_fascicularis -35.1767423032902 45.248805403943 -76.1634724101723 1.33658186610902 -1.68791861315417 3.92709954308067 1.11226077855395
Macrophyllum_macrophyllum -55.7907978272752 1.02579471666293 -20.1220980061225 -3.94150196551322 0.158303284909837 8.05578732004105 2.11619077228006
Macropus_giganteus 21.048716484638 8.6074113864315 -15.2840859017363 2.0012238565945 -26.2505066750742 6.32246975855524 -3.5110283989654
Macrotarsomys_bastardi 35.0112608997865 -8.42504915593612 -3.06693339066634 -9.49646172282064 7.4174521724954 21.3954929479847 -3.01660538755718
Macrotis_lagotis 43.1339664632049 20.7896812334143 20.2568105266462 -8.98599903971634 -2.59556907610521 3.46614782081537 1.41215701732163
Macrotus_waterhousii -55.2319785209939 -8.49508787215194 -9.09732404869075 -9.45791664661663 -5.94476840531971 8.19222186441268 6.4765567387617
Mandrillus_sphinx -44.0617393646159 26.4155152834929 -80.190250944878 4.33358274919972 4.52204080277524 4.47451936392531 -0.647873010011536
Manis_javanica -52.6027517201541 -45.3999090822853 36.5292200355786 2.59599681025575 -1.19375209571358 13.0063406258591 -5.43040876514957
Marmota_caudata 22.7935625554031 23.1812080587145 -24.8926110462538 -5.43768431862957 -14.5690750622983 7.29732876390246 -3.64790144001533
Megacerops_coloradensis -57.422647172703 39.0137637956655 -5.65033716629528 16.3620160370216 10.381602387678 13.9340102391166 -3.47780530783757
Megaderma_spasma -39.2241222052206 -4.9585704477726 -23.4313945214161 -7.5095568747192 -4.98204743078631 10.4550377818881 -10.4232924446453
Megaladapis_madagascariensis 72.4796653828553 36.1292856593173 -41.4568499900021 1.72840632013491 21.1896996030145 24.4254765613874 5.65406888234601
Megalagus_turgidus 39.781516707877 28.2765160951519 -11.9151124747074 -4.48813331009465 6.78316618187948 1.20695086965401 4.03133870087139
Megalonyx_jeffersonii -72.5384178917962 46.5569422892497 -8.67076479156313 24.2254380559671 9.73187744256378 8.98357782875751 11.3068517316393
Megatherium_americanum -64.0042444180713 32.9834712337097 -9.38669939844666 12.5352325343798 -4.1373396586871 7.40585427904051 3.15280822725138
Mellivora_capensis 5.28768136975466 23.0925218700795 -23.0333486765349 14.8381783124235 -8.65716650168599 9.01842976818735 -12.6873514441297
Mephitis_mephitis 56.1890798684174 61.5501262366494 8.59798514044386 -1.71964164483777 6.65708597854344 34.4279818724606 -15.5468238187957
Meriones_libycus 32.2417037225533 17.9670758747761 -12.9406181333838 -0.728653582183925 -0.627419287406137 19.4712466510958 -13.6346952516403
Merychippus_severus -18.0406595230073 48.6934839947359 -18.8837526755675 21.5426150701801 7.24287027384702 18.9781247502323 6.35394292219366
Merycochoerus_proprius -7.12980739756785 12.1559811138477 -19.4154713787084 1.18349862247341 -1.3369856553617 7.31978974170786 1.47598340952857
Mesatirhinus_junius -55.4317879892703 -37.9838049393302 3.36100748679322 6.07605978418118 -3.59895256793343 0.813256109704064 -0.396950124121975
Mesogaulus_paniensis 7.03158636530981 -12.8289189332008 -6.85964062936729 -3.42046295843873 0.782460921210135 6.07677059942053 -2.82049812328197
Mesohippus_bairdi -9.37259418700392 31.1310252490113 -25.9506780753512 1.00170362979969 -11.7159701183291 18.103996749505 2.54653987294324
Microcebus_murinus 10.0741173480707 49.0045542138254 -22.8370448989717 -15.1261776444675 -8.52265831619448 12.4207216571872 2.11936511884712
Microchoerus_erinaceus 18.4553056705882 30.7556375109341 -37.5870923626806 -11.4146984166668 -4.48324567040961 11.0217849330031 3.88863092519497
Microgale_drouhardi -18.6642856179826 12.6351281054251 39.6866824544387 -4.76226746042954 14.6859954830065 11.0429356130554 0.905636485861085
Micromys_minutus 5.81473907424427 25.7615590905637 -3.00412824134715 -3.04603044898739 4.42356074257282 17.542763341762 -6.00596675343699
Micronycteris_hirsuta -27.6651068751563 34.5357001676163 4.67133641610382 -8.42275668453291 -6.96356958141635 4.12192411707493 10.1264981624239
Micropteropus_pusillus -5.59935864368816 2.12319739053885 -1.14008115569667 -18.6401589774772 -5.61885241190702 20.4522008250874 -9.47102431056709
Microsyops_annectens 19.7945291870397 -15.7742059541749 2.91044070490497 12.0036664747504 0.418719573399541 0.302587002970024 -2.78433287150024
Microtus_yuldaschi 28.4635354797247 -26.5855001534283 -12.4862003229912 1.60360392902757 7.82611375463532 1.50967498585116 -11.5381124977825
Miniopterus_schreibersii -53.6224160930782 -0.831158024397079 -8.52991178588005 7.4190034661718 8.8834799189475 8.65419195536687 5.54309743373398
Mirza_coquereli 4.67406519215585 55.8921040379642 -23.6776676501808 -2.74383685421015 -4.45157280627524 6.95227410365457 0.0658585568783769
Mixtotherium_sp -33.8119658317768 -13.806524292378 2.2361764560582 19.5659618116387 -2.50882662846345 -0.455266385378893 -3.33458307693227
Molossus_molossus -62.3555588742235 -24.0905631080728 -6.03657456848729 6.05534324859956 -3.63362865847872 19.5059425712708 4.29871639656529
Monodelphis_domestica 55.3408638260146 -31.636540574372 8.8565012977267 -16.7355420425785 -1.01048464089761 14.4111477392156 3.87306966708847
Monodon_monoceros -136.846146022172 -7.88391370425011 -73.1866542649093 -12.3090973220679 25.7936634975148 0.400287099140798 10.5511572408477
Mops_thersites -37.5698802675619 -6.23518835905315 -1.59697724858312 8.59882967637601 11.7508089174673 10.8053242107263 -3.782356730516
Mormoops_megalophylla -122.411173446169 -4.61617174196413 21.4302185734644 -1.83099777391177 24.5796572390855 40.5757198272372 -11.4833514813562
Mouillacitherium_elegans 25.4893925630097 11.8230194629967 5.37565929480822 -17.8794682109456 -8.49847348696689 11.5621116639786 2.56678101012719
Murina_cyclotis -70.9345932473285 45.7223529392416 21.2951244132288 5.28386225290789 4.83243430369979 28.1828049666755 1.54569535861209
Mus_musculus 33.8939427458506 2.46059352869858 -0.481708056596062 -0.974510683922808 10.0652819637506 16.1028052155054 -6.51198252875869
Muscardinus_avellanarius 9.78022796741674 37.1808332338571 -9.16421107769721 -14.3708066444108 -1.59148351205601 26.9434605110362 -0.96718205050085
Mustela_nivalis 29.9781330633716 -3.30373349482933 -13.7907068158323 4.51449300675884 -18.3171336698709 23.2698492960339 -8.89083789763329
Mylodon_sp -102.230199961332 46.9804273442229 8.27225642877906 9.42348189351322 -10.0584244072986 -0.592058491386704 -7.26708043848967
Myocastor_coypus 42.9447028130014 -13.9432280020356 -19.7006136944293 5.02632370006519 -2.61209310866857 10.4608457406182 6.57546309897817
Myosciurus_pumilio -19.5449433928983 53.5278092899372 11.1313147078401 1.99084138981779 -6.80644237237791 5.05033326186849 -4.89120503435874
Myospalax_myospalax -21.2828226700506 -1.43772199576106 -4.65427097466473 -5.24015893960279 8.44237812531556 13.5205205492903 -7.46840089970954
Myotis_adversus -70.0429884970358 24.0730452614505 0.494361736627106 8.162525047867 5.75604390518253 19.4670440383276 -8.96177710080268
Myrmecobius_fasciatus 8.44674287148694 32.6195646885877 15.0804369023149 -8.32207431797434 -11.1025426596299 2.31134704995546 -1.8793101259161
Myrmecophaga_tridactyla 43.4931509612374 -23.2830853476994 9.42841513074263 8.10213181744042 -27.3744541332878 3.00461007090427 -3.90706702109277
Mysateles_prehensilis 36.4858239863005 -2.8615881087703 -21.1581306265394 0.677969882040428 -4.25904115029056 14.1534975925548 -7.28119092287572
Mystacina_tuberculata -83.4808527072736 5.83717894739555 12.6325152593149 15.9598233979444 1.91836229564279 13.1904679388964 1.80588551188612
Myzopoda_aurita -65.5134650395548 -13.9363830941824 -15.7969580029657 0.707173681115927 11.4922824232156 9.74982931780341 -0.0103359754589486
Nandinia_binotata 41.5548018165974 47.1587820233708 -22.7445666307131 -8.78004351146119 -10.2743219576501 17.747286212742 -3.12564701171894
Nannospalax_leucodon -4.21825927104951 -2.93463780851702 -10.8037915676637 -10.768137861668 -6.13838431491213 20.0626018788696 -13.061597298315
Nasalis_larvatus -24.8847995491689 34.624834805852 -74.0848832997147 3.65083638044089 -4.06154095065222 7.2949158264092 1.33362960264524
Nasua_nasua 7.01555069823998 66.2962392192035 -23.498476785677 1.89266322406249 -8.50487438016414 9.54400622744556 -0.807473450631986
Neacomys_spinosus 1.85064476042451 10.7268517305172 0.843290849016375 -5.66981761041727 3.50874388093235 20.646393871807 -12.2993809060406
Necrolemur_antiquus -3.78255167908358 49.6704714574783 -38.7465707520954 -14.9706652245324 -3.16138709582104 4.84714127100971 7.70468296032682
Neofiber_alleni 27.3282041689176 -5.89506356826857 -6.30382787653024 -10.8280060281896 5.1257706527353 17.7138744426617 -11.5019266252112
Neohelos_stirtoni 24.0113381483427 -24.632778889138 -8.10738273342413 3.98927048873227 -4.73374017912523 19.5523666479903 -10.3894535354976
Neomonachus_tropicalis -72.7597872534044 -33.1919494463908 -51.7904470757916 4.22600320831817 -3.27026571006395 27.5114990275116 2.70418418378376
Neomys_fodiens -60.4448707344025 -14.1026221572965 21.2034677624666 -6.65681679626954 1.23680537926542 11.3751066511053 5.28546569101938
Neotoma_lepida 14.1468615311318 27.2962464752259 -5.55764171093911 -4.16799651496522 2.44084058912424 16.4375169532229 -7.14670896619914
Nesodon_imbricatus -10.0760338058214 2.477697552059 -29.0674351046125 -5.60523030709135 4.82607861422415 18.7765513554744 -9.85147553718057
Nimbacinus_dicksoni 72.9445752510581 -28.6854816575197 14.6485410105073 -5.42713415381292 1.76954189445781 4.4638068440272 2.37898938961785
Nimbadon_lavarackorum 47.9194148932234 27.723308434944 -2.06571003638696 -0.698728269222497 -1.50778452595964 8.40626131094318 -2.37289816458593
Niviventer_rapit 20.372264964714 13.592427708296 0.754459527625397 -6.54344946177686 3.39015018857971 20.2042542469331 -12.3054023094302
Noctilio_albiventris -94.9233590541816 -21.4503505177669 -6.60443057048127 11.4995498116969 0.693102962820447 14.0813055113773 4.02110304483845
Notharctus_tenebrosus -12.7414615446442 -21.9269046968023 -26.6007738533815 -5.39431135090264 -14.1151244488527 0.0513391357422926 4.86889626667927
Nothrotheriops_shastensis -58.8270208144415 36.9872723955092 -9.79612493852499 13.6149362650391 -2.2689341499644 17.1169997070134 -1.26343475883843
Notoryctes_typhlops -53.4510942960587 -4.65882520780729 42.7949215570555 -22.6004473338922 6.32274948424644 4.69596877676645 11.9192138417471
Nycteris_thebaica -57.8829057934042 53.332655122662 -29.5292816603507 3.71737085895734 14.3791605000175 4.35078275844948 -5.67985183949883
Nycticeius_humeralis -75.3799126195282 -28.8611601103858 3.82576250539009 7.96556686808095 13.2625203441572 12.7401170664277 -7.69430233109025
Nyctiellus_lepidus -25.7724433749733 11.6056805965174 -7.15930237395309 -0.0680202204463556 19.1370745660384 1.56991443261697 -1.0128717272
Nyctimene_rabori 17.0273846517554 52.9758086152436 6.74436696823817 -16.7436410635079 -8.38177291461085 31.0113594616557 -14.869639409471
Obdurodon_dicksoni 16.3615823896154 15.5141441795619 -22.0960228192196 -5.62833119031482 -10.526404890087 0.958775536612146 -1.58860286804783
Ochotona_alpina 43.1959214200342 3.06151959013972 -30.1119657809978 2.37382028626032 -3.61652980066078 4.10407738843944 -7.97424304621775
Ochrotomys_nuttalli 13.6831262002383 7.96300156490249 5.35808711173015 -7.2098377137007 3.89785920547488 18.8344665084938 -8.09921609565893
Octodon_degus 30.5025815903395 4.16460938061242 -11.8057427485819 1.04814849393297 0.150085906903805 11.0172840611428 -9.21469010645313
Odobenus_rosmarus -123.738453732433 -24.5588213396628 -37.1644880710928 -21.8207890208422 -2.76723342334955 24.8618931862256 2.29674152323245
Odocoileus_hemionus -12.7164650561468 51.0643089284689 -23.6357375550825 19.5856301470511 -17.5027808143555 10.3440604567725 0.950548394005747
Okapia_johnstoni -30.6636369874172 -3.7766101353149 -29.6310015746798 20.5168414610964 -10.3120002227551 33.7939230226712 11.2956038997147
Oligoryzomys_flavescens -10.5480222594493 24.8116127431515 -1.21723442912487 -14.1557733110966 1.80834505425591 18.3905624847996 -10.3807207713714
Orcaella_heinsohni -113.3410540857 -35.8336293717418 -72.132563825805 -8.80822089163905 17.3280224336839 -2.61712304916479 6.81433158310485
Ornithorhynchus_anatinus 0.0420900546330575 2.75511668886961 -23.3477771153175 9.4605723684487 -10.5486027585844 3.7561117154653 -2.13507388097549
Orycteropus_afer 38.3505805559911 16.5406250044078 2.13203376069649 4.31156642995265 -6.23514424591797 -0.727323110661241 0.31335254127255
Oryctolagus_cuniculus 13.0024076414328 30.4980359528707 -46.6130204408877 14.1985352099341 -9.42423395981108 -12.372502643705 15.4539832781222
Otolemur_garnettii 0.141585148964151 63.4959725914889 -37.440821127103 -9.99281308178725 -15.6656556398457 3.5982310141192 6.00300530234587
Otospermophilus_variegatus 41.1698178153821 8.72486405013369 -16.072686456142 -1.43830500749199 -9.56230783475339 10.0883999002236 -6.9318680901504
Oxydactylus_sp 5.86643409822084 32.9024693328283 -26.5714987251538 16.2626799562079 -4.31878460776061 3.33894574670662 1.74583282048076
Palaeolama_sp -25.1881530535716 -17.9793635786863 9.50115778090029 27.2290913564214 -0.0876490533532488 5.05164205830028 -3.56959905447839
Palaeosyops_sp -27.0671057252928 -25.9866604778188 -20.0304343349839 1.7662844390814 6.21085557357958 6.13593580020604 4.6157529594894
Pan_troglodytes -94.0949105062036 41.1762861893488 -76.8450497232674 -15.3939412520152 6.45775116994211 1.71354398058225 3.63330522179985
Panthera_pardus 8.87613322952711 31.7316311774033 -33.4204443717714 -6.18667869948434 -1.36790797818496 17.5943786446169 3.06406623675197
Papio_hamadryas -48.2548921510248 16.548149808623 -77.1114534423159 -5.93333341387204 -4.69791922847017 0.998202007567542 0.478891845471157
Paracynarctus_sinclairi 33.8237308977781 33.72607258805 -19.3330039750858 -7.57839999488569 -5.846833602694 12.7074558366093 -10.7813952307916
Paramylodon_harlani -58.9665091668908 6.57659928661088 -21.4535299425019 15.061830802737 -5.81628508125081 9.73610231541047 3.30532739829034
Paramys_delicatus 42.5520249442822 -21.769197572716 -7.14387408826558 -1.31723941358412 -0.501390078858866 10.3172918999487 -8.90384896416082
Parapithecus_grangeri 16.0807529622699 38.4532303626184 -50.5700426715599 1.0022835053789 -5.22875026884586 4.303659950051 6.06558652989758
Patriomanis_americana -48.6131766004136 -47.5669773252783 55.3846613853898 -20.6123579111573 -14.9751797392474 13.1592361812299 -14.0460795158736
Pedetes_capensis -12.6153004796573 39.3256775827149 -22.1674224734592 -5.05712679405768 -4.26775585301232 24.1925684945283 -2.8769041430602
Pekania_pennanti 37.1334072922235 36.8300313861526 -21.0670138939435 3.44157009608956 -11.9863268556429 19.1030371362066 -4.04224724713329
Perameles_bougainville 17.1234644539572 34.4452584718534 28.9429898080888 -19.1935223798993 -3.67623471684648 7.90541145735873 -5.8186106474918
Peromyscus_polionotus 20.5849012083927 2.47130241822701 4.78129485561848 -10.9235149922446 5.63079588851751 18.8700279319522 -10.5020006725354
Petaurista_leucogenys 21.8585279963594 29.1111296635751 -33.1489771977351 -4.02315367629495 -5.58366707786248 11.3954849794789 -1.95253445341869
Petauroides_volans 6.53849697526887 -1.09291465819879 -6.52357284319354 -6.81383269373104 -13.5553406863866 13.1696746863355 -6.32480788904097
Petaurus_australis -3.80058900715569 8.32192153690747 -2.05414740691226 -10.4917364402775 -19.7379911131641 11.4273878491654 -4.4414515522085
Petinomys_setosus 31.5461996718051 39.2053618784331 -16.1693971987377 -5.87933504353954 -1.77700646435543 16.606832795919 -7.46015840099869
Petromus_typicus 18.593030106993 -8.13735263143029 -14.8285701044509 0.472240036470456 4.86016159588993 2.34386619759551 -5.30977144597404
Phacochoerus_africanus -102.18578105079 41.8682472443657 -19.0955836416386 -0.143072971934946 -7.0466471015462 -12.8795055779477 12.5127491083868
Phalanger_orientalis 49.4592882154451 13.3587733345904 -9.87108828022225 -11.5564257155681 -7.41243093376832 15.788291534944 -4.57848042807905
Phascogale_tapoatafa 33.1511700960325 34.6932206027189 17.9487692888402 -7.52670917311451 -3.31743840301104 4.17335352542589 -3.49521997854479
Phascolarctos_cinereus 8.36330332196468 21.5388380625413 -16.2871344466333 -3.15598944295608 -26.0946765214661 26.0103558975898 -1.0759952598273
Phenacodus_primaevus -25.8552332380378 -35.9732630056359 -14.2876000831451 -1.34474389997084 -4.34324471400828 -8.6867459313627 5.47985479719155
Philander_opossum 65.9133435594041 33.2224498600305 18.3105416428653 -17.5598649867097 9.86360028657143 13.7901486299575 -4.58776713826095
Phocoena_phocoena -165.000270604849 -35.203790872936 -72.1203830938594 -20.4591867287611 27.8432582087958 -8.15937057510127 9.26384951136457
Phyllostomus_hastatus -43.9236670485629 -4.13383721607426 -3.85581553990134 -8.55311517912919 -32.8499797150437 0.878470362795869 5.47374285854653
Pipistrellus_hesperus -57.9585001593477 -44.1122062898073 0.569093019475992 14.0739325082188 10.1460792595205 6.28946801675911 -5.11881406097591
Pithecia_pithecia -52.1593211992966 54.4580390725736 -74.2276450390773 2.84432509656957 8.54584181933261 0.783695149602634 2.08485572735497
Planigale_ingrami 4.53091348288502 -30.3803541874437 23.1510867395605 -1.49657215693844 4.97968209346869 6.81776197162023 -10.7227905035688
Platacanthomys_lasiurus -2.55326406560252 10.9592884886969 2.45990807431985 -8.76755382188208 1.96465195640595 15.5342424540939 -6.12908434208283
Platygonus_compressus -81.155092467565 42.1862575305403 -22.1198387251648 6.81920252107311 -11.156565155379 -13.8841829352819 12.5607931438498
Plionictis_sp 40.0471427287872 19.7716477929297 -14.4931352671745 -6.55711373368629 -14.28241024305 20.6162049325437 -12.7271824442782
Pongo_abelii -157.940001811027 54.1047598216555 -85.2891489831288 -26.255012748498 23.1654506723542 -0.766234866716726 12.961887262073
Pontoporia_blainvillei -109.718000154591 -29.8160047122397 -76.4866874255557 -10.1748070774809 15.1355998853195 -2.26975430275165 3.5829121817379
Potamogale_velox -11.4067877018671 -25.4845828260215 -9.5475758515386 -5.83632067898187 0.624804594191469 19.7164570918388 -4.70226760882502
Potorous_tridactylus 9.34394351798428 57.9846071957853 13.3168730979928 -11.2967388380221 -19.837507549241 7.91721411178912 -7.01554289858632
Prionodon_linsang 35.9119940736056 9.02246443586244 -26.1277756548663 -5.69406194011437 -7.49746778345515 19.0519988382171 -5.83694927356451
Procavia_capensis -5.47852053133797 15.7798050038094 -29.791171677305 3.16731649178314 -20.4095573527343 9.88380283494562 -12.9173227997548
Procyon_lotor 13.6430497280545 51.7195833509025 -22.1114116160774 -0.780528229732221 -5.61733060119162 12.9726832221985 -4.84992145228962
Promartes_olcotti 4.71684741043512 62.2031460843469 -9.70559356146686 -11.424540204862 -2.25826516106639 25.2360299041629 -3.42828307763673
Prometheomys_schaposchnikowi 17.5843973178545 20.8725902503035 -7.1456761816532 -10.1570296606391 3.51497050158236 16.6680188558074 -7.98047068980286
Pronolagus_randensis 38.0210389977009 20.4449325923435 -36.7535802683246 -1.05320787428218 -9.34446879364842 -1.04835963726137 -5.13543314755228
Propithecus_verreauxi -67.9186033149373 58.1933536682486 -46.5180165121981 0.516488153990365 -0.129904633478675 4.51703596050403 2.18271705513627
Proscelidodon_patrius -54.2836617216787 28.3054245015084 -1.61939138498375 24.3132042242191 -6.99581921400195 9.35593822694885 8.04556026622299
Prospaniomys_priscus 21.3518107244201 -28.2476489245479 -15.2160441654746 -1.35075716793337 -5.7262520363338 15.5234159582799 -5.33558407643509
Proteles_cristatus -7.50117970116394 3.29236376186234 -18.9718673727082 -11.7294884235179 -5.68420538962033 15.7162228494784 -2.10349303775872
Proterotherium_cavum 0.720263943221441 18.7183024464785 -36.9204587533948 7.04617468580537 -8.67522034672672 6.56301548859657 -3.05387423481882
Protocetus_atavus 109.916680736249 -15.3756815213816 -51.6717329471453 -29.6819521196836 34.0974888260614 -16.0485596309375 3.25050669513272
Protosciurus_rachelae 36.3237257868479 5.19768162366822 -9.25796228138552 -4.11682054960311 -3.32006122124422 12.3870756096107 -6.93091782829998
Protypotherium_australe 11.6884730882099 28.5976417276652 -15.682360894076 -0.77852712647921 -1.23130430109838 3.07912071602014 -5.09959204795743
Pseudaelurus_validus 58.6198887848022 33.8168157985662 -33.911512952635 -10.2597744366144 -4.91767209836586 8.68155634511833 -2.14140319113576
Pseudhipparion_gratum -40.3727451722383 58.9052174095377 -18.6681420900095 21.5816012552815 -2.83574056251107 9.89037193961095 -3.35444915545497
Pseudocheirus_peregrinus 17.2539181253515 -6.19965276408316 -14.0915182473831 -9.9601990310304 -12.8515630366211 12.7554718796613 -8.43798566703154
Pseudochirops_cupreus 12.3757459639115 20.4773332138598 -17.1360173305406 -4.57115234940165 -2.99787327313036 17.9776742319337 -5.67695531295983
Pseudotomus_horribilis 60.4391344556561 -13.1593162187296 0.832917015267115 -2.22980788471634 3.14998763205088 19.6663531163583 4.59230989804503
Pseudotypotherium_pseudopachygnathum 27.8962650169883 -1.16822391681352 -23.2968173879731 6.34386896447472 6.22373375402633 13.561948668396 -1.18690842007959
Pteromys_volans 8.02697097850871 20.5598080524283 -22.9065306346641 -5.07008139156162 -11.0738901869891 22.2633167881848 -9.18695032787206
Pteropus_giganteus 26.3264589517299 47.7306793480897 -18.0554284513811 -4.41773691437235 -11.0453772543473 14.2364519297872 -4.19676861890765
Ptilocercus_lowii 29.3679840253001 24.871529278046 -0.474861004704195 -0.110406530662267 -9.43801989997628 13.063954081339 -0.688948452159943
Quercygale_angustidens 21.8743576324588 -16.2689078891297 -4.47615832880491 -7.27467069032427 -8.76675308666165 15.6863155988837 -9.23585097042633
Rapamys_atramontis 40.4878004404201 -1.75492599621504 -16.0528507816026 1.55001613821584 -0.795527549359895 3.66764234208513 -6.01700449561689
Redunca_arundinum -33.7294119540726 11.1880823778686 -42.6040054396641 8.63005263916946 -22.8683665611174 3.79208998046409 -1.99793669937046
Rhinolophus_affinis -9.00944519071683 24.2605107197258 -41.2533232103759 11.6589009933955 33.1909710526457 12.3109612936795 0.193091217156043
Rhinophylla_fischerae -38.5777370357835 37.3102796567614 12.4923101717762 -9.74477392617133 -0.158715680025662 7.29052393092059 3.07773031545945
Rhinopithecus_roxellana -66.6440076917862 51.6712523632807 -74.6246534877385 2.62501553303615 9.54865619258347 -0.917215228395653 5.96458453725039
Rhinopoma_hardwickii -9.06970314387638 2.95168688318658 -22.3176008443214 5.00052920370547 17.9435880118635 5.06236286430582 -7.17801349376309
Rhipidomys_fulviventer -2.51779563675788 1.25843632166329 -9.25713196104022 -11.8233237945695 -5.11093632960522 17.4691951795225 -7.69111301162155
Rhizomys_sinensis -1.74314602702942 -43.2429285190591 -8.57140962387415 -5.41838207393411 -1.28551469475483 7.11547376003761 -4.07411529535552
Rhynchocyon_petersi -2.63723882409863 51.8043294744113 17.0891454415635 -8.38048421754188 -9.93907854420879 2.40883561803216 -2.26213666845348
Romerolagus_diazi 52.0459304553389 46.8803814545956 -28.8500892477595 4.17107688147737 -4.12599243173518 6.50581727093481 -0.0354030127058583
Rooneyia_viejaensis -0.592226052388188 42.6448993546264 -38.6196560320788 5.44906314206815 -12.1429150916598 1.73127090843918 3.23877432848387
Rousettus_aegyptiacus 8.49671645022582 44.3013980575316 3.97499813734198 -3.29313969868394 -10.2914823604166 15.7815232330247 -6.55227362004282
Saiga_tatarica -35.1158281213486 24.4503619023483 7.21347825969729 12.9772759612878 -19.5747315333082 19.8082110603881 -2.14753073159022
Saimiri_boliviensis -67.3784613578469 52.0459804537396 -76.9580555985401 -1.78231342432174 3.14410978139971 -2.77283732312341 6.09503431777966
Sarcophilus_harrisii 27.9410583303914 27.0288491208692 29.7063033862506 -12.9844005839156 -3.81262373885738 12.7818763549462 -9.23428242442805
Scalopus_aquaticus -0.0483566082122678 0.679700368624495 1.83565265346646 -1.49821389483633 2.7475571241487 29.2736809035417 -18.1575363151104
Scapteromys_tumidus 30.8731341718202 -4.49436380016521 -0.0806570629724796 -9.74599837686122 3.37293035417933 14.4398611429837 -7.79692834887889
Sciurus_vulgaris -8.34399588668641 15.9241547722449 -9.65544106869627 -4.24740908669821 -14.2171914042557 5.8844840321772 -6.38754664451249
Scotonycteris_zenkeri -16.7472011223813 45.6434934819132 12.5746348557746 -4.87449143393666 -8.9382786123734 16.1174029444988 -16.708035314445
Semnopithecus_entellus -25.4432181847434 29.0058375510253 -67.8610554645474 2.46481806035808 -8.80466203119133 3.46362265801913 -2.56765093418826
Setonix_brachyurus 26.9686632321467 35.1856621254084 -18.3308808156239 -3.6647805513971 -22.0809814798047 9.84388027136013 -4.79847069173216
Sicista_concolor -9.8966688172648 19.287090208071 5.64465039736545 -8.88282019880017 1.56964939276814 17.5817387876576 -13.05861296438
Sigmodon_hispidus 34.6277070383654 -6.544268530371 -8.32397702693602 -22.1667976002487 -1.68069034384871 16.0795466145683 -8.82899010117622
Silvabestius_johnnilandi 47.4886855729408 18.1486782276862 -0.302898853085243 -12.7172600398839 -6.38949465957427 12.3412916871305 -5.45755812168554
Simosthenurus_occidentalis -19.5351240940318 20.2297424782195 -8.13154962904375 7.64955164262437 -3.33210574171309 24.172805885236 2.7656547140668
Smilodectes_gracilis -12.6519717229317 20.6884971069222 -22.0885056330351 2.74748641001656 -7.16443432336487 1.72124179828335 6.89981069268192
Smilodon_fatalis -54.4508288409262 -5.48444783625837 -28.222908196419 -0.342245230969328 -1.31484478270015 15.8826384685801 -8.32074632180076
Sminthopsis_macroura 15.4694126109524 1.17539359864099 18.6338733557775 -16.2715691324798 5.17797384118656 12.4726546125541 -8.65483091109817
Smutsia_gigantea -69.8817137710434 -30.7546043995771 0.420853408614625 5.63633977994494 -14.642097907597 17.4949315022057 7.07674859575538
Solenodon_paradoxus 38.2618902704604 9.23246135160198 28.9219839505177 -3.08712450887467 -3.12555581253959 3.54225488683335 -1.68233308883544
Sorex_araneus -32.6218464622503 26.2809884730766 35.8127667168755 -5.19609419070139 0.397270276702841 10.9978780684754 4.83025766171169
Spalacopus_cyanus -13.9583539065893 -9.76767491976122 4.07893610527249 -2.70451773098635 7.43474992806135 26.7680161063115 -19.3728739073755
Speothos_pacivorus 6.09639304626889 42.3693595930128 -27.2843596093053 -1.26211542379428 -10.5448334102129 16.027912454931 -9.29793264341076
Steatomys_pratensis 19.8344284544527 -0.691571935717222 6.38612444773707 -0.82725105379285 18.1935790345174 18.9026655558636 -10.9775376242474
Sturnira_ludovici -46.4523167316182 28.6812592096208 8.8799369172728 -14.7197379098331 -11.983851961519 2.65502800140691 2.60771352006752
Suncus_murinus -15.9808525170628 -25.0724925728165 43.3273727072554 -8.22711195569311 -2.80588534740986 7.91073903530485 -0.827476575269483
Sundamys_muelleri 29.4631381813504 8.66844623303185 -4.07984155645759 -16.4222530904871 2.31338175609366 20.4525169522472 -7.09663342950221
Sundasciurus_juvencus -4.7144790121979 48.9361509758843 -3.13483332778155 -7.24915842575999 -13.9242385988786 2.05909484078342 -5.46889728995221
Sus_scrofa -76.3857542015499 54.0373981432563 -20.6870699840079 -6.14168968204832 -14.1036793949293 -10.8441905497133 7.42874017885366
Sylvilagus_bachmani 9.04335513533317 53.1686620914462 -27.5294754890785 5.08005504347727 -10.6318531844558 0.50024527132557 -2.53051634374129
Tachyglossus_aculeatus -70.6577022282282 -28.188869531792 -5.79339499258847 12.340460438314 -22.5262007882166 -18.4195986778422 9.56953789530973
Tachyoryctes_splendens 0.715199936142436 -43.9290255093294 -6.348182489441 -8.77516106758585 5.72032589508138 14.1115188040247 -11.9231413040649
Tadarida_brasiliensis -54.7128694892519 -13.7730228989425 -2.68975051846576 7.45409940149832 3.61967969247695 15.6808010122352 -2.08535046611528
Talpa_europaea -23.1989113945007 25.6577160750469 27.1609576665108 -0.778188600828919 -6.52547215217548 -0.946659392603984 1.12883870676079
Tamandua_sp 24.2463611348921 -9.26045549848817 -1.09864428913183 13.2898571876088 -20.3800954739864 8.37282891559768 -7.80900440725331
Tamias_striatus 38.4395489107524 21.8144235523714 -13.2209255503515 -4.4817157007089 -5.71251843182069 11.883234925355 -8.50810602370299
Taphozous_melanopogon -60.4449662778144 -30.0080970549472 -12.6931287160352 13.1680094241179 2.10430231923821 1.60517748935939 -10.8910440665811
Tapirus_terrestris -53.91991237691 -15.5816726860431 -20.9296651479977 20.3042269624068 -8.3084954149412 25.4581333609722 0.956628967883413
Tarsipes_rostratus -3.30585871395918 -36.9383133790301 -6.07234639792952 -22.8015021003958 11.4082875370455 10.6429973142763 -7.61003078595583
Tarsius_tarsier -39.4086912785516 54.2218787752373 -55.4097938686312 -17.4571253410604 0.32947040249312 7.08927496228223 3.56966518343636
Tayassu_pecari -71.070069487822 45.473687071099 -27.1204536755066 7.26248773623769 -11.0005372913849 -9.44870785641999 9.47096933136299
Tenrec_ecaudatus -13.5403931453814 -7.35538968839212 45.2536457269654 -28.1724091111109 -6.63064107656999 -0.467969487624805 8.7106734977869
Thalassocnus_natans -17.4604183730511 30.5038983520897 0.51828452828152 21.6927620231913 -11.9495520452424 23.840047748778 1.50271354755709
Theropithecus_gelada -54.8483913111069 41.1728488043883 -80.1596967373728 0.296399701734269 4.6695737232514 1.43724282432819 2.93500379368302
Thryonomys_swinderianus -3.23724192883818 -33.7051465612985 -31.5199785676084 -14.0120196436596 -0.643628929151146 15.5354697501797 -3.33336347006972
Thylacinus_cynocephalus 26.0185186520073 -7.94391654701073 -28.8437848769723 -14.6731508839799 -0.122711585958596 14.7819716192963 -5.6725706102363
Thylacoleo_carnifex -17.0765512367673 4.25614914697425 10.0212546049985 -2.73443565097759 -13.7247006696914 21.2965254293711 -7.55388503326966
Thylogale_stigmatica 14.7233906097391 32.8337123839676 -12.1020419257375 -6.33915442744005 -24.1147903463995 8.4226286410081 -10.2401433680312
Thyroptera_tricolor -67.3469346019005 -6.18312591309621 -21.5595449537297 -7.36380079264807 10.2904590848792 14.4611854661721 4.04886778088063
Titanoides_primaevus 33.2040035771481 -14.3112588620506 5.15627249440724 -6.28088052166119 1.26685954298833 3.48289642921518 -3.12922817380628
Tomopeas_ravus -65.1219716132869 -8.23088841618053 -8.4367805308882 14.6602482805475 13.5522378908018 5.80443758981913 -4.01411209377176
Tragelaphus_scriptus -26.8201418781309 40.2621185673258 -39.824176218812 17.6115174201022 -12.5143825668548 8.56628637775091 -6.20702002846497
Trichechus_senegalensis -162.443489913028 -5.15229438000455 -13.2614399338813 -16.4059623070519 -3.48129931426401 44.8326700778901 3.94032331021298
Trichosurus_vulpecula 20.9079498965518 29.2471316483645 -11.8337500816769 -10.6921118077477 -11.4448406660782 14.7499615339179 -4.44717038667919
Trinomys_iheringi 12.8744004700307 13.7370275636162 5.07406646459521 -3.53218260515904 5.6349607121078 27.4065555464889 -15.9560686794211
Trogosus_hillsii 12.9646455729375 20.25935590519 18.9034817585841 6.46905443427567 10.8620693350766 -2.77644147921691 -11.7319793235482
Tupaia_belangeri 26.7456088336263 43.3846778858467 -4.70260589700457 -5.96318446988803 -14.3609825535961 6.80428898202417 -2.37816713345794
Tylomys_nudicaudus 14.1575598097843 21.9265865897448 -6.32510025265556 0.624188010022609 1.09578709911083 18.0510194274358 -9.79439152394946
Typotheriopsis_sp 13.9893478656066 -30.6138704608928 -43.7420043188303 -2.03590509465125 -11.5662409101453 8.13544638450756 -0.108736021859114
Uintatherium_anceps -7.52716234581324 29.9237521122711 3.14775183235533 -28.3578524253545 13.5683798670823 11.6346304665822 -7.55293890539128
Urocitellus_columbianus 15.5228036851596 35.3276058788312 -17.4855344571213 -11.9633704526783 -9.92075122670429 7.0993689467268 -4.21479915494956
Urocyon_littoralis 1.9197787411218 57.421656412596 -30.6993086257541 -8.25972130793265 -19.4470111902619 16.9850176088231 -13.0744466717992
Uromys_caudimaculatus 48.1645219404436 -1.04487699816722 -1.88968518104394 -7.52829633627266 -1.84136668268346 18.6366785425892 -7.84534438090164
Uropsilus_gracilis -53.423587329285 30.3163220137472 30.3640041214646 -14.3463227972939 6.17478902006437 6.6516630832759 0.350966756719357
Ursus_arctos 22.0484327715963 17.6226382692582 -30.7093697872213 4.30989635283903 -8.42493954436337 10.4702913014991 3.31736197954218
Ustatochoerus_profectus -64.1035980257895 2.18492712066351 -24.6103864267958 -13.2640009087925 -4.32776386840641 4.65175842413715 -0.436799077731632
Vampyrum_spectrum -8.93641098586265 12.4282070386005 -7.57798912175633 -11.4868751008073 -4.24453847082722 12.839116061169 1.6805416149588
Vandeleuria_oleracea 8.34605986495922 17.4650969505717 -8.03416157657327 -16.4116202373409 -8.30118130384467 18.8142760630499 -13.7564371941974
Varecia_variegata -35.5705458403723 30.953911378805 -28.956510363979 2.73881182117371 -17.0952059202679 4.75031604045762 -4.87043725198182
Vombatus_ursinus -9.79781371696498 8.4725524032016 -7.25944666298107 1.15956379109944 -11.2910826637785 15.1324761315283 -3.15553433161059
Vulpes_lagopus 11.3030295194085 71.7432684105523 -15.7045281193175 -11.4677326289869 -16.3518534062555 19.7345778482388 -13.5027145948591
Wallabia_bicolor 33.4410309144885 8.56743560484918 -6.63726928414299 0.737830685975209 -23.9064978218156 12.4187408793153 -10.2930004275514
Yalkaparidon_coheni 9.56559195973606 35.7693865786283 32.5058847027252 -15.6542828295803 4.74678232248297 19.3681052404215 -11.9231775233857
Zaglossus_bartoni -78.8305040478345 -9.56968869590824 7.17047104258322 7.8682008668011 -18.9811350747224 -17.5092342781971 2.33716713820952
Zalophus_californianus -39.9036726659221 -6.58702372188728 -44.8341409203009 3.38159189691451 -15.1450839475805 22.1719475143125 -5.43009759280379
Zapus_hudsonius -6.82736360447125 24.6856996094525 10.3117708192139 -14.2449989963437 0.0388750247147913 19.9349316031855 -15.59533745981
Zenkerella_insignis 33.853739486079 35.1087842796187 -13.2419878774319 -3.96061581173666 5.84813114603643 27.4273343246613 -16.11057856422
Zodiolestes_daimonedlixensis 37.0703618530819 -16.0480131362563 3.22590877140733 12.8707236857902 6.818396387942 21.1460847825042 -3.92180526793518
Zygodontomys_brevicauda 10.7980537430098 4.56504894903738 11.625712071543 -10.811778301981 8.21129236758498 17.4126068328164 -9.82072704199147
Zygomaturus_trilobus -5.27666273514848 24.4063062229375 -8.17195118978849 25.2004845393986 -9.52515945038281 11.9522625593016 -7.77217482842131
