Abrocoma_cinerea -32.0823336565662 -51.2134002107202 -21.3135586656959 -25.0572762551877 -7.86923350640886 7.00013172071233 8.29303767143672 -12.6157745442778 10.9371213247614
Abrothrix_olivacea 49.1736528787095 -3.03821342897321 3.22956528352777 0.469375655613035 -3.18539825184455 10.0703974401519 6.59750351128825 2.62882920029055 -9.52910600202461
Acinonyx_jubatus 15.0852855659022 1.01205012826444 29.0236895453306 -9.97667982091143 -10.9499281682612 -10.49776696753 -8.37275874494052 0.668343487450939 -1.60398408457197
Acomys_cahirinus 31.4106223285104 -25.0520518177182 -13.2128243583839 -4.02461675675343 12.682314116201 3.8609215527108 8.90171955947256 -4.89834790713368 -0.335570706581326
Acrobates_pygmaeus 28.9506337806944 -13.6878941419188 13.1319145454355 6.42676288733472 0.770911550644066 -22.8458053003312 4.18308081283906 0.968806841188072 -3.53760929241599
Adapis_parisiensis -9.87004413650621 -8.1859852603233 -1.20333453033583 -23.0545818700139 -3.60526286085504 10.4973982091657 -5.504612064257 -7.70681643631884 6.61284835824946
Adinotherium_ovinum -62.0298613127157 -70.2181123211295 -16.7660607215583 6.87035167999476 -8.18164669239352 -1.04061326435537 -11.8716601751276 -19.7727894280258 -10.0986546205638
Aenocyon_dirus 2.04579339634079 26.0186223370468 0.684639264835307 -26.2571043044313 -10.331674228014 -6.59630851517918 -15.5446482295977 -4.87970448407226 -8.08587314795052
Aepeomys_lugens 54.5900027719836 -11.8516989191907 4.24781551541288 -0.187572411221602 0.84219743695929 0.858072534345083 4.31647893821906 -1.04941251381921 -5.93138044534448
Aethalops_alecto 11.3640913756739 -24.6431812573159 -13.2113045345717 1.05524963163539 8.10803553990329 0.829599446298885 0.294460626477729 -10.2824209397673 -2.32374275820172
Agriochoerus_sp -83.5905856733443 10.9404280809825 -5.15881948041634 -19.5325321044978 2.68743626482125 -10.4387232001909 11.6456761096195 -8.11296072664202 7.99645308850333
Ailuropoda_melanoleuca 26.1844515911688 -4.67269086939309 17.5704650510736 -39.5057159897114 8.03016674928756 -11.0514860064224 -13.5444315065799 8.48538957063404 -5.26994986586355
Ailurus_fulgens 39.5266444939744 1.08993504965479 -13.0015880347166 -44.2734568105194 6.1318168756429 -9.07808657431554 -12.9274766142115 0.187701294689216 6.36770958866473
Albacetus_salvifactus 27.950418737477 76.0772852139242 0.627974534531012 28.8489728094997 -3.36607535498968 -16.7244835195699 -13.9865104504165 -7.99852419727296 3.46567474469227
Alcelaphus_buselaphus -40.7328241009757 -38.3305765802805 23.9444711168591 -14.4731538506556 16.4059308199451 -18.5579344270607 -15.9287332775204 -0.755139357279973 7.18295804397358
Alces_alces 3.55580687527524 -36.357881347749 -4.88672869163002 -17.4666389563981 3.71430555260947 -13.6227047746722 0.260269371517335 1.37364090143264 -0.920260160486573
Alouatta_palliata 84.6328062702734 16.5159974194519 -4.40915168895271 -43.5247421618385 -3.27092619979139 -5.27977333679646 -11.5542509035464 2.96104411336752 -1.75164483396348
Alticola_argentatus 4.82031967232183 -4.67178470629887 -20.6514080451386 2.84990000284741 -7.09104689514156 7.50674530830631 7.13602762542243 -1.59171454866283 -1.18055952608322
Amblysomus_hottentotus 83.7712509857167 -32.3221684984371 -15.6512861747505 3.42518735987523 -2.25543038184478 -19.576868372925 -0.94779297868138 9.80742777832 2.51459451442799
Amynodon_advenus -46.1552054741203 -62.4822045170637 -22.1598484594068 -13.3499553905159 3.76113851152732 13.9806587864176 13.5977564512182 -13.2538262175625 2.52262147070595
Anomalurus_beecrofti -1.20172580879141 -26.7436143836982 -12.9759246486897 -16.4298321271384 -0.756327917828197 -0.557708041985834 7.4956723687966 -2.57083675197554 -0.60006324417135
Anoplotherium_sp -92.4571720122721 -32.0600076924754 41.2168261588145 -35.1265851593478 -9.78049463460407 -4.44573834620802 5.12371719341377 1.3806888378402 -5.4861324708143
Anotomys_leander 54.5550693141283 -4.64083808057453 -4.5605463637954 11.5468321378382 15.3912240117438 0.15140909933607 12.8529603405354 8.57732642661059 -7.01376109999823
Anoura_geoffroyi 21.8907281258458 -54.6107281060527 10.8602313195957 -2.64976647972168 11.433536683602 -6.32409488368919 8.34161132343635 -10.9806055060536 9.32862099263829
Anourosorex_squamipes 59.8405105679732 -38.8690941754658 -11.0933417204205 31.231608854409 19.1297635310144 -6.15290926170521 4.75952808967589 6.17945622016 -18.0147793706387
Antechinus_flavipes 28.268259558981 -13.8047383108588 -11.011482385143 11.1885852847274 8.62534627309863 -5.45014695071184 12.1200399530168 4.4147246607629 -0.811593221538241
Antilocapra_americana 38.9524426688023 -27.269684147244 -6.62685972754133 -27.8239469355179 3.08976335055746 -11.8414817041843 -16.4687056306219 -8.21977160680799 8.55565904561267
Antrozous_pallidus -10.2800345891596 -45.9738715167187 -25.6884435233662 2.311349636038 22.2620693795867 11.4816973979587 23.3089750846104 -4.13852766085434 1.04321295002093
Aotus_trivirgatus 90.4731178467878 14.0674432994803 -12.123853625912 -32.4755890334355 -11.5186487488559 -16.8040976518491 -1.45580903074325 -5.31330946499135 0.959243612306594
Aplodontia_rufa -0.732457566578362 -28.376809400606 -10.2250280964943 -9.10076938066601 0.895311934759686 7.4056044615937 -1.66513912811056 12.7897835683997 -0.781405791599885
Apterodon_macrognathus -56.9834483355989 29.6998220950084 51.1103477934455 14.8914234532438 9.20979818742839 -16.4418603289829 -17.6321545748027 -13.457419180952 -0.966303066454277
Archaeolemur_sp 81.8201586432954 -23.4120235193609 3.60301778248404 -37.1822639762333 -2.64516492037501 -1.35927542184581 -16.3838981332108 -0.453366459827635 0.114309807448688
Archaeotherium_mortoni -44.7566835787039 -31.2486351600568 10.6754885582802 -8.08120849448627 -3.42975649314082 13.3626666530247 -9.45366476687294 -14.8587868001538 -5.46319720442471
Arctocyon_primaevus -46.7879020441884 31.7470179105284 17.1942898044475 28.211139177141 9.83853354534964 1.61576394281006 -22.217096068569 -17.2511516743634 -14.662988559082
Arctodus_simus 14.9142008625437 25.1251228150885 20.364759890476 -33.7296479752569 -3.96575383871142 8.21584397824001 -8.07272396031149 5.03428580152918 -1.69211670885541
Argyrocetus_joaquinensis 21.30941220744 107.935480084614 -53.195258295742 41.4936520877888 -21.5842981648392 19.6371382658124 -10.8980763245759 13.7061396072704 -7.27901052467378
Artibeus_planirostris 38.2412408206834 -18.7577009010043 -3.26341331960765 -3.8264336580529 17.6476954692103 -5.34239430178135 8.95712511460156 -1.45811033618433 2.97668051442541
Arvicola_scherman -16.6336799974624 -9.45366082318816 -31.6799783147361 9.9386347616307 -7.97445661718267 3.77788310584117 6.33193352984786 11.7577214898778 -7.32696308454751
Asellia_tridens -10.0225088426095 -42.3249278477104 -17.216119380952 -14.8151847138098 33.0813460166989 -0.538060000524889 16.2959346515681 -5.2286587793207 13.7604734171183
Ateles_geoffroyi 109.587592074933 15.5837829704677 4.14304487507485 -50.8422897199315 -8.64861425445771 -13.4413725362155 -20.9343475835461 1.80182700060832 3.65170469175511
Aulophyseter_morricei 50.3838626114825 98.0395287640585 -79.6845133364658 64.2383323512357 -13.9022996538085 6.66279947932034 4.51902496383914 -4.05266234334133 17.4765789619751
Australopithecus_africanus 107.776790453016 -28.2408185102386 -7.4830833832079 -56.4559752890624 1.85156240390663 -17.8261698618175 -13.9242039299273 5.60335373428618 3.6857819570284
Babakotia_radofilai 52.5010734726188 -10.043288524367 9.06497181736182 -46.2817404967144 0.269972225467699 3.5578936177492 -11.7811712873189 1.67191670995404 -3.15426535506258
Baiomys_taylori 34.6730877731388 -15.2986467132202 -9.53371754101177 6.8717289058368 5.6184845435692 14.7400327044326 14.1963734894131 -1.6271000880722 -6.22580354893461
Balbaroo_nalima -15.1976261987348 -22.5980960316604 3.76787360147728 -11.5948162200689 8.29190728174004 -3.28529700124141 -5.7368892982771 -1.61112391131077 -0.788146131826308
Barinya_wangala -21.0583231082179 -0.524437801574959 -13.3768262670424 -1.03045656260561 10.7710929420788 5.44126454766531 3.07648186953383 5.39856643386443 -2.9029665231175
Barylambda_schmidti -72.2800909621896 2.85909034732898 51.715463079335 36.0322136984691 -10.9925316155482 -19.4277101127284 44.1244365566966 7.44783435801789 -1.92594973554567
Bathyergus_suillus -7.03476063599589 -47.2600634190432 -8.81427762769896 4.38429317103609 -0.394616668461195 13.6086366298492 8.74044541370461 10.5625687455262 -3.5428227612445
Batomys_salomonseni 30.7053247444138 -16.4908546039638 -11.8596753887201 6.89993803121659 3.55837116010915 3.31411536391895 5.48586514695895 2.57697656208266 -4.53085921372063
Beamys_hindei -2.84183584664913 -20.7312418248379 -9.68843329399512 -4.54066519506949 -1.99422804117252 1.90457076105489 2.48285723939514 -2.26565334842689 -2.42722454450236
Berylmys_bowersi -5.20185853918741 -8.37358111638328 -9.56119340861432 -0.385286383966775 10.10973597249 0.0395105766892792 1.14842110301611 -2.42185202649555 -3.16936711733262
Bettongia_penicillata -4.79648084011755 7.68485318876549 -29.8743666048991 -45.2947396698478 34.7702096827107 24.4430765648393 -20.3696820256371 22.714399829874 -26.1560404335672
Bison_bison -31.8110685651998 -13.5222958849992 18.5623751955228 -17.858604076523 -8.3887019714681 -29.3275754254326 1.01438223517283 18.1805404732057 -9.0113023894204
Blarina_brevicauda 68.5330746773716 -27.1754640216455 -3.35577892178318 26.165725840743 14.3184082254848 6.89046261699159 -10.0349905826059 7.5011717357751 -13.6774679446972
Blarinella_quadraticauda 59.8313190524632 -13.7646055618929 2.6346116160755 33.8076604428135 17.7824044700383 -0.923004060699484 3.50668961541375 13.4359770763825 -15.4390404089317
Borhyaena_tuberata -71.0548406314176 -14.7334784879855 18.3408343756091 -7.07049897071087 -14.2294474353389 15.3849541442311 -14.1578577228639 -9.98573334373796 -7.37754786391901
Bradypus_tridactylus -24.7004576076665 -8.60051530974355 -2.87220160551756 -7.21882727258767 -10.4848610796098 -14.9071029772369 4.5097503859949 -10.5210346588786 -5.18264667216173
Caenolestes_fuliginosus 44.087857505513 -23.9423761229161 -14.5241065093613 20.4254611974943 11.0897893741738 3.37975757605609 11.9741966891808 7.7940128487608 -1.26113693817576
Caenomeryx_filholi -13.7592946658896 -22.5844889764712 -21.9245955609122 -29.7249951562839 5.6843011796806 -5.02420129507224 -3.10717220815714 1.60505825120598 5.85321322390292
Callosciurus_notatus 22.493724554208 -25.9564382355873 -6.7267714559381 -19.3769720511179 2.5371745976291 -2.41789083901718 -10.1510017890069 -5.76286542755548 1.02851817729411
Calomys_laucha 40.1098065934654 -5.14413036626456 0.309807346980806 3.97089405412108 4.87755998884096 7.89222279497119 7.37028787264863 -3.6204417482771 -8.49114213539564
Calomyscus_bailwardi 46.9812868617377 -28.0488155214769 9.95618135319127 -0.193474744195736 -6.59037165864728 17.3253309295906 6.52103906613771 -3.5651744912188 -9.2415026741118
Caluromys_philander 20.6881046160523 4.3527860061922 1.32799975733921 -7.24619401605632 0.741824771952091 6.59712916655791 -3.8846629201106 2.76892820527515 0.072907174503563
Caperea_marginata 12.5046088537047 111.312281090602 -22.7049203690894 26.9812100649241 5.06559062267355 -6.36206165254181 -25.2300210164805 4.36320508079902 10.6823624059129
Capreolus_capreolus 21.7794736197077 -27.9971109881596 -6.97280026718822 -39.8488769161793 -3.07973701384616 -19.6323992993138 -4.67198183006576 -1.08862466772519 2.90384277059138
Capromys_pilorides -12.5101275603235 -30.2847345546617 -0.753393421016744 -7.55195669913543 -1.47840213764265 6.47920509024607 7.08783501221746 5.82936719729441 -0.0915677929251281
Carpocyon_webbi 21.9450758870889 17.7673195464516 11.132446698505 -29.0117013248392 -6.46444240695233 -2.91928930500957 -12.9341617074336 4.05188065652775 -0.899609675705422
Castor_canadensis -13.6667323371728 4.67819179665724 -6.07564438491087 -9.6939144817586 4.71845644957312 4.15289489066334 -7.61154192642908 8.37090120314676 0.426489083099128
Catonyx_tarijensis -4.76516811085459 -21.2752842279926 8.34921131825423 10.7521929429989 2.24283898022677 -12.4516784384097 -6.98821446697817 -1.8370774385497 4.18005526496811
Cavia_porcellus 10.5292690012494 -22.7157647337775 -14.113607512077 -24.0033800157065 -6.83863374773222 11.696090141067 7.75879537783666 -6.91440511763782 1.57154557495132
Cebochoerus_lacustris -85.981643519774 18.6295864856241 -26.4218130810043 -13.5407743527662 -0.756328097470573 -6.57250997173001 1.10798989942709 -14.0032085296354 -0.493140284201488
Cedromus_wilsoni -17.6466081442409 -36.2944830672229 -2.48935265179051 -9.64946133836275 -7.86234013866552 3.07036474785636 -2.94403788887885 1.10748321267914 -2.10825560975855
Cephalophus_leucogaster -21.4369135958677 -23.3154532106254 -18.7802106039697 -19.2379437234388 5.16731852433265 -9.01305948258588 -10.2432122374735 -3.4679491296557 1.87196086268349
Ceratotherium_simum -65.8786212773892 -24.2302312003546 28.9349989040994 -33.2382317725513 -9.2778927590781 -6.73572158795775 0.247924656492361 -16.4371090724856 -0.027656276771521
Cercartetus_concinnus -2.71123511287188 -23.7153602383182 -6.25171364963418 12.1680367216679 -6.59368222493144 4.43470552058103 9.17106296165148 -1.53960440371018 -6.37757806965253
Cercopithecus_ascanius 97.2148865879582 23.6531007978084 -4.69205800290354 -46.0951349914566 3.287669791933 -2.73134405491309 -14.7362067031796 3.59322619390945 -1.577342429133
Cerdocyon_thous 10.7511350095109 0.639344532374987 8.73340898243698 -14.8705256831658 -8.07215414655892 -5.97374371862341 -14.5076730335792 -4.17144844265574 -4.25334934943109
Chadronia_margaretae -24.672736627502 18.2145761437381 25.2947469702555 -8.22614179886267 -11.2580705565048 1.25551668333046 1.54853441203162 -1.36649716013888 10.5700981861065
Chaeropus_ecaudatus 28.7806802752635 -52.2957313927531 -27.1531882670758 0.334543086783685 4.98879821392617 6.98866112972426 -0.132232624501614 -2.51223562515054 -5.16512151899254
Chaetodipus_penicillatus 9.64745072726873 -60.5909345156065 -26.7660457187484 2.05897444287959 -2.22439051111494 11.9202360448233 4.07056869618376 -8.705405301991 -3.94919246637072
Cheirogaleus_medius 50.7591527717923 -8.43883401384702 0.808647448646931 -9.35421735979342 -11.9279912837457 5.53558120193704 0.103640999688868 1.25865032883554 0.00780182479938564
Chibchanomys_trichotis 31.242080924114 2.80461577795419 -11.3279543847138 3.24383712175969 13.1572985850521 -5.97263998385415 9.59860189170922 4.67438767042365 -7.23776136510277
Chinchilla_lanigera 12.893511759786 -64.4824203927665 -33.5341584010913 -20.6975276898953 -5.07716021095617 12.4872411193975 -1.91841952947593 -14.9931761382364 9.33395533730141
Chlamyphorus_truncatus 124.784566025228 -22.8018678048187 -23.649432209478 2.62810795134798 23.6941464036316 -22.4455258939834 -4.22397675371415 13.3381563360853 -2.37857546188373
Chlorocebus_aethiops 97.7900529254974 7.95155915643514 -4.97110278870087 -41.1203411064035 -3.31598613600758 -2.35255779224752 -15.5628032849847 3.67520019212485 -2.36133797318793
Choloepus_hoffmanni -5.62862292585627 -27.6325148130016 -3.67684157485409 10.4273513082394 0.598235076776835 -9.32565827921936 -14.4825767117294 -11.5391001102101 -10.9378348408294
Chrysochloris_asiatica 81.9201384836932 -18.4516716924895 -20.1241077640442 8.68114326832006 -4.26559204590421 -9.76666289458361 0.380506174992461 10.167973854017 -3.81441649881332
Civettictis_civetta -11.5938232133215 22.8009220733442 27.1409805574012 -15.3819868758089 -13.9249337908401 6.38149462973301 -13.2023777054791 -15.0282191734354 -7.15018498516651
Clethrionomys_glareolus 6.41666346921087 -6.22392329319867 -20.9391996002952 6.41146258436681 -7.28379065594468 9.12491870377775 9.22039599621727 0.144805714244389 -2.02518745396646
Colobus_angolensis 118.152966625216 6.48182566270142 8.0938189838903 -45.3528084421511 -2.8915539514711 -7.2382737508947 -12.4371713914691 4.73473887465505 0.588019141566012
Condylura_cristata 90.2322366171975 -20.9974537146617 2.86239688899849 -5.97764814735239 8.78364927662837 2.42774598182308 18.5651789215895 1.37985994946608 -13.5961052623938
Cormohipparion_occidentale 41.6988879231403 -40.9505310587296 -2.51218769930564 -23.5964235880058 -6.5429686335031 6.11329808523022 -13.7945621386583 -6.04369681216315 -2.07590753522947
Craseonycteris_thonglongyai 30.6968524093051 -50.7779374730322 -20.5358119033943 5.25899358412163 29.3628511199351 0.426397649117364 23.8168715923148 -14.3356039867516 6.01211167939281
Cricetomys_gambianus -5.90396407830921 -15.5264249390377 -10.6781564008252 -1.75740001639085 7.06796916679867 2.5348725118181 -2.5860591542339 -1.00887615636191 -5.08787293493701
Cricetus_cricetus -21.952118816642 17.8173372211959 -12.2818593952055 0.754292151869776 -1.43821846646647 14.1196352966968 -5.95173177283927 10.9224159427264 0.325888131858136
Crocuta_crocuta -19.2358305035216 29.3680231328269 0.212443299558969 -18.4889189188004 -9.835030753693 -6.23397385562568 -6.97963534214282 -1.44635800604108 -1.01485045321911
Cryptoprocta_ferox 9.58996393470808 28.7334019723529 11.4123444978291 -13.5551398981868 -7.01123953665929 -4.01405957529056 -9.60891259483879 -6.07059377078324 -6.47388710454059
Ctenodactylus_sp -5.54556207473237 -43.3905939073497 -20.4496664153291 -9.8428362883216 5.78814927525829 7.30265543486509 12.6073287767272 -9.07379758920461 1.31896188610479
Ctenomys_conoveri -15.2084217356905 -28.3024825331511 -15.4627422420685 6.4760334047973 8.13145245335214 15.2572950702943 8.53816622908308 6.36525955584913 5.33038474919837
Cuniculus_taczanowskii -24.2627431591356 -17.7268792243456 -19.6945646239272 -12.8255324922341 1.91838424152891 6.37769298761085 5.16560947177787 6.97256775053728 -6.92234568742062
Cyclopes_didactylus 10.1938097815655 12.3441949129929 -12.8662916790554 -18.086681127042 9.69707682380751 2.2366772231628 -0.508696772624224 -3.00127119598251 0.0622897633974063
Cynocephalus_volans -60.14355792049 -6.10476135195826 -31.2635517505569 -51.2899465141183 21.2510687841141 15.5250588140679 -2.19766037193431 16.3703851796883 -34.4745922520915
Cynodictis_cayluxi -37.1999363371203 23.4781834177631 9.99224938549236 -2.79929874211653 -15.8639653822241 5.00369760081027 3.64944795472185 -9.92774051465959 3.78579951057076
Cynohyaenodon_cayluxi -64.8084311819964 19.9852774043206 9.70533035971076 -18.2277902911551 2.79186749427726 9.88729359366932 -1.90200113303876 -4.52949952255537 -0.316463421112405
Dactylomys_boliviensis -15.969706629721 -8.45866619064621 -6.87414549771824 -34.2505970981654 4.2618361768257 8.75569988489693 2.28772097692541 -5.52873723193602 4.79376206734258
Dactylopsila_trivirgata 19.3748527094352 -3.39425853175008 6.6952082755827 -22.9967336085091 6.67695660180584 3.44264982568264 -16.869127247003 5.61310948556441 0.39408748479235
Dasyprocta_leporina 3.67065628892655 -14.256943216494 -2.96407832423253 -25.8121291409335 -1.75587645904048 6.67370935393926 -2.32097167150721 4.46639781555789 2.33467011374022
Dasypus_novemcinctus 77.9357942747391 -58.0869831342199 -8.73851417966687 -19.3130874033571 18.45288823277 -5.79358404207508 1.31594462750924 -2.5143126382565 6.00463532387271
Dasyurus_hallucatus 1.86551674162622 -13.2887470810565 -5.69508408402942 -7.99240061753321 13.5804397058361 1.15475877311125 -5.73271053783296 7.15242757819329 -5.54127289033494
Daubentonia_madagascariensis 80.3070106891164 -13.7753250992462 -13.6505121180876 -36.272205009468 -2.74759697219994 -10.981417971732 -1.49238277757764 5.25321691765422 -0.418887764067486
Delphinus_delphis 73.2702252588813 79.5463618760881 25.4711300628301 18.4699265669263 -20.3585445088114 -15.7854131328666 -14.9452057650016 -3.07425077313004 5.83022931457976
Dendrolagus_lumholtzi 7.67706047532818 -6.058226986837 -14.867109091872 -13.2308255805398 21.6424158384776 1.58980579658699 -3.28108341738036 -2.40707947650969 -1.85382858487853
Dendromus_mesomelas 37.8849199137035 -17.3844439625773 -7.63183429678584 1.55532867772288 9.51520813738921 6.08626321907466 16.0854148847438 0.562399914382834 -3.6409165943918
Desmathyus_sp -7.22098020261063 -69.4905060843742 -22.0530380262135 9.02928186398311 -10.3194408324359 -6.73974860614896 -4.59056315271795 -12.5536863406239 9.1191956404491
Desmodus_rotundus 53.0068057817189 -25.8565356645742 -8.13785165252619 -6.28694180740798 9.18057352256766 -2.42155686120724 6.17941551714934 -0.795618029281488 5.30907429110248
Dichobune_leporina -0.670786455695116 -15.4987690274634 -20.2212614590518 -31.8719250806366 13.3975298343651 2.937630005064 2.00080014746178 -10.287921499506 -3.17340115455563
Dicrostonyx_richardsoni -8.27098926737989 -16.5065481508559 -26.690573785546 6.4546629057596 -2.82809171643836 -0.145618431633463 5.04203387081671 2.36639294419427 -2.23221412988942
Didelphis_virginiana -21.8928544230126 -16.4827015873402 1.47482452673943 -8.85079881354782 16.7218669725599 -5.71363266288401 -8.54876858352764 -4.27625925294394 -8.38883819523987
Dinomys_branickii -4.13502702265869 -19.2694688170854 -5.31779263577426 -22.8580545551066 3.2428815124426 -2.79203603673502 -11.5330385555084 1.78654819423274 -2.4247694172827
Diprotodon_optatum -19.8127099863639 -33.1654492997662 40.3797286115922 9.44115240870281 28.412623672255 -5.99383424878657 4.60414257364387 -6.78866966799204 -7.33045677790398
Distoechurus_pennatus 22.2290382830375 -45.3460080486076 -2.44983218276604 15.6798119453966 9.6076417921314 -3.70619300532159 -7.01553501031795 -8.49113728771029 1.33683743917888
Dromiciops_gliroides 20.5357126143921 -17.3185769147803 -14.5908662139154 9.58354566543368 -1.94690645567845 0.979404920216258 8.84922879637231 -0.408995533808085 -0.0746761846305787
Dugong_dugon 16.4150183351748 -52.2440851911316 31.9955859705447 20.923681345857 -25.419567168039 17.1144306736492 12.7496133504725 31.5063602100074 -7.53858899113602
Dymecodon_pilirostris 110.409658341271 -12.8826204615063 -10.1793796752052 12.4221306335799 -4.43539284656136 -23.2221496075179 14.0830507767798 14.5182443650794 -11.5308607847706
Echimys_chrysurus 26.3748727335704 -24.197182939129 -4.20285933732008 -24.8775116718804 12.5534828642766 14.6291940820665 -0.443572875033355 -16.4939572806205 -2.44908487983615
Echinops_telfairi -19.0558517254947 -29.42647264786 -16.3872565338416 18.5259681527652 13.3434619265154 -2.66006113392663 6.33799150687925 2.61294766663245 -9.71232119291553
Echymipera_kalubu 29.2869625066655 -54.6948601669698 -7.78935180322582 24.8706935701404 8.3951995495802 -1.08944238474385 -7.96370759453348 3.56155816314337 0.94210319302899
Ekaltadeta_ima -15.1000631703536 0.199379599967345 -11.1355790665202 -2.59366964755824 11.4162146776914 1.14965066981643 -4.36748080035681 -3.20399801017722 -6.47965138877416
Elephas_maximus 65.9244189313313 -29.9504546704292 19.7770023362479 -30.357023048479 -18.5141424037533 -26.6872764931684 -10.6492178859932 4.05477176682047 5.28545624296123
Eliurus_webbi 14.1423930468896 2.45122301857408 -12.3481974206423 -4.52779997610184 3.18468114462362 8.32358307477666 5.19682513108664 5.30605153360722 -4.19233041425812
Ellobius_sp 0.13677296008326 -4.07473736535183 -32.8530700181732 20.0660806851945 -8.79696663255659 2.41965993557281 3.09831942767201 11.397225256464 -7.60119648893752
Enaliarctos_sp 46.7532157266638 3.57230428497308 -4.29059964697293 -6.31897996014606 -11.7343855501074 23.8546775478258 -21.1060037813767 -18.1919997687625 -25.4966224544578
Enhydra_lutris 80.0887369763769 47.5117229107789 34.5237144225742 -15.2550303266144 -12.6285780452767 -16.836852041324 -7.541024289818 8.30971621319012 -9.21036208098196
Eonycteris_robusta 7.01800243995609 -29.8688779336257 -2.10983697034377 -9.38015017161306 11.3193935529781 0.192375315230069 -5.00193982028257 -3.90224951058349 -4.21091372498775
Eptesicus_andinus 15.2434066489624 -22.1062570467739 -11.9175455698965 3.65513963868892 20.9096247048572 11.8030319805105 24.5746305272973 2.55854550570959 -0.360668134895733
Equus_quagga -12.6397425496766 -42.6402675939958 -3.16504742171282 -26.8600230888589 -10.0167909819835 -11.468807520593 -13.6986054631817 -2.44895267229395 1.66594083106704
Erethizon_dorsatum 11.3465134187988 -13.2398290105916 -3.44624299222381 -19.2292343047683 0.288169557091935 9.52488097254838 9.75286332508537 -4.99119437325604 0.291106331436878
Erinaceus_europaeus 12.1993506032185 -21.936308774135 -5.96067983673711 15.6686014903659 -2.47077910145917 -3.36652528993277 6.39986550390909 17.8999571710843 5.7725673038718
Erophylla_bombifrons 53.3378808709141 -42.3716664711317 6.90757353402011 -8.00874090591861 15.2701982291567 -1.66696770416806 11.0951303890098 -8.41650647891275 10.4670114194499
Erythrocebus_patas 86.0000536582459 15.5916001130674 -13.86374335843 -43.9143755436506 4.60765456061743 -8.5256854638535 -15.0857931147627 2.75832957993447 -3.38423035671272
Eulemur_macaco 69.3739143614158 -2.58307006204987 17.8142259264108 -31.3297181610101 -1.41768001477694 1.34698069355936 -21.2372322722014 0.749676777330609 -6.10146061513456
Euphractus_sexcinctus 19.5126563996334 -16.8737878711346 4.30410551473816 -9.33559015582613 5.55055928405656 -4.21183838206598 -6.56464801414897 -3.44239353841881 2.88279213853786
Euryoryzomys_macconnelli -0.949302663029975 -17.7376607786184 -13.8466254496637 -5.03330051069031 3.76137552922246 12.5606259687155 6.65686300225548 -2.47682624961443 -0.98087014770242
Eusmilus_bidentatus -30.9137861902076 0.633903544726409 12.6615638831728 1.79082577514595 -18.3443709034171 -8.91790556741957 -7.97909126107971 -9.3148489671151 -12.7903347252445
Eutypomys_thompsoni -23.0247703554427 4.92638423761317 -25.8706436811554 -14.6497407773873 9.49166564650699 16.5365201277501 -3.05412271624228 -3.78566861862156 -3.3598349037809
Felis_lybica 28.9101990545684 -6.16068577913513 26.8032648999135 -23.0886879830565 -7.57676316277884 -2.26853902469162 -4.40472822931548 -2.58006979047311 -1.25785799237798
Funambulus_pennantii 15.19678883767 -15.122258722927 -2.35841434651735 -5.76001857465446 -9.72743096312787 9.98695058352633 -4.58064076043523 0.57323474040893 1.12018197458863
Furipterus_horrens 28.8174994811127 -37.2542419356202 -18.9731825093662 -3.96097107234594 19.251387064319 -3.63099952600516 25.7314952231542 -4.37096401770792 12.6728584136194
Galadi_speciosus -11.9030131122044 -26.6534554839047 8.21944743614426 16.9008874904065 18.1551957731505 2.20499524857055 -6.74467912387492 10.2231129581353 -3.00155098745081
Galago_senegalensis 95.8469959575869 -13.7803161895864 -2.50782017123618 -40.7898973079179 -8.8181003754343 -4.17771566214437 -1.74463955739649 -3.13827353015056 4.89062260755353
Galemys_pyrenaicus 104.572380686126 -21.7465766220496 -1.5426245422295 11.2713010236033 15.2856496514164 -5.54181421632659 6.90725976288831 4.12166547974494 -9.67040956098724
Galidictis_fasciata 34.0495823058558 19.2665255842028 4.70670697458128 -17.2905265006553 2.25136964876877 -2.09070333909849 -5.4773294028274 -4.47513884331073 -3.94040147963297
Genetta_genetta 0.65110901562185 20.50985030821 9.64106101852846 -16.5117230549699 -9.97992048047783 5.46428391957138 -2.12369546894245 -5.86102000494365 -4.85709918202191
Geocapromys_ingrahami -6.90096226005675 -27.7052132484587 -20.4705772887402 -14.8611193651083 5.95948125490989 13.4164580695469 7.89903244566273 -2.16434671830157 -3.56833220865068
Geomys_pinetis -28.29225629808 -31.7755393834255 -38.7943273726655 -4.51481752776259 -6.72359852030438 17.9543370240339 2.47736257954092 1.92302679792998 -7.66647576690944
Gerbilliscus_afra 10.699444642219 -25.0768395967343 -29.4500184379034 -9.55690121498825 3.08983217407561 0.417405835472042 3.51797803134904 -0.311887587230917 1.23301393425408
Gerbillus_gerbillus 18.6057927585858 -29.8959513978068 -30.0520670251344 1.37446046544415 5.92555305758879 13.0555071615525 11.3812270299151 2.03054026629221 -4.41757257310713
Giraffa_camelopardalis -21.423394782151 -33.4775170850983 9.05379269378732 -37.366097104461 -4.0458839299208 -15.3772448831552 -4.22205638845838 0.599479079866262 4.83074752996365
Glis_glis -1.71832194145433 -21.0039873655751 -7.36650789827279 -3.61091816650876 -2.70181300182968 5.70710537167703 -0.0114881955953569 -0.811386795656794 0.811610376570704
Glossophaga_soricina 26.4819524621771 -34.7519284945547 -2.221201299042 1.48779303795876 12.4690845252084 -0.720493310130576 14.7762516344423 -10.7881860452758 9.56414829086347
Glossotherium_robustum -6.29169410313673 -2.83376884621676 16.7314782276786 8.29248106085025 -10.7477688675772 -15.2935381837348 9.59543351452158 -15.9692038728039 6.52065784834571
Glyphonycteris_sylvestris 21.1232592009473 -32.2366253312512 -12.9608757037705 -6.1268641363714 19.4067018698497 -6.77870132563 16.0298366345142 -2.19342032044773 5.28505070494102
Glyptodon_sp -14.4510081770484 -48.9188519096351 59.5541798681534 31.8010257563475 21.925357501958 -10.8010022546963 4.52432765216837 -23.8196267194221 -3.69697881801683
Gorilla_gorilla 106.870165107649 -6.11423535933482 13.9280243273684 -44.5666387810919 2.21482065617192 -6.85500165939153 -21.9949610994593 5.06505944743953 4.37933723025676
Graphiurus_nagtglasii 25.561688516964 -20.3687566807797 -3.94755152091792 4.15087098381153 3.85781617448138 -6.1249814797291 3.2346957022005 2.67725743916189 -3.85915870848517
Gustafsonia_sp -33.9934097567967 22.7582226829846 13.6996390937824 -19.7691645763468 3.03448844864611 12.4754881729083 -0.133840126680212 -1.18627178858972 -2.18151260927528
Halitherium_schinzi -39.3989530865487 -30.6225065301667 -22.4469532302409 -3.12230875595803 19.5184937028486 -5.57844233591704 9.45746597376851 -7.51620932779978 14.7203499127875
Hapalemur_griseus 62.2024298420696 -12.5513203426946 -2.38148860188361 -28.8569022980349 -8.85487241072737 0.867708131291357 -3.03220043183478 -6.56769234523858 1.79246383845578
Hapalops_sp 15.7533113869201 -41.976896114118 14.1089434134497 -24.6058990221929 1.38267208286368 -8.47914071169617 -14.6798189363287 -5.91284638883662 10.8467945852437
Heptodon_sp -85.377620129394 -21.7823687981361 -47.0939475596355 -11.068855870283 6.12721689124369 -1.17451841208115 5.10853767989967 6.20354570641256 -4.3806248230468
Herpestes_javanicus 4.80131411828608 41.7155541400296 8.22200229737078 -14.2910692858201 -15.6499843428734 0.480465541667011 -7.43161640694264 -5.78349643530737 -6.83712198877023
Hesperocyon_gregarius 10.3806495509434 64.8317306354292 -5.66084265308165 20.1146112391408 -14.0155282479602 -1.24331907266722 -1.68354397760794 -21.5083972494654 -6.9263768435936
Heterocephalus_glaber -30.3081126770691 -13.8626126620161 -17.929858122941 3.26869739030291 9.79862724494264 8.65294166035569 4.03959855432046 3.36591006225314 -12.983364693541
Heteromys_desmarestianus 8.41517440172835 -46.3244617730975 0.327474770985794 -9.98217147144078 -2.66851057729043 10.6024881551461 6.75495599323122 -3.35926509053027 4.97502643851427
Hippopotamus_amphibius -20.9758279649508 -37.4534953121902 20.5896563926921 -7.61619330095337 -5.57056496759448 -15.7496813746494 -0.0978453401774547 0.106369425184009 2.10257028314732
Hipposideros_turpis 26.840961764706 -37.6324928832185 0.407533517361712 -19.7614370541667 27.8959052191253 5.0112207500408 4.50158728168868 -7.22178480882113 23.9813863288236
Homalodotherium_cunninghami -11.8159486561889 -46.8191312784055 31.1058965620509 -29.3459696875665 -2.21995334084904 -3.7659067107349 18.8080335871585 -8.77655240245777 0.135138331008231
Homo_sapiens 160.819103088798 37.4113424663516 14.5526623471713 -81.713569210637 7.46007233671635 -21.1570629462348 -15.6303210428598 5.64788025257511 3.46843818002892
Homotherium_serum -34.6718803943212 30.0916821462838 32.0008015727739 -16.7475721116904 -23.1402669004325 19.8334646413394 -1.79526650116532 1.84409759557081 -8.5498220521116
Hoplomys_gymnurus 40.0880752572999 -31.9347457571236 -1.496904665913 -32.958708251853 15.7074006063339 4.42626948043018 -3.54023694860817 -9.41814277639832 4.64314260174608
Hsunycteris_thomasi 46.282446220817 -25.7736688989515 -5.59880855013413 -8.27920100944887 22.8639695938965 -5.7229522668151 16.4586281098116 -5.80524101679301 8.57597623872553
Hydrochoerus_hydrochaeris -13.0792160325611 -59.9943489245923 -15.9280923798034 7.63291293761737 -22.4961530185774 -7.31532236222027 9.74066109052409 18.6809841260444 6.94930194307713
Hydromys_chrysogaster 18.6081929270523 5.41499664193909 3.4391781108185 7.08051465721484 9.46024299141662 2.31108391846504 5.19412695535085 2.00275472047569 -8.21221735265671
Hylobates_lar 104.407590352375 12.5955261551209 0.638031697365745 -46.1248653538219 2.72116570309879 -5.11297170322457 -8.88602817725259 -0.502403151166006 -2.35691886855892
Hylopetes_spadiceus 29.1023487603796 -20.2364046748407 -8.05961905567972 -7.28991515752251 -3.03220327881952 -0.564971291869514 -5.17036179866401 -4.32988297228575 -4.78543307885244
Hypsiprymnodon_moschatus 20.4929230758308 -25.473933129981 -5.38745217382515 -0.184001118439656 -0.00465158781416333 0.2383824870888 -7.9136841706395 -0.408585439718407 -2.65375146822892
Hyrachyus_modestus -68.2681972729367 -33.0289163623424 7.84134644762761 -15.4001623092424 -16.729970167225 4.49221850570383 5.14678901516747 -17.3606197735808 0.727832082726455
Hyracotherium_sp -30.4321481703858 -1.05699723639705 18.9961203415233 2.53875416221303 20.8433866498438 -1.80033733099096 -6.03983635683893 -9.7976909591673 -0.846209539228351
Hystrix_indica 9.27507777161765 -21.7141135416208 -18.5627792691539 -17.0292889274027 2.93103538218037 1.42624875414429 1.34691313509888 -1.8095508352613 0.000312391771139065
Ignacius_graybullianus -52.9692862481625 -10.8216452143475 -10.5544279028787 -17.0178038635289 23.8692363501162 4.53038726744342 -9.15110819943747 9.79904923277738 5.95317956799169
Inia_geoffrensis 50.510200785341 67.2696412479511 22.1275061107522 25.562696459238 -18.731974638485 -8.21350049214877 -7.71026981474875 12.9939167346183 1.9876538269271
Ischyromys_typus -44.4227882400566 -13.830670296108 -2.66231634540552 -19.4188389074747 8.62038922359597 11.176498294592 -5.01864651041114 7.36046134574187 10.2251715843137
Isoodon_macrourus 1.11463301907374 -41.6829503640291 -20.8379999930503 6.32705264665398 8.99723964144114 5.79732326876588 -2.23198808149378 -1.4296019553085 -3.13204503251816
Isothrix_bistriata -20.5328921249159 -15.223497566636 -7.61588275874124 -34.792593710591 3.69473854376316 10.4388342404861 0.32793774110388 -13.2482841402685 1.262410348312
Jaculus_jaculus 14.49347114357 -78.8865630191607 -20.0226563600944 -4.58161680348367 -15.1783014350958 21.1159425052001 2.53438630199505 -10.6012260540387 10.2688402814235
Kerivoula_pellucida 60.6762944506967 -44.7490984013268 -13.645033871847 -7.67117487462968 17.6751604850875 -3.72153675115241 16.179939605784 -8.61595402060687 14.3410491813631
Khirtharia_inflata -68.9071939184297 -11.3198109085707 -4.87958852757652 -44.8938076071259 -8.66336182073171 0.586550863676747 -0.0419480828537945 1.45028720207002 -15.7880333185739
Kogia_breviceps 53.7159723222706 60.8117829709315 -1.24356105026079 17.4145281541366 -34.4345171184444 -29.4258376940407 -4.38413587114075 8.53300279854383 -1.85736396496303
Kryptobaatar_dashzevegi -37.6689478670116 -36.3208501526356 -7.17236942096204 10.473390670339 1.00155232990061 8.17608733347401 -3.00618881151501 -5.97849218282919 3.44387081676
Lagostomus_maximus 37.0371202586593 -59.834672135384 -17.8581051484381 -14.8152986027612 13.3928801333916 -0.591774391719033 -3.78043950225543 -1.33796103379361 13.4477183382344
Lama_glama -5.88814473810633 -57.3061718567442 6.78624054286496 -30.643882733325 -5.33234510442512 -8.57764189248671 -18.7420414084993 5.13795101360255 7.78214937928333
Laonastes_aenigmamus -6.75211821158417 -27.2187290712542 -10.0574533482497 -29.1130616496139 17.9334351534238 6.05787839988128 4.34525903109428 -15.9992201890543 0.64703636640644
Lasiorhinus_latifrons -2.22928937726155 -30.3618515189941 -5.06191994897413 -2.94493556200455 9.06199227205837 6.38786896620403 0.270120869874666 -2.3284517850974 2.70127043505552
Lasiurus_intermedius 10.2707392285878 -26.4947622032276 0.49647376125336 4.87848938012872 13.5163579170339 17.5722794259105 9.40280590834072 5.49553065552922 -1.98099465958591
Lemmus_lemmus -13.7682203716534 -12.160303849596 -4.2560161957774 -5.08385589294218 -18.1996205801599 27.3142385129988 0.988031972251612 -5.21487452402192 0.767856182743586
Lemur_catta 69.9719965731535 -4.56691718152525 9.74733673373366 -39.0062347408345 -14.8308437607497 0.128562988352168 -3.0795018982337 -2.78796266277151 2.91912152186181
Leontinia_gaudryi -38.0897139427503 -48.9398164107371 -5.60005353778697 18.8488572722328 -19.358905201296 -4.68835006426862 2.75840812105429 1.1339115466933 12.0524891380372
Lepilemur_mustelinus 39.1104702338792 -26.1424678457213 -10.8913484506797 -28.7874789609181 -4.28474088318596 3.74343641614887 4.99579280289289 -11.2646118861403 4.1153400513758
Leporillus_conditor 7.97475899372977 -23.1367080783048 -23.1424659583437 -5.0792506393345 2.79100541984428 12.7907996040684 3.95424124477477 -0.965303297589138 0.409653943476044
Leptailurus_serval 25.9146599209374 -3.54253600572127 14.8787249802532 -22.9195068965878 -10.6931786632965 -2.33454016448083 -6.80921189144213 0.285709244393548 -1.24637739106628
Leptauchenia_sp -69.1707273927272 -33.8052142409983 -10.4767123277158 -33.9911171469155 -0.000330744264085885 -5.71105984551574 -7.52213745053987 -8.51512125932209 0.0503246420645021
Leptictis_sp -19.8756362336282 -8.87595473556012 -5.47622757852651 -41.9395121662262 13.7556452004886 5.36676240585304 4.21529926237054 -9.65082639407154 1.91343011279416
Leptocyon_sp 6.00362044294994 32.1644187194105 20.5776499723969 -28.7990092986007 11.0095486944072 1.0544221531901 -3.64942854470539 4.68919691181477 -0.965005739117929
Lepus_europaeus 15.036271524609 -23.5025979481441 -24.3903033836731 -35.4414296358359 7.29654445450409 13.8727361774672 2.73941806360418 -5.96878357151725 1.33635715333853
Lonchophylla_robusta 37.299143916586 -15.5095924729892 5.28789245957335 -12.5950114035887 23.8921363166807 2.31863954471908 11.7794659072142 -2.47302270279768 5.2428806391108
Lonchorhina_aurita 34.0760196225007 -37.746029991789 10.8536998617116 3.35618180135759 27.5380402455714 4.28164580628265 14.8841489438277 0.312499921951485 14.7609919158075
Lophocebus_albigena 125.41041746969 16.0456767284615 5.33588184274618 -43.6153490246487 -5.63938264464083 -4.98203760770428 -11.4537292290918 8.13477642952174 -1.27690564107601
Lophostoma_brasiliense 42.6627171397102 -36.5205062231342 -6.17181521119466 -18.9934226357819 5.45631870354493 -1.26564815777353 22.1207307509825 -8.06834270786173 6.2247356928412
Lophuromys_sikapusi 28.4080196069805 -25.2501310276601 -1.4915581425894 -6.51812042168564 4.11017679186111 10.9174786543973 -2.45355535400753 -4.76293504790142 -0.736761581711894
Loris_tardigradus 96.7237866552575 -10.3960690215576 -7.89821531082607 -40.0606349361263 -7.73840627983493 3.67255411603576 -9.55844043468067 -3.89903236709798 3.62039562228901
Loxodonta_africana 33.1094499058386 -38.4279379342136 20.0576150142536 -34.4073369161819 -6.7872797312481 -2.03167463849419 -18.2289351665661 7.02725767033269 7.61524700992249
Lycaon_pictus 31.6862275178352 12.7685913350209 2.4367188772513 -27.8924248593348 -15.9095494414249 -4.57796668949896 -13.3106525754291 -0.425844385235666 1.10681022589327
Lynx_rufus 39.0211120672367 5.34038357198747 23.8861807263589 -22.2219316664416 -6.03049573006471 -3.47430326867578 -14.5341328093266 -3.83946325100922 -3.25400703967123
Macaca_fascicularis 108.692948566884 10.8592151533946 -6.67680523105668 -37.827950151881 -3.10825613888723 -2.47094272352607 -15.3059919214784 1.6594129631546 -0.20475854096898
Macrophyllum_macrophyllum 46.5924871327539 -38.997241831916 -8.35412526627894 -1.73697110226797 22.9000609648324 -6.71203637241077 18.1347139397912 -8.07328907625205 9.46724693309233
Macropus_giganteus 2.42496196588974 -20.9743245978126 -25.083246385939 -13.8882109728246 10.309214719778 -0.572202162205247 -10.3239701357213 -5.19866183759128 -2.83497909921678
Macrotarsomys_bastardi 22.5579019010746 -14.4887072081851 -19.9021190731357 0.222251867970931 7.38446251820959 9.73621142784815 9.741586823242 2.68906100851315 -4.40255855043018
Macrotis_lagotis -17.1244254864336 -39.8418342673366 -28.1781504518845 -6.78098029272296 5.29247496034764 1.86037596824808 -9.56186905449922 1.10081282446246 4.65505012260028
Macrotus_waterhousii 43.2765810091759 -47.5642080101392 -7.97015254657821 -16.5004348237048 25.9272681241408 4.79178864439111 14.2619801522808 -4.1437513404338 13.3454288269797
Mandrillus_sphinx 99.3744843591974 14.5443282418397 -10.2719983018281 -46.2280256667464 -1.76487010688671 -20.9367578192895 -7.05237097250831 4.44672376059251 -3.13188755608134
Manis_javanica -17.6836954665777 36.6925867167112 21.1550344643412 21.7971118813423 -10.5867883182346 -10.8646534501791 0.350949154124806 -3.35135058724664 -2.99189764249559
Marmota_caudata 17.8964948795997 -17.0771252736882 -5.02379718305853 -7.54642919064294 6.94812308764263 12.4254291374168 -11.0081942318302 6.29784206751022 1.58272325958469
Megacerops_coloradensis -35.6128259775262 -73.5845955730028 -11.5735982985167 19.3390985241477 -16.1893863311956 -12.2681763841415 -9.39288676456894 -13.7897480972927 -5.75634266271455
Megaderma_spasma 6.61160401994538 -33.5612833219662 -28.1533122519926 -26.4091858669565 26.3111376792699 -9.98491394400686 10.1196434108579 -14.3878637792685 11.430755571108
Megaladapis_madagascariensis 39.2528550581525 -0.700928596626383 5.034876412238 -25.9854637649585 1.08827476435726 7.1031838349015 3.79246356421895 -3.11923711577916 -9.54351514479221
Megalagus_turgidus -0.297129189592042 -25.367770683344 -11.0102400792678 -31.9040898095847 18.2484926909631 8.2309168282891 0.0083616895497117 3.58353585093257 10.0501340944969
Megalonyx_jeffersonii 47.3762076734391 -25.2385547075799 18.9021047435484 16.1240145870166 6.02899683327099 -20.6363075953543 -5.35682210621937 -6.46561062909175 -8.09488757551085
Megatherium_americanum 17.9623273028968 -28.4367841799592 39.7754911743884 -8.24316131121696 1.70963010166014 -21.0669494793094 -9.00129871723388 0.304458917221054 -2.34805058630092
Mellivora_capensis 13.2869077523863 40.7354194311598 -7.7656308134451 -32.3802856429491 -5.01380332701001 6.795744975069 -12.9642918513485 1.84586226856595 -7.63854421814825
Mephitis_mephitis 51.2153234151452 -1.29773800909746 0.166962554886207 -8.74492209117546 4.75138670960708 -0.294518897539459 -4.53454218684537 -1.9125183985569 -4.12827370462776
Meriones_libycus 26.0147957872952 -42.8872292368988 1.874584712878 -12.9616045709027 -23.7735297625195 37.7635493393962 7.51000001501423 -2.67842360761907 -4.81525749238141
Merychippus_severus -19.2628445046282 -59.2936810470947 -21.039460323204 -14.200613939225 -11.5294473670753 -5.45948377024326 -6.21351736277226 -4.91580538349762 5.86415821844109
Merycochoerus_proprius -41.5482270360116 -41.9218405272722 13.6747344792946 -13.0106847541214 18.4346876672981 4.93460286428959 5.08394195320126 -14.29883980144 9.63088733005706
Mesatirhinus_junius -70.1884218224984 -28.9835846130893 21.2484695614889 -3.93593071546063 18.660703818545 5.66503953036926 6.29084937799523 -3.05418280661844 0.141036458651619
Mesogaulus_paniensis -17.8829919890727 -10.5640561071794 -26.7184820774623 2.21871504016151 7.12141367021892 9.54603668933236 8.67750072786674 7.0751143066744 3.79776935513275
Mesohippus_bairdi -30.3958362080137 -35.572021928545 -13.9521166864585 -23.3413150076247 -5.22467324476177 -3.93222392987038 -0.326791591496149 -10.8358357952631 5.61223835058297
Microcebus_murinus 57.8232292620295 -15.7158824835146 -5.0218763421113 -12.7574943908802 -5.77375882906384 -0.257150995008082 -6.8723112185633 -4.07091188555056 2.36555967096988
Microchoerus_erinaceus 38.8468289855294 -32.0835519568296 -11.2462584184233 -16.8949039459874 -12.2803941159675 -5.10856920462978 -12.4702027155266 3.01754123487357 4.58430024927466
Microgale_drouhardi 39.9292656199642 -20.2415852201135 -16.7742473995151 34.9667890392279 11.1372086728686 -0.509377921807301 15.9146453133972 7.63926283990907 -4.72623481363216
Micromys_minutus 55.1443780997936 -25.3539156912566 -1.23366565474035 -10.0708724982531 9.19241008276498 15.4561460515713 6.68164321116303 -7.46261615502146 -5.05235792817904
Micronycteris_hirsuta 34.2978365764478 -38.142349437075 -10.8057927215073 -17.8350612105313 12.1249668201748 -6.5726806127619 15.5539956414814 -8.71495736354705 10.7580297604426
Micropteropus_pusillus 2.26357685812279 -13.4330978373226 3.36665289848666 -0.318725751455732 8.80766083432466 1.82438278457973 -0.0864562449376151 -3.02648614027968 -6.71707214117793
Microsyops_annectens -38.0783835923318 11.8963315981244 0.719671488505012 4.01770590669952 14.7058229064139 2.6717480851359 -8.59250814847683 4.51838731751163 4.20204954081699
Microtus_yuldaschi -1.58686989028652 -18.6348896915422 -20.6941055387854 17.5725066520309 -8.48296721609657 6.65634277470122 10.5348695291332 10.3477221294044 -8.91174109984362
Miniopterus_schreibersii 15.4003791250146 -43.5519494730093 -19.072631147313 9.04251285246176 10.6379711212282 4.58145897961554 21.2456144604031 -2.48119550440867 6.5522354685457
Mirza_coquereli 65.5532938893247 -9.57610854002664 5.29895733341298 -15.7110219411051 -0.260178815268664 -5.38465128206343 1.15836697925813 -1.58087296875571 -1.61891635422131
Mixtotherium_sp -29.9415400468736 4.4501276231813 27.7207246377319 4.63147245470463 44.3830440004021 18.385925621784 12.038929741882 -5.22442216658367 -3.83258081794756
Molossus_molossus 30.2185152251248 -32.9148428447102 -11.8989014692197 2.03600544166095 19.4336169240024 0.251975176717089 23.5131134259015 -1.57986636668811 4.97550281411704
Monodelphis_domestica -29.5718757360943 -8.32728823466423 -9.69980096178693 11.8189127502832 14.4815914511994 4.37978601630361 2.86097897759656 0.499489764478259 -1.76294543964984
Monodon_monoceros 70.2886368981584 46.1271059424937 12.5053522038916 47.4338254473001 -19.8282876820077 -8.43525287669409 -25.6257988323931 0.66944698782731 2.71083217683995
Mops_thersites 41.0392324568746 -21.3692034019877 -12.1993771708264 4.10358066536433 17.134999708784 7.95006250193304 29.8962208809737 1.63638793676219 5.45314611277034
Mormoops_megalophylla 37.0898041036407 -30.4059792716721 -15.9873359934266 29.7109276342486 -9.65248475610865 3.6342951562147 25.2040789658088 -0.866302345972712 1.64104498497087
Mouillacitherium_elegans -10.4237708815447 -11.6163855063622 -10.6584018744244 -22.2123865027242 8.50863862716842 1.97862181409503 8.62816346140992 -7.6474097092117 0.361621870499168
Murina_cyclotis 47.8775451225179 -46.6849503912466 -13.7457586987798 -0.554527110933502 2.32923725077425 -5.48587455998674 25.7778073194248 -6.66427159941266 5.56354173973069
Mus_musculus 21.0607661232567 -10.958852639753 6.35864620503514 1.77959246717721 -0.762525765685275 19.7985800490434 6.310218142651 -0.353641559767995 -4.48149412691236
Muscardinus_avellanarius 36.4622784817186 -20.3441232625947 -13.7841214214715 7.52999797349345 0.869909483616155 7.17820830446345 2.98098315055364 -6.05163780118848 -4.41558349248945
Mustela_nivalis 34.4256716320732 28.936400121808 -1.33951845128762 -9.61846535806044 -17.8202661912645 5.88324325432272 6.76341717138151 0.670259044346982 -5.67780345001031
Mylodon_sp -2.90546838970369 -52.2508801331535 37.1305151616803 19.5464814071779 3.06641491782616 -10.6765828872913 8.71323316094134 -8.57517250495269 2.67073332024097
Myocastor_coypus -0.228764977175429 -14.4148530391304 -12.1264053080146 -11.768567252292 8.98950281758261 10.9266805756383 -0.742446242898164 1.03277243408155 -8.06857919393016
Myosciurus_pumilio 43.4939746892671 -30.2704108656032 -4.42838665837987 -4.85602058953448 -12.0151807573842 4.55957300352945 2.73213869155221 -4.13825050951279 1.25602349694442
Myospalax_myospalax -21.2265872591705 -52.3301866432173 -47.6056937135922 17.5645262533399 1.12612003681458 -5.99225621550334 -0.716525174664882 15.7991489248756 1.65950394933012
Myotis_adversus 24.4074182423811 -47.7486933056013 -27.6601845677367 3.24682304282801 18.991902752702 0.307579239786016 23.6811274164021 -8.36528818328931 6.95430610498271
Myrmecobius_fasciatus 7.83798213676512 -15.3656840758738 -24.6071242460652 -4.26465405967962 11.9345672016011 -11.9074521759674 7.85782562073999 -5.91529955542922 1.74003820844054
Myrmecophaga_tridactyla -36.3582916002671 7.7543100799416 -4.05918110290543 -24.1972211931728 -7.8344757763506 4.79521219863327 -2.60734251473873 -4.93763696937856 -4.36893103372989
Mysateles_prehensilis 0.751169887695387 -19.0894475703054 -7.7170802568602 -16.0921305405479 1.26178749485065 15.5819487480181 13.0372311134412 0.478931860360979 -3.22996625656423
Mystacina_tuberculata 48.2175137593062 -39.4493184025544 -9.65758341863548 3.76813333624538 18.4180461560959 2.0187539206813 20.4154022287678 -1.56483383621526 1.78344062049769
Myzopoda_aurita 15.0856360132083 -30.8187522557013 -4.36541085346635 10.6605703790814 12.0909450518475 11.8868120338895 28.4120893749238 -0.68221164875656 11.0241351603451
Nandinia_binotata 7.83467447821027 19.9517888362919 21.2797232229583 -23.7134925621654 -1.26690167801503 -7.57408173724715 -10.125660259034 -4.75062608934414 -0.651594044040527
Nannospalax_leucodon -24.0561254044616 -2.99858930848837 -51.0151203081176 20.2054930886524 -4.00924516230932 1.47860540360211 2.02880501756196 10.6681714374869 3.84074694160276
Nasalis_larvatus 93.6872238289689 17.4703572597903 3.74313496110286 -35.265540304586 -4.19442166319145 -15.0922802926143 -6.82518809632454 2.53646674790976 -0.578978496124332
Nasua_nasua 45.740235031275 22.3771025647313 11.7767310656229 -27.9504030116725 -7.98028545547874 -3.70327272783179 -12.5588053901415 -0.366405931083336 -0.47799805267818
Neacomys_spinosus 31.8281485626182 -23.3559697974275 1.40314393320066 -5.3320316474478 4.43319696983447 5.93692809923098 5.86941329391852 -5.46206536364329 -3.76749710886524
Necrolemur_antiquus 66.0150226476945 -39.4900345952372 -12.5285497385869 -20.0503676995016 -6.79184605262518 -0.772228487904467 -0.272525938255588 -5.2703177822752 11.3825864238267
Neofiber_alleni 3.31351335246676 -4.53740899831855 -7.10358507936295 -3.92597591462797 -4.47905738653631 8.63047511725905 1.29275833583639 -3.54115284443101 -4.14077229809837
Neohelos_stirtoni -33.3506431113028 -6.94827341350398 31.6539263310486 19.7736456261728 7.7270018620542 10.6242619473117 -16.1403410879885 -1.17556782713569 2.90946073181286
Neomonachus_tropicalis 67.4551008731641 76.8093745713536 45.2826789217728 28.6968930987951 -17.1357192272879 -22.4586465820258 -14.4336101044913 -3.04914026691952 -6.58348671645368
Neomys_fodiens 68.4016373907862 -19.012815651408 -3.82088674874538 17.9578679572015 34.6721645132141 11.4162662572066 3.07183913127968 6.60945419695076 -9.91311665042181
Neotoma_lepida 27.5295259617206 -17.1232732244261 -21.9580042612159 0.0339643318788946 1.44164626102385 2.16989866147402 4.85349871736114 -5.84445559917638 -3.67180556856042
Nesodon_imbricatus -95.9781327093413 -60.8428897976495 -27.219248534411 12.7166252799471 -8.02943457312874 -26.7825841367733 -4.85302372486012 -17.6334405252719 -21.8932110852232
Nimbacinus_dicksoni -32.9095659353662 2.94624415853052 -11.6536059376819 1.8540727249322 13.710671081459 -2.16705165951894 -7.45552572955817 -0.551528037470329 -10.9606055871893
Nimbadon_lavarackorum 15.3975830222048 6.8376393423831 26.5381613695852 -20.5657964244215 8.97291233731594 2.26906150651084 3.78001531523374 -1.5906680739098 -2.81902991423981
Niviventer_rapit 20.0796386943468 -15.7769289207234 -4.32944666145652 -10.1571581340879 6.20025969963464 2.20917743172445 0.379222525237427 -0.845138716743096 -6.94707536579094
Noctilio_albiventris 44.302959190728 -17.6023662139357 -9.34701073505591 8.98354544514941 17.134068569337 -0.546738928774781 25.4355855460366 -6.7151772922512 2.31472736862796
Notharctus_tenebrosus -4.28197607951063 -2.002574496885 7.8826961367415 -33.2904734085793 9.40917243176577 5.738376635647 -2.83935281483779 1.25171275026226 5.05552856927852
Nothrotheriops_shastensis 45.8015247936225 -46.2791489568305 14.1428049480839 2.05887844687531 13.9441002055372 -5.62563720358941 -17.799577224087 -3.80322489711006 18.834018608126
Notoryctes_typhlops 78.3453528991587 -27.9806306776181 -21.8638520947546 2.16112116470009 3.85109519846519 -1.01128301859095 -5.98619104317745 0.375342082345395 -5.29985233511829
Nycteris_thebaica 13.7226270625218 -52.6116307079063 -24.3310002519306 -31.9344870702331 13.9359323805995 -6.74790633940897 17.1198084896786 -16.0057514981497 18.7660738632753
Nycticeius_humeralis 11.3871224967835 -29.6613031451247 -24.9414021079607 7.96912689798845 29.9655535481962 2.60267134230265 19.9218062890299 -0.772771119204362 1.05340173650638
Nyctiellus_lepidus 25.401082395262 -69.1259125467403 -19.0672501498689 11.9264286831627 15.5787157451342 15.1372120837201 25.3737720702168 -7.77325801124852 18.4934074281432
Nyctimene_rabori -9.0777364037168 -2.950324097186 5.84827076447933 -2.35098419852583 0.0225780614547941 -2.3118489331175 -3.11013018800065 -7.12845930010656 -6.93055210688296
Obdurodon_dicksoni 36.9824484294876 48.2093484553918 4.46861724508288 1.03514848596343 -12.0583355823065 -10.1240848123983 7.25191047715805 2.2062833606326 -2.09469737909867
Ochotona_alpina -7.47028011745146 -20.4498038150447 -7.36473261461075 -12.3367370532695 2.53331678514154 20.9790093350506 9.80364033730859 -4.24471611524916 -2.05928813899917
Ochrotomys_nuttalli 38.175080285803 -13.9521058258683 -12.3139534763321 2.00092978620999 -0.800350851880246 4.17296174592936 6.86168259546141 -0.515610673927146 -5.13461768493049
Octodon_degus -8.57825348748962 -37.4928604705964 -23.1094599202758 -15.6889107243207 -3.25731924953524 15.3093818126173 2.10804821328614 -13.2564062393786 0.793774791214008
Odobenus_rosmarus 70.9911887211207 39.320006026731 25.9324421683645 6.70013101588373 -21.3906942180079 -22.8484212165049 12.9417470704849 -1.71069023302022 -1.89087907574099
Odocoileus_hemionus 22.1997695396544 -23.2133864842481 -2.5014860717364 -28.437953273563 -5.2407661905985 -14.0879852224862 -11.435099493135 -10.2084356830611 1.20879974199188
Okapia_johnstoni -20.2280349202828 0.0922787505595783 10.9348018612231 -22.4696479709077 -18.1956633476892 -13.439241247088 -0.498786879255621 -0.697832082358156 1.19731117270843
Oligoryzomys_flavescens 44.3750820161708 -12.1570592058032 -2.76264105373475 0.931823063696161 6.971094137933 4.01684532084088 11.711964334813 -0.512910799107643 -4.87438879474914
Orcaella_heinsohni 45.0388587493765 41.4394730092671 20.2936590887194 18.7115691500063 -22.2010370302458 -8.40175392728704 -12.9060881379633 5.90252989435768 0.496322051271975
Ornithorhynchus_anatinus 41.1785421238973 30.9771914804674 -9.19967509618108 2.704055615572 -16.0157818104408 13.6662926840921 3.34426566891157 6.6965496077115 -4.65389322374828
Orycteropus_afer -21.0744242014563 -18.8225122574544 1.8445085597338 -33.404983950746 29.1448518371313 9.25971728619383 -7.25870950076267 2.67950353351211 -5.51423458839946
Oryctolagus_cuniculus 15.6868206445976 -32.5135884479424 -9.77316629208643 -28.2109780892189 6.65244150392222 17.1775904715258 3.3987029136092 7.74669423459333 0.282047261443188
Otolemur_garnettii 68.8428442239609 -21.3041338236241 -1.20007243560494 -33.8216155290031 -6.11883063885462 -8.74805985078605 -12.4878666145769 -1.55368283037555 0.613078470724144
Otospermophilus_variegatus -0.0545884632004875 -8.84055581497809 -4.95367084713384 -9.49683235865449 -3.23586415207939 6.01656762526605 -9.23338755042214 3.87696630784055 -4.96992208773199
Oxydactylus_sp -31.6352277673649 -6.44647887839387 -8.06810851792054 -46.2415381750262 -5.47025634734998 -4.90000374191476 0.0227791330978852 -12.2366591286735 9.8839813431247
Palaeolama_sp 10.7369335067705 2.14326048662445 4.60172123610902 -31.4769264001514 14.3621453982468 -12.3306616678852 -8.5109791121105 -8.4860383410426 4.43907641270265
Palaeosyops_sp -76.4550956443475 -65.2778598083681 16.5623472413716 20.2957870478892 7.82312273702585 -2.29883517732303 5.70210974298383 -4.07154728293749 6.75792649485092
Pan_troglodytes 104.831357784451 8.25801554671517 15.487832089265 -48.797030722566 -1.69688972695683 -11.8494375060033 -6.03572053384741 4.48421864099774 3.14276702085465
Panthera_pardus 12.6990233571596 18.9839504298439 25.5246566309134 -14.6613194064104 -6.30236275811033 6.74527923685845 -16.1633427334177 -7.06427004021612 3.5601525910273
Papio_hamadryas 110.206680242435 30.5186397697832 2.84964262125896 -48.3872152193966 -9.24328628141717 -18.521927129872 -10.3654273653503 8.7161997668998 -0.103729311366384
Paracynarctus_sinclairi -0.900079378661121 19.2051354715181 7.43648635391272 -22.4451967185842 -8.09131831907199 -8.96793840880994 -14.4943878073472 -3.51638307227414 -1.36015683354936
Paramylodon_harlani 3.06765807744962 -17.0948395350344 53.9736268213142 19.9550232668191 11.8294180103266 -1.09167847518131 1.91760177688821 -17.3602789324912 2.3711022770859
Paramys_delicatus -45.5915658245202 23.0414982226893 -11.6290150553232 -2.10994854045246 14.1040686835004 -9.83518393467752 -1.64432463267833 12.4959199092257 -0.0160376730953981
Parapithecus_grangeri 107.839893726058 9.36520138190126 -12.3073855023113 -41.0340613226483 12.834101444192 0.251528684130766 -17.8504809604005 -2.16110032434303 -1.48921759373405
Patriomanis_americana -13.7772548934981 24.4824121967618 2.47050163486771 -28.8695661130085 13.0712094737566 -6.66461240593021 21.5521460043098 -7.85300495659911 1.38576840720746
Pedetes_capensis 4.95786680550713 -41.0953397421724 -33.1922444699466 -2.91390295996195 -6.59031516528905 2.26513470748075 1.33094524364291 -2.77354042925951 -3.18815393562352
Pekania_pennanti 29.7914619532816 32.6882958656578 1.96410293536561 -28.8856230237538 -17.7353351802688 -8.96524153787392 -8.17238031790314 -6.41518805201888 -1.89621704850654
Perameles_bougainville 51.2618011600646 -37.8292659064546 -23.1548662616245 -9.33568324015401 13.146897826596 0.652242531010383 -3.64639184156355 1.08529166364663 -1.06616261680362
Peromyscus_polionotus 45.3664365620809 -8.99374721487927 -9.85608759697539 3.76822849018823 1.84406766718949 7.5397142146536 7.03069675288343 0.470078693952383 -9.19293959247377
Petaurista_leucogenys 22.7437224505454 -25.8604472950686 -0.400717725725018 -18.305994057653 -3.4387770766416 4.96755940511638 -5.14151941580881 0.141773276660855 0.489114256748652
Petauroides_volans -21.3230171376129 -23.7486830124461 -4.12573852100209 1.04364817522234 1.00389641501661 4.50057547577062 7.75292425801615 -1.23564521764591 -0.737550986993956
Petaurus_australis 24.5811760495285 2.38362680623538 2.61946565559577 -3.33368396891587 1.72790390875476 3.67677035004185 -5.2386772284896 9.27122868383922 4.02416961800843
Petinomys_setosus 33.8971267800789 -17.9038365131903 -10.4844864122924 -8.33925388157655 -6.11648326626989 0.5505997672095 1.66976481592173 -0.489890687834863 -7.40281810329126
Petromus_typicus 6.15544132370504 -36.0988686301334 -14.2842832770447 -12.0714235254917 7.24911383872854 6.76818216822608 14.632376721144 -10.1094737864224 7.59466552655999
Phacochoerus_africanus -13.073317556055 -51.1781909914555 -1.79396613148144 -1.82078715721594 -8.87639204303529 -27.6434676027932 -2.71575511635676 9.35719389538827 11.7759640621842
Phalanger_orientalis 2.09538986601014 7.51465352954295 0.427952628660558 -14.663651951326 16.4093040510454 -4.64207598680895 -5.34032596039154 2.17459876356675 1.80931277396818
Phascogale_tapoatafa 19.2483540532658 -8.45535827906392 -21.3160223846736 3.29541933245892 -2.06417049374561 -4.87057048865516 7.01949113374599 12.2535184104587 1.85515951577155
Phascolarctos_cinereus 4.10066392655796 -27.9161008819437 8.50558283279376 -8.71924147725827 8.57759868806424 12.3309730339823 -3.3132556861869 -4.10403495676712 -1.90381447103252
Phenacodus_primaevus -47.6841661178513 -0.796602973856582 47.9140262743935 -20.1182381511319 -0.114951436977913 8.6182261472288 -0.932295465128731 -4.67615904533541 6.99477716056308
Philander_opossum -4.30544666855382 -17.3388058277971 9.73439091034016 1.08933214236217 15.3176443826603 -0.650131762096872 -9.01119901257799 -2.93757674859794 -0.619521397363214
Phocoena_phocoena 57.6787615798679 89.5852403931454 53.6590407032705 28.6378778323068 -23.2209946631512 -23.9209973759965 -17.7236119984483 5.92591564782024 7.87701018102515
Phyllostomus_hastatus 37.5132655629673 4.96921682844319 17.1320699749633 -20.529902534923 28.2305093536402 3.44266534096012 5.7414777443729 3.57804903180338 8.79468375065054
Pipistrellus_hesperus 5.01150499877999 -38.6606298013427 -17.3794846288285 6.82650925106052 26.2568917899252 15.5767515466178 26.3830675016691 -4.05732527152835 -2.07695174051877
Pithecia_pithecia 94.3713138713747 14.9078727067406 -18.6725546787164 -36.6675757722285 3.70200172710181 -9.06897100829365 -12.2453087563649 -2.22435962318033 0.69404905142008
Planigale_ingrami 33.0928097505146 4.03756800169539 1.70046657970092 15.6283293170697 14.6542890579959 10.3435395684581 9.27729857464265 13.6146375917178 -1.71609700415121
Platacanthomys_lasiurus 21.1362376700063 -14.0378053181927 -7.49729064193415 -13.604579116362 14.9987968663127 -2.38131812105342 2.46589705135331 -4.90752701857505 0.287709025106337
Platygonus_compressus -13.8337060367901 -18.8187269405454 -5.66708946057917 -8.02106694189431 -5.58399830659905 -22.8348004493405 2.47867211620108 -11.5688190127559 6.62310912769953
Plionictis_sp -5.1859455727434 29.1030949990968 4.72882040748072 -23.4683826637218 -11.5100660772476 -6.19632597616428 4.09855698355784 -13.6446336459647 -3.95843771152974
Pongo_abelii 128.161629955359 12.8765605847648 -1.38273393445871 -44.2286386857181 3.32329154695708 -20.1190164901678 -1.3539953899226 -2.95536630731011 1.94267684330862
Pontoporia_blainvillei 67.3055216120155 52.1528303042229 39.354634636289 28.1057300855958 -21.0533244240658 -14.868485686522 -5.68490563943681 27.7560246888869 -0.986108556117965
Potamogale_velox -10.9265380007608 -11.6083807307853 0.0936121888037557 26.2250376334846 19.2043607239451 -13.1209441952082 6.93377818374867 -6.33665088304656 2.63187359626591
Potorous_tridactylus 37.0626855283583 -20.0886677597186 -15.5130002076779 -0.164584269683534 6.56131507432476 2.16708144312176 -0.642385228551276 -3.37938085902156 -3.97625389547244
Prionodon_linsang -26.8245291019055 25.8404361464117 15.2477030191708 -17.8757427007655 -14.2030941019492 12.499480284486 2.63785737340063 -14.1821460832732 -1.41508904881695
Procavia_capensis -10.5129019047756 -30.4463669707711 -3.38143410199417 -19.3997926770747 -9.78511570444589 -0.60738550707202 -6.67685475547359 -12.8128095097845 2.99736523014328
Procyon_lotor 43.4664837240638 13.7050682027097 -2.01237063329045 -32.0566277529929 9.63498027902092 1.47025526881322 -18.3151386373972 3.87953541247331 -1.56127602782758
Promartes_olcotti 46.2307864888284 16.3388690761769 -0.611349052725286 -16.9757997848809 -4.8015786222567 -26.3286464062173 -14.7052622882688 -3.25361273765895 -3.54912872554834
Prometheomys_schaposchnikowi -5.97370452771773 -22.8850840900983 -24.3858889179287 8.48320811376076 0.022988546411759 -0.521349977012733 5.86047790138373 4.16604748491935 0.323682514877317
Pronolagus_randensis 6.54818861024777 -29.970455448506 -30.8543995795282 -13.2922415231015 6.02609494290115 18.3539172962136 9.7463694741393 5.69409134069674 -13.374197707283
Propithecus_verreauxi 85.0300012528023 -18.7242103918682 -10.8369869083263 -28.7420345536028 7.02255573793028 -0.621164211913809 -7.06123930557829 -4.02180837749389 -4.89611937956366
Proscelidodon_patrius -0.76627407523931 -25.5109952855968 27.6999502857092 -2.78056739046932 -13.8368528538599 -12.3039628878401 3.48708619406765 -8.52047077956476 3.59486034235169
Prospaniomys_priscus -28.6629229107901 -15.092928807593 -17.02661529062 -13.0145173837439 6.04798888325154 15.4327297643889 2.63601055090735 -4.98502265507846 3.26244229121377
Proteles_cristatus -25.8042372608897 13.8883152328042 30.1200883467956 -17.6158312898911 -18.6144679833511 3.57525709381295 -13.3599848548917 -0.367404684979152 -1.17193301481985
Proterotherium_cavum -59.1241117518305 -38.9114085802473 -13.4135348841188 -15.8261369983313 -9.01621853238242 2.55501546620402 -3.72843402316814 -24.6202671751988 -2.48322794735394
Protocetus_atavus -50.7476328333467 40.7962355806718 13.4987540810914 -13.3092832768528 1.86995095955633 -6.61050002001782 -7.88126664346472 7.02972232484191 3.92933792652123
Protosciurus_rachelae -1.35892855427848 -15.9289992805313 -20.5801191611748 -3.46917373034707 2.30873806067601 9.8097636281157 5.69291587163288 -2.13464204865205 1.3446051924422
Protypotherium_australe -16.6777219580835 -67.9423823949681 -5.63271590553499 -6.76540663372942 -1.77379026372646 -0.543853334380589 19.4184756176015 -3.29729719274317 4.13115395561388
Pseudaelurus_validus -7.08600390477198 14.8732723798121 28.3520613461273 -27.5107484378727 -14.5951423193907 4.04820635842003 -14.2100015088152 -5.87857443245223 4.89683373194154
Pseudhipparion_gratum -6.526367868018 -66.9164873939816 1.21746186221191 -14.3782527914242 -3.6365629179398 -6.31807636983167 -8.34796549654912 -6.6905026140726 3.00760764070269
Pseudocheirus_peregrinus -25.8051559586265 -8.05852119001689 -16.8165974834175 -10.219341501802 6.02420023859549 -3.00997679900321 3.28478297042475 0.178809389268403 -2.92451559568799
Pseudochirops_cupreus -24.4382060072879 -15.6771275544896 -9.40223966700641 6.68915261614364 6.11504901363623 -4.73575531807603 1.55459821646936 -1.57640197925069 -2.09983919135363
Pseudotomus_horribilis -22.9822086307653 24.9143180100792 -14.4698212652438 -15.9760838724014 29.6316451094322 -6.19905890433137 -6.0218849016698 9.32528138018431 3.0990355046593
Pseudotypotherium_pseudopachygnathum -33.4693838685682 -52.9832537051521 -10.4193431949598 1.42552866596184 -2.84356948285801 4.42328265618415 3.4745751907336 -6.40741961777239 0.0331614525074298
Pteromys_volans -5.75290063379166 -26.1550485912566 -16.9888882328596 -10.107394059135 -5.95335827709339 -4.35884568157713 -2.10497963051663 -10.8213999146399 -8.96809622784462
Pteropus_giganteus -15.124701625951 -6.83888640268164 8.26461469946236 -28.4511718329898 1.46686377851633 -1.16148045968082 -15.8422485064688 -11.1713965103365 1.42553657634809
Ptilocercus_lowii 29.5103937885927 -14.2962413090184 -5.29530023108925 -7.83637025444638 15.0045380879926 3.49492620359626 -2.82939428432912 -6.56061967425816 -0.330944503660551
Quercygale_angustidens -61.8175030670757 29.2203950081357 10.094300059222 -7.3468879382919 -6.60547146438221 9.24404515400524 -5.215647887259 -7.9625772949326 0.811109120729278
Rapamys_atramontis -34.1467017889598 -20.0021573087911 -7.98987889354285 -12.3867387718664 1.66509623116324 14.7982255768506 -3.24289551721252 2.01617486712512 -0.113290557279609
Redunca_arundinum -35.4242318313574 -41.5720754643658 11.4688908271989 -30.9631143917431 -2.88984112028415 -13.3950983021364 -17.8048557205583 3.00836992386709 -2.36665801108189
Rhinolophus_affinis 30.3410558657072 -30.5476220357306 -0.615421186335765 -27.3145376888213 14.4141891870413 -0.404433384311844 20.5253997940383 -14.9298357981648 12.3910357779725
Rhinophylla_fischerae 50.2603078377029 -22.6994507606849 -3.00411565152428 -5.48322849605106 20.9604455926925 -5.60066982925189 17.879757760424 -3.17368899278238 3.16279638132434
Rhinopithecus_roxellana 115.662120949628 12.2308285305912 -3.33848141543911 -44.2430130717106 8.86119956917628 -16.5289079843898 -14.5657350404533 3.44393692256803 1.61276622238197
Rhinopoma_hardwickii -13.236811268074 -46.7708744724365 -22.162935917005 -17.8818432416962 26.6771731619372 8.19830880791362 20.4218697092802 -11.0374229200446 10.7563668506965
Rhipidomys_fulviventer 38.9913018598662 -5.15974147148575 -0.508379378335758 -15.9962910103838 8.13777511876089 1.90208519108776 2.3015713211216 -4.77591955001816 -3.10809162537137
Rhizomys_sinensis -67.1448730890764 -22.7201000766903 -40.3186643943073 -6.49718581636025 5.00536920514221 -9.38357858615115 -8.91369058240631 7.29794894397042 -2.23010584201423
Rhynchocyon_petersi 12.2695126543123 -54.0828898694702 -19.0876732707211 -17.6311986860065 8.54558244686599 1.29942122479079 -0.519269030532674 -2.56884766796796 8.82549104228456
Romerolagus_diazi 23.3382481105756 -22.0286372975272 -21.5754722974953 -17.2754894322543 2.88121429358392 12.9540849726178 5.5653864298363 1.66071891184372 -5.09389271563746
Rooneyia_viejaensis 51.9816221679127 -29.763436498821 -10.3976152167456 -18.7031729309771 -3.9010752758708 -3.51370584724143 -7.47796506870937 2.9065910549178 3.42262458797746
Rousettus_aegyptiacus 6.40450042468747 -25.937758572802 -9.89434573408133 -10.1127074631542 2.46508038091521 1.44178226753604 -1.13214726320952 -8.19247545162365 -5.39336660253269
Saiga_tatarica -6.4162801532826 -12.7838063954812 8.43438029764035 -8.71612261491083 -18.2767680223248 -10.9643278114929 -9.36171715709569 -6.06506141226767 -7.65743691429574
Saimiri_boliviensis 117.097337999772 23.7235806186526 -22.9777775671936 -46.1113407440552 -0.969158787424345 -13.9667256602311 -16.3539960262254 2.83638972842828 1.06077638829482
Sarcophilus_harrisii -27.9778214681474 -23.11901130439 -12.844108943089 8.75959520300601 15.766080256455 -7.61432772854091 0.896147986050838 3.81146216726504 -3.39190524294453
Scalopus_aquaticus 10.8717565744992 -36.1962686386275 -25.7784994905246 6.80673685349785 -0.823576138316056 9.81944623583047 14.4113150188835 -0.33698930241882 -4.71526331100209
Scapteromys_tumidus 37.2497600823908 -2.31920776472269 1.94981806992516 -6.86850569602445 2.79477818433413 7.932430913908 0.829130988753608 0.0576256574507924 -4.85417158848895
Sciurus_vulgaris 0.264091083354751 -16.8714079730563 -10.5477431436887 -17.2845464249847 -14.1792225399085 3.8828606958558 -4.94954939226273 -4.97802028169511 1.94866582209099
Scotonycteris_zenkeri 4.17304760160408 -35.1493661581515 -15.5152759086888 -0.828249191899646 0.389580392117818 3.71935488630382 -2.7869395831886 -9.59646457547725 -9.92625069075112
Semnopithecus_entellus 74.9090670992879 14.2768556342959 -18.2428257722657 -35.839317491198 6.8401954346501 -9.70399443402842 -7.28054209013137 2.08282653416716 -2.76430274417737
Setonix_brachyurus 16.4508596711954 -14.8700949591238 -17.8270318374246 -19.8909679643181 11.7348447098077 -5.65020625839414 -8.88237630936833 -3.70785796330749 0.306138798754089
Sicista_concolor 43.0262859393459 -22.0200106567123 -4.64439560347355 5.80360337695029 6.14795908704038 10.502049235956 4.28664003611965 0.54128405411118 -6.65059081107237
Sigmodon_hispidus -16.4470290555403 0.474254608481152 -8.39377615194397 -13.5600424859569 -3.33093017092246 11.7456114097389 -0.291583680926468 -9.2505412666978 -2.59173411993671
Silvabestius_johnnilandi -36.7874239171399 -7.33823621064628 7.90535355515007 -12.772291503885 14.0649707253614 1.48657688562751 -5.58892130383978 6.25588446341788 3.66604064594285
Simosthenurus_occidentalis 12.0856516052204 -22.9168241984452 -6.43763093620718 -7.65757808759991 10.0124484727878 1.54495949935308 -0.0361573287540409 4.71456955937942 -5.79427746898383
Smilodectes_gracilis 28.446017477817 -33.6201648285397 3.07920426374176 -18.4062014499928 12.8494762022361 11.2492593190567 -8.7719884476828 9.76301386194278 4.16484622284746
Smilodon_fatalis -64.4640515596674 12.3823300032199 58.5192230103456 4.2114569061127 -15.4133816746304 -2.96076142949172 -17.2262934852353 -10.1753344186759 0.418057182369546
Sminthopsis_macroura 12.4701032594949 -6.5094019789846 -17.2675932400328 18.67011921869 0.478515212149715 -0.395332792674983 12.5285125206123 5.95002081633323 -2.4627876610075
Smutsia_gigantea -5.32125926587457 25.449247607975 23.1012253477861 -9.21483794747849 -4.48488056141929 -12.1959960614999 3.9183167132007 -3.15121939224391 -6.98304297056777
Solenodon_paradoxus -10.8205376197151 -28.3004720105966 14.7087506571859 -4.44063485098569 10.623780066452 4.26705120394463 0.667054411673767 -4.04136356655518 5.11090008008597
Sorex_araneus 87.8207914011437 -36.7501879909974 -0.0986737526305953 9.36582323310484 21.5399080839329 0.471241823834055 -2.03456767274207 -4.57943388945418 -13.0332459436626
Spalacopus_cyanus 8.65818312578177 -30.4757331155331 -25.7169847343464 5.61637392911899 3.1759985634055 10.9614246537589 15.4676566249011 -0.830123074124627 -5.50610005875492
Speothos_pacivorus 15.6249480489034 21.0858731230833 5.77805045046195 -15.0672582509944 -15.5808494786391 -1.18920715930358 -15.3605713425644 -3.31665960204218 -1.11563652816614
Steatomys_pratensis 31.3826375010879 -5.92282062812594 -14.2071564069943 12.1986863501332 3.59729063182853 14.6981580658679 9.15387332447543 0.900201473611303 -10.2928233706001
Sturnira_ludovici 49.9821435584882 -10.8170872605592 7.6081286135227 -12.3382004274059 5.60389626895851 -11.9682045518112 16.7272349834765 -0.928116444770165 2.6332092945482
Suncus_murinus -10.3357836910486 -22.0040910544645 3.08856922857644 17.467590036088 29.2122520590267 14.3410777671179 -0.0369039625964963 2.14331768416595 2.46843840958777
Sundamys_muelleri -5.77585434521088 -11.061331400025 -15.5988910263553 -7.52970836504212 -1.19496056399009 -0.525153261607842 2.32831813945645 -3.20706884559306 1.340420665693
Sundasciurus_juvencus 30.4614615704806 -22.0886769464086 1.90145976753157 -12.635782789124 1.9331189217181 6.24485927228987 -7.5168398097821 1.9905505754457 0.921165114637785
Sus_scrofa -14.1039701252761 -24.2344556865441 -21.6698443330487 7.04985690867154 -11.8623162215277 -24.0772371282596 -0.831273541370724 -4.13174490957854 6.57623830789298
Sylvilagus_bachmani 20.4211820458602 -40.3806047525576 -31.0634094953968 -13.9317857596758 5.35896584406459 6.92284046152964 4.59059361343455 -3.71359842709061 -7.73803359371458
Tachyglossus_aculeatus 43.972221321756 49.6222938427742 7.21365445453464 -12.5167313968107 -8.77727902511494 -7.46997452503156 1.00801996308542 12.1058441923759 0.580020842388201
Tachyoryctes_splendens -59.8790264649223 -9.26921819912467 -32.4733315019875 -9.71048176278762 2.47840784402349 6.28281374961347 -1.65744924286936 3.33451889820835 -2.64325074742949
Tadarida_brasiliensis 11.7054951991785 -58.608454966968 -19.8680155553734 2.15165982785109 15.6229007122595 15.5462645972548 26.2742559036194 -8.77064838399263 2.43204463521333
Talpa_europaea 83.2360213765753 2.99295543368566 13.9184205148885 -17.347651792379 13.5974367598394 -8.36752568740524 0.275048884543007 10.7815713577123 -13.2893213486569
Tamandua_sp -8.91142788580466 -3.96546715910106 0.627935033337663 -16.9479244847315 -2.39178358560707 3.42962637426402 -0.889824820789017 -5.8132085889468 -7.04987343493957
Tamias_striatus 18.9875968117597 -16.4050456266341 -6.63638879693943 3.52542283473323 -7.00992906352539 1.33589848080564 -1.54671600819918 1.96628697244565 -8.22881427987945
Taphozous_melanopogon -8.16994736369864 -26.4838844358466 3.74671094049984 -15.4877757418258 18.5319237710748 11.6303365915588 19.8538935389977 4.25308456899047 11.3189803583605
Tapirus_terrestris -58.3015420384713 -71.9743884760598 6.76321854591647 -10.013183264158 -6.82381762554525 -10.5383757036116 -8.89128407079152 -4.16082124570263 -0.313583074003236
Tarsipes_rostratus -3.90122868723299 0.226693706680686 -16.6359227779932 1.06822621294577 2.18212964854638 5.40591059836041 9.47956617354809 6.64065130730638 -8.14841745114012
Tarsius_tarsier 100.043466621041 -3.58491777819424 -8.42829523360002 -38.619463034794 3.14935896341812 -6.24739571253569 -1.99870223495037 0.591959713637422 7.32394088269059
Tayassu_pecari -2.8026843298412 -22.3634364684481 -11.5454828929652 -0.586463000416671 -6.45768504729922 -10.3835553985595 -5.30289648522582 -2.54398448400689 3.14620149648941
Tenrec_ecaudatus -21.1948538223961 -14.511081386132 -26.9758483664091 15.4329029375235 16.2740687864489 -14.011325050696 7.93205436210345 12.4436423247496 0.681381433059863
Thalassocnus_natans 52.4327380275279 -14.4148658323932 25.6392705897198 0.8601210362601 -0.642278682841827 -12.5706533487071 8.51771722397457 -10.8772378290621 -1.54697255768292
Theropithecus_gelada 101.924524290401 0.930606318366641 -16.4456884790918 -42.8717830544304 -0.668663284508012 -14.0942041308044 -10.1469802643662 5.05165559338609 -1.27840185010909
Thryonomys_swinderianus -36.4616761810381 -26.3627387570625 -19.3705508594638 -9.64040225668434 4.82455081728047 0.0786779080198906 2.24150820809287 -2.54962257383304 1.12067609550194
Thylacinus_cynocephalus -22.077155785226 -13.7577745408449 -1.48173822647047 -12.6591725011116 5.51360438017206 -4.80872070892946 -1.98946773326425 0.659309928378458 -6.47738878131862
Thylacoleo_carnifex 14.0152465386832 -22.0267630665627 9.98377010531098 -5.76174297060336 5.27125308606567 3.23077798315078 -14.5151083989384 6.92312211422836 -5.5045922403098
Thylogale_stigmatica 9.25696500779508 -10.0969130382479 -18.7465163854711 -9.16846043961519 11.1467877458066 0.587090141986258 -0.625273832186584 -3.75892108238508 -5.18835092852081
Thyroptera_tricolor 48.4714924332686 -24.5122133826533 -5.91682599335033 -25.8860348682253 21.7045507989831 2.22205499692349 6.81781577838479 -3.32762513952907 16.2488337408146
Titanoides_primaevus -102.078297318233 21.830849435863 22.0561581000855 9.18340544712834 9.54098649019737 -19.178691333614 23.5469627356359 3.0394330406218 4.37603434445927
Tomopeas_ravus 26.132767810897 -44.3841926591562 -6.71583161757678 -8.75418298258882 7.51739417584389 8.24158150141916 25.0218299987096 -3.23156973103453 11.1036913213457
Tragelaphus_scriptus 5.88814656780878 -32.188793590874 -9.57583885478162 -21.6294074502471 -2.21583285013216 -5.30626924448078 -1.65887145390958 -6.43150360181836 1.49862608261166
Trichechus_senegalensis 5.3931629056153 -28.4833515236665 9.15522675653609 -28.6312194183272 1.60941519227395 -3.80154518730662 -4.15083003398079 2.42663731962074 4.86427955711308
Trichosurus_vulpecula -11.9714536288497 -12.349114756475 -3.583341372214 -10.5740527871554 7.72097366195016 -4.30730226510575 0.281115886802503 0.867609662507675 -0.653371239449558
Trinomys_iheringi 24.5472549805552 -32.277097482527 -6.7417550122769 -17.5779689737074 6.30722514124857 9.8776505858557 5.59865843726642 -10.4807008960057 0.646980960204199
Trogosus_hillsii -48.2879401299687 -26.0390839584118 36.6548979628244 -3.78145438627552 -0.103678432060158 2.61366630544811 -11.2889880769006 -6.61419106635857 2.5535977072447
Tupaia_belangeri 15.857222878694 -15.1439777373345 -8.06657589277232 -9.3513985327351 2.46159824796062 -4.01724491522231 0.585887668394212 0.233316838583969 -7.9643150651776
Tylomys_nudicaudus 12.7447236459617 -13.6903869416538 -6.59738284209266 -20.1551705974681 15.449657098068 7.80258747893711 5.63678851764011 -5.5107596642314 1.16258529691976
Typotheriopsis_sp -73.0669199020956 -41.3747354171805 -36.8001301549866 -3.79010899359413 11.7799780670742 -9.70558181773235 5.91186103943977 -12.7052205880558 14.5532642042667
Uintatherium_anceps -72.1536934905154 -42.6691473775914 -3.36035002882963 84.9562462779461 -18.3843597770716 -7.59738097244083 27.0737543318172 7.38878042879066 8.56946298288342
Urocitellus_columbianus 2.18308356621642 -15.9340368021205 -12.518838150488 -8.37154554367527 -7.20905443665224 -2.14795388346991 -4.29144047759117 4.10284958016375 1.22168831226532
Urocyon_littoralis 30.9584232402317 9.53961740463571 3.66257308244677 -26.1960234843913 -12.6395362564634 -11.4640073900685 -14.3731514196673 1.08199696541123 -6.68259110063777
Uromys_caudimaculatus -3.44511002548962 -4.93547808806812 -11.760846814266 -4.17883812920502 8.66157917485643 -1.22417235196361 -7.65189488751509 1.82305267943814 -1.0599454701158
Uropsilus_gracilis 121.427518871627 -18.5884818533282 -6.6724772288475 18.403430249804 13.1551628894579 -5.1820426871114 11.6231910981652 4.46914678005255 -15.019930461439
Ursus_arctos -15.2915507075794 26.2277685186319 19.0839624830561 -4.53105673472072 6.1136855935062 14.1892768361127 -19.919388818089 -2.59412785561027 -1.84898869721834
Ustatochoerus_profectus -43.7207245719998 -8.26629911766757 -6.68822177877669 -38.6597927170624 0.0644427187524121 0.784459479589419 -6.84398135666109 -6.3271597868697 6.20158214034444
Vampyrum_spectrum 15.6359425914614 -2.16913080800606 16.81948186013 -14.5530096868928 12.7447070800298 -18.9830460466942 3.93230186724692 2.95974256318311 3.62243052421793
Vandeleuria_oleracea 22.309866643525 -8.11368634576245 -12.6010647559669 -7.15397757927629 2.82451789700455 1.37236150634315 13.1235933923518 0.461886601902513 -4.20668529398597
Varecia_variegata 52.3301281347469 -8.08111851056806 1.59847450939887 -25.9956152809139 -9.05093847550138 -1.87445629052882 -0.236450247541911 -1.05730198455908 -4.27173505073968
Vombatus_ursinus 7.13683087772833 -15.1628832731777 -10.2414604823018 2.19189232246054 6.97846626462122 -6.03260552447947 -3.3859937190826 7.01839045100904 -2.83325987676965
Vulpes_lagopus 30.7538395209915 17.9195312781601 18.2955940426067 -16.1986488271474 -2.52767719835714 -14.9944510152161 -22.9553397647547 2.191642899894 -9.57641656133091
Wallabia_bicolor 23.5278143421472 -15.5389581860229 -5.00629741989631 -4.98710276775659 2.83569798041242 8.52728019887953 -6.18639413476814 -1.09831308084087 -2.57190062654261
Yalkaparidon_coheni 30.7984224868862 -21.1542405277576 -11.9167090688186 22.726572570757 2.09220888194874 -2.04975885920505 4.7494293995328 8.2386042141526 -3.00897244705508
Zaglossus_bartoni 68.6869866775507 53.4443077390196 15.0654265309349 14.6353610222685 -1.40036629074611 -14.89932308752 -4.93294258804711 15.6700088911404 -3.98310693868007
Zalophus_californianus 39.0326663298359 92.0800403522762 34.5883231495309 16.2482999447332 -24.5000621153673 5.89531390862489 -19.1016397000685 -11.6810607267839 -0.352794932657131
Zapus_hudsonius 21.8983652185836 -22.1706043096953 -17.3869832372092 7.08035826336334 15.0945173652535 3.98049347241106 8.40696682947352 -0.897030060608096 -4.88752832685512
Zenkerella_insignis 4.26083779784389 -19.9780611078313 -13.4131583998598 -12.361730674073 3.13461503796723 -0.734316601057189 -0.989769924348461 -4.72548800721826 1.95250916048518
Zodiolestes_daimonedlixensis 10.6478286445982 41.0757334786454 16.7429839869318 -13.6465483844944 -18.6513927793954 -5.97121213599933 -3.77246601619966 0.593442751283222 -2.11894503554186
Zygodontomys_brevicauda 18.763855027448 -5.47606180267522 -4.93918155019226 0.939961967515201 -3.89023350691392 5.42031600479969 2.54495160980349 -5.55923948781895 -8.44947687819479
Zygomaturus_trilobus 21.3113958982034 -1.4110319858685 14.8697942556809 25.6164385381179 -10.2739654492934 10.0764014746363 -21.3829077202175 -1.63630096026343 1.31287588545259
