Abrocoma_cinerea -57.9733941249123 -25.6241190625886 15.7530444716211 5.66562820776819 -3.10581492592128 -27.7224981053748 5.31055521925863 0.619840315624239 -2.02645236736173 9.95872805622237
Abrothrix_olivacea 13.6985215867952 -11.3929035430278 -14.7814198608254 -5.01745197242447 9.20048154328164 20.1294390771018 -0.908730767386225 10.8054395021547 8.3630149370336 11.8840052356924
Acinonyx_jubatus 9.40615393969253 2.83310828444866 16.9150968045832 25.8077268463717 33.226493634024 2.79406782472242 -11.0644575653383 -11.7931939666645 -5.90093265600768 -3.39444158937698
Acomys_cahirinus -0.730875156812812 -21.7323871193524 2.01819005641996 4.10776521865043 7.12078581245705 1.09016513151027 2.98606855740111 19.857478772715 0.833992366699354 3.8942505335474
Acrobates_pygmaeus 34.603530111037 -28.6958703808378 -4.71997212212879 23.2119012087539 -23.161212159084 0.621845790044025 29.3943894210581 0.315927690072247 6.80135662329427 4.83108829169486
Adapis_parisiensis -29.2896895640751 -22.4131699061031 6.32811775376088 20.254717726423 9.66666683818077 9.05336267900391 -10.2544210839765 -3.3489442723336 -5.51591094058658 11.4299797433147
Adinotherium_ovinum -66.7148843441175 13.4396628868092 -22.3216895427272 -0.190619896581348 13.8893656592434 -8.69973485331943 3.02392946189984 4.14006402085978 6.32133935014131 12.9473807330331
Aenocyon_dirus -24.5558066560443 16.8530262014235 -1.63108680152208 19.9445906206099 26.1145605823142 10.307396201391 -23.6442447787925 -14.1354019399643 1.01250006776209 4.72881823173815
Aepeomys_lugens 20.763483429935 -10.5732706189619 -0.0601404674339192 4.07508746810325 8.58726726200958 17.2575710886055 2.35627137417534 13.1587880324277 2.16249629257146 9.24725438145181
Aethalops_alecto -6.91888352658068 -9.84527824606262 -5.45013527220967 8.94304266619565 19.6971772316316 -13.7973369970403 -1.72417534761142 8.13722100126478 0.867533952151596 6.21043404534814
Agriochoerus_sp -6.58961784461168 -9.08118813814514 40.4891483991004 -14.1735412098161 7.7504982486776 -15.1838686358577 -8.10679117417971 -1.62638589103521 -10.3230839833895 -1.01278351883931
Ailuropoda_melanoleuca 10.0914271273109 8.89823197938292 8.06378057184543 18.1358149730997 29.4721273495019 3.72253828671933 -5.21207838962206 6.16352119045936 -2.54761488074902 4.77074259470562
Ailurus_fulgens -10.7290731615544 -9.88935435706905 21.3060613672846 38.7482114024273 18.2007870105344 9.16833847560068 -11.0739457237278 1.74641112259781 -3.77741131865351 7.93901230495856
Albacetus_salvifactus 72.9106965346845 34.4873140818009 9.78564351970324 11.5559476277065 -20.6207917014582 -1.44306543336041 -16.0447085060394 -2.65071600479742 -0.165106421826809 -0.65607326745563
Alcelaphus_buselaphus -9.24174162705889 23.100735679929 -18.2508759814959 20.3188766463452 28.2957515949293 -22.6576110939767 -3.76524821828911 -0.344127287269533 -1.15122947560943 -2.74564193853263
Alces_alces -43.5988067043868 17.9359881742809 -0.299599875612944 24.3821143575358 21.5756953219883 24.729821383553 -11.9177195423631 -8.04454679372586 -11.4111844993854 3.33835537109029
Alouatta_palliata -9.31215995330002 13.4158146730434 3.17762882148896 51.3633575718797 27.1149034774206 25.9901643862598 -20.8016859502504 -7.7804659527682 5.18508834023373 5.84508343809768
Alticola_argentatus -5.11977321977033 -14.6664762982146 -4.11100585388655 2.5287014534889 -8.11777188018608 8.63521187425912 -13.0403616539265 2.44396115773983 3.0529059457044 6.25354203229388
Amblysomus_hottentotus 43.7467813744421 49.0465732531816 -10.9506944312047 -4.21147681420558 3.80610997745024 -0.537038210221189 13.750946192528 15.5922511605487 7.60984742467253 -0.385290442023413
Amynodon_advenus -57.1359307270216 -1.14321009810003 12.308721346652 1.39389397067668 -3.30590521146312 -31.6389257923665 -12.5166289711317 1.86773388683771 -5.88447475546913 10.8205183900406
Anomalurus_beecrofti -34.7670379214013 -18.2527079947642 11.6679837241071 18.8446781136114 -0.4460351027387 0.304041935336896 -6.90728979592829 -8.70981946343754 -0.85271920230764 8.17833849063967
Anoplotherium_sp -34.6385484671351 -6.53422891290755 19.7335568596842 -20.6197706865921 8.87892121086415 -20.7478213070504 -13.5307354591913 -4.62221763139041 0.0754458143296135 5.12600875768794
Anotomys_leander 29.7758178153656 -9.5263095579196 -2.10193129509862 0.387631982047038 -0.416360314766874 23.2163827271178 -12.3055865827441 2.02187728943865 -2.10116457204023 5.03996070331786
Anoura_geoffroyi -26.3320727410023 -8.79039583570693 -20.8650567415188 -12.0467106061096 56.439249902442 -5.13582995081824 75.9160042643978 -7.08167337722244 -3.45831595183665 22.5278989092404
Anourosorex_squamipes 37.9176884932794 18.042686477328 -33.5764474579756 -14.6690238048776 -1.94410406382896 10.2338502100069 2.84372621815358 22.7284028601841 1.54710710741474 -1.39811230616074
Antechinus_flavipes 14.9288655034384 -7.50642266892307 -13.4120233484228 -4.74145198382519 -8.5801848227993 10.659779741165 11.8063085024725 2.98398425569055 1.90951694888805 7.34927937777538
Antilocapra_americana -23.1325561680037 10.0959725333449 19.2980254254978 44.3526667617378 40.4603236979243 0.237996417050986 -5.5452192081156 4.61125713072332 -12.6440061551558 1.54740130920491
Antrozous_pallidus 5.68568833994909 -44.6648053835023 2.61042672878737 -22.4404003886505 4.49923075593013 -17.4384535475967 -2.26689237429799 20.3879972945622 1.76997547474025 3.82961451590393
Aotus_trivirgatus -1.81039581100029 28.3554606430725 15.1339048204587 33.3738533815702 33.7034539841925 34.8322783702633 -7.9450028448901 -17.2519217803913 8.18416478760284 7.46845570122244
Aplodontia_rufa -4.43133311975479 -21.4831634944166 -13.1318153196143 1.052794785519 -8.84349140074461 5.67170659310984 0.960761518436544 12.1883167955452 3.22310209267163 13.7112368149399
Apterodon_macrognathus 30.6316431327847 -16.7842752423817 -1.19865135597424 -6.4743853395623 36.7317955515867 -20.1022207301138 1.99922957347255 -11.7009632603985 -12.275289983185 4.0121333995482
Archaeolemur_sp -13.6418359202937 7.61597921786154 -3.45689739353889 51.814197448892 8.04319894912673 7.25034667891384 -9.62327076694527 0.00596707336109985 -0.0307875131213169 2.99000140806463
Archaeotherium_mortoni -47.4900154899224 -28.3407599349072 15.7769096022327 -9.97901113421981 -1.42889726040846 -8.57643189740947 -10.8170451990584 -13.559090467122 -8.30288148261223 12.7961641860903
Arctocyon_primaevus 6.89162085189785 -11.7658174870334 -21.7104508463407 -12.1456048783106 15.3344036179085 -11.7583714537568 -19.6810851336708 -5.61140299325959 -0.291561238334836 10.1368325756737
Arctodus_simus 10.194681450478 16.1986413830756 10.4966652033691 16.6754037280124 9.40831538704568 -14.6938895632631 -26.2625268833067 -6.51851099546116 -6.41684342776913 8.69256010542791
Argyrocetus_joaquinensis 63.4385020476708 45.1695447568479 -11.0033239414981 -12.4493919285226 -51.6150612780253 27.0520868512614 -46.0689934424228 -10.9034691708795 -17.6484779654542 7.53329833219497
Artibeus_planirostris 49.2792224815285 -38.0153755831672 5.06793461220545 12.8625158214107 7.84342172787346 4.56898920296943 4.76833016866207 11.6591362688167 -8.29514662810338 13.6923225236572
Arvicola_scherman -8.14511661642114 -4.79726787117105 -18.9213239629378 -9.74969440395274 -12.1743973643204 9.84376468396684 -5.5661118989309 -0.690890598848692 8.47347965762072 13.8428397184174
Asellia_tridens 5.23179897113882 -43.3214705362084 13.974176168012 3.55336278598062 9.14635589223882 -25.0481822887836 10.0972742243587 14.6050351688108 -7.11287772759411 -1.60596044602992
Ateles_geoffroyi -7.08840642367288 39.28597315654 8.36262982803377 59.8295940472424 17.9824091400259 24.9166190990422 -14.1993504532059 -2.57285988396757 9.8709330540856 -6.69704291790637
Aulophyseter_morricei 58.2908410765487 83.0103506631572 -17.0706238615057 -10.6856689406393 -83.8573651405539 17.7295688239701 -19.9812967382426 -4.0189802353076 -13.7974726657614 2.23144377021684
Australopithecus_africanus 8.3034607694601 30.8140593241435 2.58690217400886 66.876587360203 14.4366277336532 1.88681390271437 -20.9831545771053 -7.91693995687355 11.492637147859 4.79754659959466
Babakotia_radofilai -29.9856238875484 -1.32919899210608 2.94917504371252 42.1815893781543 11.4245292887887 13.0009871682831 -19.9831157731811 -8.39740025617901 1.76578658973125 6.65469179929227
Baiomys_taylori 5.13451042544705 -13.6892074924595 -3.98164947522761 -2.07861960138992 -0.820001791901074 7.7750403996478 -6.73003154527449 8.49531617856901 1.80720072910625 4.84720693488237
Balbaroo_nalima -17.2621346929219 -23.2194699281073 3.09646534728833 8.84505526538858 6.6743918455202 -1.28598801638839 -7.55657179834554 3.58156426061593 -0.853225457367586 5.25305123831245
Barinya_wangala 2.05838037703339 -12.3982146083539 -5.80784289107434 -13.1826218345341 7.71384190905561 -0.448575305366452 -6.15319877834997 5.48307365644847 -3.4436408427767 6.66597495901522
Barylambda_schmidti 63.4484095520064 -37.3669422378 15.4341097116426 -16.1857701824783 -14.7325656328101 -8.0921062103815 16.0275177912036 -18.5060725026174 0.876489932496263 20.1017868023848
Bathyergus_suillus -14.0586434489803 -34.5687912686162 -27.3903381733774 -9.17265855226015 -4.7557049888756 -2.43193009479025 -1.89059199499977 5.29389073852591 7.13460849954849 16.7343665795373
Batomys_salomonseni 6.05121761541777 -10.898295394291 -1.84400087081683 7.56262582350958 -2.76355551895978 10.3133219221949 -7.28807882127717 2.04465963785893 -0.775797846503502 7.75301121619928
Beamys_hindei -9.34624590172882 -17.4123592732476 -0.36256470540907 6.91781821618336 4.25290471947255 -3.02612045581023 -2.88837306172597 13.8838456082612 3.80133474505514 8.0619106400023
Berylmys_bowersi 7.52666915969046 -17.0854411153952 -0.883084755663411 3.1325190702738 5.83335103215332 3.03427641382383 -7.19572525647093 9.98395369881348 2.96724489407829 6.10076999359072
Bettongia_penicillata 46.7300127098415 117.705162525213 52.2053364153651 -24.7403764991349 69.6520978094248 -42.3828006226576 4.80465116936319 3.87484240174517 -32.7350046318539 43.258315078238
Bison_bison -7.94561913179877 35.4610316761475 -0.0123696841079629 16.3013364614974 27.0490269665499 -5.11146954122483 -8.31438508812522 -3.86900482041841 4.54831598617398 1.04991077382727
Blarina_brevicauda 36.857050715369 30.1850071741014 -42.0780992307223 -17.7437566111312 -6.78284992642841 12.4982352124189 1.6001831388597 23.7697047132537 1.0789789242714 -1.64057505275959
Blarinella_quadraticauda 27.5815763545524 16.5954205449509 -39.3352854234552 -21.0299229189669 -10.4214487152286 16.7753154702314 2.73453865067793 8.83302558403898 -5.94031256093003 -0.282416055938854
Borhyaena_tuberata -17.351202627783 -11.06529963545 -18.9623208594683 -2.33433761209569 24.6634889750595 -11.9586606158807 -0.567088583703951 3.59385538569532 -10.7239377802478 5.23215110080514
Bradypus_tridactylus 16.8252084023981 10.5641056690257 24.8364725694729 14.8245069085054 10.4975790735613 -13.3049621425934 -1.41679944210066 -0.965495302124986 -7.57861889556009 -1.3817659389222
Caenolestes_fuliginosus 17.0363744948189 -9.03871126632506 -18.346093709553 -11.0275676260323 7.31374085595676 12.5461319606822 9.84196972914219 17.6874737246465 4.9625353192052 9.97831432511047
Caenomeryx_filholi -54.4523136186703 -15.8889595662632 13.958796475705 26.6824766186527 12.5419465385743 -4.11930658810281 -1.4822158782837 -6.2134262486735 -5.74206161112149 7.16939437328384
Callosciurus_notatus -22.0545530122825 -21.2908632816742 3.6757304698924 30.2208069622996 9.4897828178451 0.378835713058973 -6.9948572529755 3.81095707611191 3.6032222862296 10.5280558324051
Calomys_laucha 10.3390724152011 -23.910490304976 -9.7031677324228 1.87085712598096 10.5620049586966 10.9363073410503 -2.56842153736502 6.28732374007713 8.06645729687784 11.8267853755933
Calomyscus_bailwardi 0.410157978736222 -19.6032930685002 -7.65633093677989 -1.04825169594631 1.15756733994302 12.3168873997735 -6.73158122240606 3.30534520391664 4.3044586121742 7.41439882976571
Caluromys_philander -2.86996041394902 -7.37232919261492 -5.76214734455836 6.46965874544776 -1.43807380201172 12.3002757370994 -6.89814458057229 -0.24848109586486 -0.777967060182727 -1.43813891797995
Caperea_marginata 41.0090313666936 37.7855184271231 -18.2704376940181 6.77763730494008 -46.3663453194224 9.47526374324357 -24.4733727635659 -6.33020984426058 -3.28560349989767 -6.75247762261663
Capreolus_capreolus -37.3745923227638 14.2492375834514 22.8425320813802 44.9807743114215 21.3395496901177 5.99947539253395 4.3212317570057 3.27591645792534 -4.51628803831448 -4.45655928705541
Capromys_pilorides -18.7319402490607 -34.3812333277931 -3.82496119921333 -0.273963941471591 -10.1962541295275 7.28622932666614 -6.40313552423246 1.8136967739393 -2.24169750594525 2.61158638632027
Carpocyon_webbi -7.15956606481156 -9.50865034466883 3.40659939010124 20.4551270585825 26.6844891551471 5.295349233202 -16.5383356095457 -8.29539700945941 4.54280968473582 9.19155456339483
Castor_canadensis -16.9918204456972 -14.4485719613441 -7.22738631511253 18.5077188024778 8.8054661349438 2.87930695337751 -12.6170638550254 -1.82382680141071 -0.720174290576223 13.074795784619
Catonyx_tarijensis 34.2280220047369 -36.6474393012646 -3.02164488206899 20.002474485832 11.6670625937678 -10.4601673245009 -2.65559877888367 10.0937767306929 -0.0568341048991659 7.28278543311158
Cavia_porcellus -60.2433055407004 -25.432246101306 16.3468732402462 21.5030684081422 7.71069868985369 10.4480806437099 -9.98402185613515 -3.65404135547315 -1.39086731113605 9.59737527397008
Cebochoerus_lacustris -24.2380042122608 -4.88374321489548 29.1728567252776 -23.0245251523222 6.71403562073561 -17.7379644287777 -12.2900043408345 7.5089833159551 -0.0509770807990044 1.53176020907714
Cedromus_wilsoni -42.0854845922547 -31.0060309967904 10.6471368706137 17.5013241489888 7.73337994458628 4.51890303471901 -8.97582779220249 -3.57965535070262 4.08137670000796 8.44270288093844
Cephalophus_leucogaster -32.9667756307404 -2.00863789744801 2.00075443625027 24.8981191611686 16.6887023871691 5.73674557310848 -7.57200486150116 4.89145152427203 -6.4771404139088 -1.788314525369
Ceratotherium_simum -52.7606743181643 1.11749405047052 -9.04621164905793 16.4733738999568 5.5636366642423 -4.46606688718938 -5.31288369063437 -5.92746581193125 -0.661480087415063 7.81116892815868
Cercartetus_concinnus 3.53623028398866 -21.3339137673875 -8.82687292956074 -1.09130031137017 -4.84318369901128 -5.48591908641023 2.100792653152 2.73644194743295 1.35433722740562 6.89385338640222
Cercopithecus_ascanius -3.47889839499841 27.1360500834815 -14.2937610162493 37.4821248959249 22.668380511128 15.6984769468499 -19.7463860736243 -6.57702532931617 5.82068786472224 6.1503221508843
Cerdocyon_thous -3.63469267442859 11.7259805490045 10.0410560136816 27.6427695749067 26.2141107730911 5.12470880674026 -17.2107721765449 1.33920910316456 -3.9271275447079 0.605708795180166
Chadronia_margaretae 8.07964832101062 -6.00193340214084 7.26576970622659 4.55783922412593 9.45433285646588 11.6342923904013 -1.74069387115303 8.72832469855372 -9.90471459234779 5.43041116984844
Chaeropus_ecaudatus -30.8861284527972 -5.1450783304717 -17.892047618402 5.82610144184553 11.300650001928 2.65347189859678 0.382885037416992 18.090153200994 7.46084739810098 9.01345338072045
Chaetodipus_penicillatus -55.5225542054483 -19.1619640817375 -14.2847449145326 8.05906999952121 1.6071878979786 -9.88267537895679 6.84379156938256 6.18897046729736 9.76873197392283 16.3781947572391
Cheirogaleus_medius -4.68404244842124 -5.5427165932641 3.15656083565681 26.5539128840119 9.42190323768003 19.5857635092896 -8.37401896502441 -3.46354412644315 2.81722905945802 9.24343089247355
Chibchanomys_trichotis 20.5611597648999 -15.7577506314039 3.62467307901978 3.76704821079508 2.27607532228307 19.3488282208852 -12.6995909954529 9.15175317929916 0.734238722103645 2.76903480419032
Chinchilla_lanigera -90.775827367277 -15.4348737196474 -1.09562013602282 37.1876369805316 13.8034361772739 -10.4367969981037 4.80159511920869 -1.48833990406146 -12.3725889013889 6.91560320926866
Chlamyphorus_truncatus 66.1786450712292 37.700228477465 -25.1137032130895 -4.85017371234893 0.629746238822646 19.4412867838871 5.4355661478924 35.5479731173293 -3.65709278910027 -2.45747446677503
Chlorocebus_aethiops -8.45888678971373 31.5315678178324 -12.6623325638708 38.3484547611741 18.566032276031 14.7944680730647 -22.2206781058557 -11.8890454684816 6.62544394461962 3.91782731553378
Choloepus_hoffmanni -3.7274874164321 -4.48999891338433 -24.5306355800753 18.193725195159 0.143356770244541 -16.7130531858573 1.19337638134528 1.02826487159554 2.24290792458525 6.3557118488473
Chrysochloris_asiatica 37.3751068730189 51.7640261248528 -28.2490785318056 -14.577473239876 -3.68493354412824 4.0692963811556 13.7872723219432 16.4912158558223 8.77196557723468 -3.28326888658235
Civettictis_civetta -16.4577549660018 -6.29780327262748 20.2904554406074 9.14371259129727 28.7461758047827 0.447548124112602 -20.6992069794562 -12.1590387236356 -6.03849366824881 8.34407266513132
Clethrionomys_glareolus -3.18430190537207 -7.5394484227869 -2.87710718579569 1.74848739145796 -13.1283378784212 5.99544785156323 -11.7748588853768 2.94942295459593 3.62279840608848 6.18931831628117
Colobus_angolensis -5.69231268596008 24.125558478462 -3.97026069725789 50.9548010319338 25.5780369318186 31.4787325097554 -12.8541121519714 -10.2578275921034 3.44996427011131 0.476846960164512
Condylura_cristata 11.7453942920495 -6.74570118182404 0.0188505990685401 4.44786229606336 -2.40093893022382 19.8171675344016 10.3293964271034 -1.40584209825038 0.861384369608241 -0.862386863650741
Cormohipparion_occidentale -39.6766786033926 -4.66323200003834 6.36451880542632 19.5205315257714 29.7152317662429 15.2895822943271 -11.4539698871404 3.37892364133795 -0.937592693297648 10.0104244543743
Craseonycteris_thonglongyai 49.9470218310889 -50.225706287472 13.8513927507039 0.697984885671523 9.8205637272408 -17.2161265012999 17.5571158385171 27.4985818192214 -12.5040169205675 -0.905189733988364
Cricetomys_gambianus -5.89096466566154 -27.079700543673 -4.24212059070403 1.22514052388977 5.38438676241114 2.49643776263504 -8.34655161425069 17.980045482315 4.35779927303151 7.2029522796235
Cricetus_cricetus -3.41051930963863 -6.47771097385965 -23.9096881218336 -4.75667441671447 1.87884404202486 4.54442030093465 -13.7410934227282 6.27117949147491 4.08282800341632 12.0843153247807
Crocuta_crocuta 3.73025275627693 21.5299101417674 13.2142950596326 23.0999988896044 34.8908183043453 0.439405227744001 -15.3666493104947 -18.5169026636684 -4.5754579739369 4.74295248321417
Cryptoprocta_ferox 1.77798029284447 -9.02213042092566 21.5593626677336 17.0767934651886 14.5476671021634 15.206317964848 -16.8882709670438 -4.36336983815848 -2.34923239216709 5.49730386630999
Ctenodactylus_sp -34.9823065424502 -33.362541896405 1.86232819829197 5.15709153616577 2.63822092630946 -20.658782220562 -5.82017357220483 4.96425039691746 3.93141519723507 5.94987979077975
Ctenomys_conoveri -32.7834809758876 -27.3041829305316 -22.1073888647484 -1.4594733502936 2.14910565223813 -2.45455329501723 8.14968889712109 -1.7343144421011 -6.84704730813886 8.33024038145872
Cuniculus_taczanowskii -35.3904469766352 -27.26634546122 6.33192728397366 -2.61622305976655 1.58353981453995 5.06843982396811 -6.93975230590907 3.64732628978918 5.33411714779236 15.023967380062
Cyclopes_didactylus 14.156788094826 -18.8270668361616 0.916190942317555 10.3877817312263 -7.52580656320264 -2.78842192333804 -8.64149115070479 12.4102643582321 -1.75891116947937 5.16043031044469
Cynocephalus_volans 35.2583257483065 134.078021092705 64.0561793933077 -52.8815372578575 82.4952822682551 -69.5602913513576 13.9918369016079 -0.444378340491271 -33.7143683724746 40.0956782062053
Cynodictis_cayluxi -15.5902649384725 -16.0483485959457 27.5409299878675 -3.11695311248963 16.4428228676081 -6.8656649896466 -1.29389283590976 -16.4376599102254 -8.38255667704628 3.93392629635258
Cynohyaenodon_cayluxi -7.81413781685324 -16.1318041310107 20.1750308238397 -24.1540669204887 13.7521807345803 -21.2636990286736 -12.3424082339899 0.134044358244151 -7.64526800584483 6.63511371066094
Dactylomys_boliviensis -34.0939341435745 -40.6124930181126 15.8223380015257 14.3276031559664 4.50514752490686 -4.82495047060198 -11.7481436739208 4.42680569014244 -1.56480912161168 4.01279307320293
Dactylopsila_trivirgata -17.0498800210756 -8.3745126964513 -9.49393460655499 29.0006661853508 4.60512757329985 1.96269813529309 -13.6226139994679 1.5463813571994 -2.16928152933089 5.12231547495667
Dasyprocta_leporina -47.6676070495598 -23.4089959808607 10.0751852882231 17.1932881904027 20.7778615094957 14.6562593690019 -2.88833847761136 1.1866150467605 -3.20237599247614 15.3628010705427
Dasypus_novemcinctus -0.00185121077863973 -15.6450102419862 -8.40277516841353 17.2298095751504 25.190081074051 12.6603835088483 19.9794373997768 28.0597448469967 -1.91519312254387 9.66530701040233
Dasyurus_hallucatus -13.997778300659 -11.2406934077459 -16.09711510366 5.30687980694671 12.5403406517909 9.20162023949718 -6.03790529679765 2.63988539884411 -3.56423091074547 7.88183143517262
Daubentonia_madagascariensis 0.226133727227808 1.72876124940743 12.7104591177483 49.0658050490592 23.2321229469472 14.7154077776671 -17.1930044493617 -6.60697153783809 10.384454003281 12.9981844074312
Delphinus_delphis 80.3521763750346 49.2638149605019 34.0378979153935 20.4842119496906 -8.92356766877486 -1.65472492950703 -15.5943080718984 -14.6898202771565 12.4331753874648 -9.95873647776724
Dendrolagus_lumholtzi -24.9720615721259 -33.3624760069232 -0.47629847876347 23.7238344583213 11.6170080182425 5.80689884744445 -7.22533561076394 -3.6724763458509 -4.88081114246386 4.02135347967569
Dendromus_mesomelas 5.52636497327237 -20.1655776687612 -1.53597101262644 8.20891508948304 7.60225832662276 3.77417795360402 -6.3927350781976 -0.823734795314769 -3.21704510008322 9.51841279386985
Desmathyus_sp -41.9701322764451 10.5222666539504 11.0225255514541 30.1909699931988 -0.816158008864763 -25.7807626839066 3.72187234427844 2.35069844958454 -9.02943518330153 11.9706393667054
Desmodus_rotundus 41.7788653743595 -16.7075252936126 12.1643511974025 26.6123665381952 19.1666535662589 8.11459860605509 -1.62179871293218 6.96443245210817 -8.65247195502922 9.85354132216327
Dichobune_leporina -35.4674408407951 -35.0656063856355 18.3034963509637 5.94837566812754 21.6976388357416 -0.46587172159841 -10.319561080783 6.13215264388769 -2.40177429123057 13.8021381588515
Dicrostonyx_richardsoni -7.71803640999199 -9.66880390182185 -9.66685944248729 2.34508332892227 -8.97290251733078 7.16780823442115 -9.31087369411408 0.09884279663734 7.12592652466668 13.6652037214795
Didelphis_virginiana -16.3718564727522 -5.73747627490632 -15.1755670182023 -12.4688614701704 10.8047408498937 4.08453165600652 -2.61987791991764 4.21516890831317 -7.68741265069728 8.00780413224254
Dinomys_branickii -27.9312946744425 -26.6261494249808 -2.38024935145846 33.8405271484307 18.6521908386513 14.3979487582355 -8.2749635762518 6.7518288370629 -1.68250421935432 14.6613493371278
Diprotodon_optatum 43.5271331276695 -6.2293689437026 -25.180521763102 -2.49488027634653 23.2850640103625 -20.2920519766974 -0.812732859363941 13.493928478278 -1.57608007653451 3.81413169869397
Distoechurus_pennatus -6.59882937705764 -18.6119836842263 -23.7482956607789 10.8180504806798 -2.32970518405712 2.26894200685932 16.3013429437394 -2.4798819001852 -6.97635101287975 5.73383046500708
Dromiciops_gliroides 18.9258110334784 -16.661403666449 -5.61479969579193 6.68080714615298 0.242537190408339 7.947739343782 7.43201823356885 7.07215216090566 -4.26520960894434 5.67529433534352
Dugong_dugon 5.57200387909468 -32.0884088079847 -29.9924373479531 18.3531975446962 3.02884516667628 13.355157123739 -0.723645698147022 -17.8454688632184 6.70709895479626 21.0850041095088
Dymecodon_pilirostris 38.5769440435813 35.1482624889307 1.92614357197395 24.0930687230324 -25.5568682662683 26.5607765266941 12.8445294571785 -1.86576951142468 8.099481433866 -5.81225840421918
Echimys_chrysurus -40.2184257078014 -36.7997646845388 5.71632990193601 23.3378162409255 23.4580900542813 -8.33889029646971 -12.9995889091986 3.58623599424589 0.436653669678176 8.82070514263832
Echinops_telfairi 4.62284099596295 3.43482479386437 -33.1785638891246 -32.3977834163907 4.93953875630254 -1.10712498744503 4.42505014892303 11.2323887644567 5.13768120513196 6.94712875223608
Echymipera_kalubu 2.01864168107277 0.490387000501665 -21.0737548220675 2.59712078363299 11.9103299134748 2.12150077325955 15.1606512839653 20.3936945997476 0.574065246849489 3.84853201549886
Ekaltadeta_ima -16.1709716617391 -25.5962181448713 -2.46799007466667 3.03498458008884 13.2527032943994 5.93323799253932 -9.42057777532211 -4.56691165235975 -8.06628808072349 7.59728981453426
Elephas_maximus 37.0386074855328 25.1669482580818 12.0603240731678 58.0623911490489 -4.2947523464826 -11.0529024244076 9.28158398816934 20.5309319361843 20.4360614038953 -9.51696097418652
Eliurus_webbi -2.10885893042822 -20.5276810126549 -0.321509144741006 1.90868477844549 -5.56543996531437 13.1571658443563 -12.1851187260486 7.91133744581743 3.2975628769893 4.25625762630202
Ellobius_sp 6.18866487638341 3.81218308312734 -19.4685482125528 -5.83148107912757 -9.00106809290242 19.0790107541326 -9.97616343801614 5.39365183661638 11.310503496237 12.3969386525079
Enaliarctos_sp -29.3134204210917 20.5339574686766 -8.73796321956248 11.9448956715796 8.73240729357979 12.8334673342778 -26.4649119941572 -9.02524291913321 -5.597382293271 6.31140210903794
Enhydra_lutris 32.4779365491355 25.2214544086713 12.7989955358101 17.3349647203933 14.8577132214317 33.1135145319417 -12.8950511247272 -7.88789696363392 7.76822305136267 -6.80482203972605
Eonycteris_robusta -1.26844606244526 -19.214600117705 -4.15184047799379 7.49402177081401 14.3720932154481 -8.37606636402221 -6.52783390440398 9.9995038713129 0.0430990996749912 7.8434874740146
Eptesicus_andinus 41.6255505545674 -43.4284880153427 -6.09235525960395 -37.3297476270358 -4.78564585484048 -1.32466597543301 6.76577468312553 22.4502414823394 1.7938996814452 2.9835558889296
Equus_quagga -53.225503390552 26.0358914242457 9.89384927280124 30.4676358377977 16.1308853385142 -5.98643086424979 0.779797417933356 -1.21487319824468 -4.36437656335688 1.02930306532859
Erethizon_dorsatum -4.48530965088525 -38.030773439299 5.27188799231662 14.7869216721098 4.37337942930206 -2.76267477377532 -6.55293141362285 2.20542531078418 -0.759554395781545 16.3781855488122
Erinaceus_europaeus 18.2371758668267 -5.80294804263462 -30.6780013923739 2.42857787923056 -5.40363232284662 3.19645788446655 13.9428157662605 2.69498000402887 6.98821786316505 21.4918830187328
Erophylla_bombifrons 24.4108366314734 -31.3372383603051 13.2195803768262 26.6398198190675 9.54551224372253 -3.00448145386514 6.95435923120738 6.06400257434938 -3.26314645640632 9.66128456546118
Erythrocebus_patas -12.6035224684154 36.0376266953205 -4.88061637331034 39.0029496737346 31.8253976132004 7.3783616500712 -25.2192783229343 -12.6421472774547 5.86558431674541 4.39515187995227
Eulemur_macaco -14.6283354865461 3.4834750206733 4.37276060535415 38.7305860741496 20.4293784374777 18.340030879173 -29.5200734622487 -7.88296664878508 5.78531918257887 9.18895300230881
Euphractus_sexcinctus 22.0605803959154 -14.1480042216703 -0.751329776847134 24.2317510068355 0.539240390300433 1.25520442046834 2.17944462241404 18.5542054183513 -6.90655357133059 18.559218909423
Euryoryzomys_macconnelli -16.6305173423309 -18.9596765219523 3.86366552807202 2.4610998425862 9.08237856416742 -4.46602943003937 -7.28702751688931 8.96199806420215 1.36623702852216 9.06851910472082
Eusmilus_bidentatus 4.17869611561757 4.05242174936839 3.48431700468768 8.74298143188513 1.85218217788242 -6.51055491702735 -7.80354031067514 3.23073618204139 -1.41804851065596 8.6196466866277
Eutypomys_thompsoni -25.2356528338283 -27.6643385820409 -9.14582441833831 -11.4089170295713 3.94896062795733 2.54879968980862 -21.7018667265715 16.0392332380372 -2.17542273256079 8.24740233871396
Felis_lybica 1.80198497363625 -8.72938559296254 22.9825358831341 20.6592979261157 24.38567921094 4.8035526058048 -7.62085103062543 -3.02300896014668 -2.82372745126723 1.88374358219257
Funambulus_pennantii -26.6495402200434 -19.3696995386297 1.61316772862006 22.0813659038544 7.8642644940635 11.2098317388897 -10.2974771029178 -2.44913239909983 4.17389782229131 12.5562083778959
Furipterus_horrens 49.0590420836354 -51.3513562492176 18.9119258809678 -4.68900339281181 26.753642695014 -3.19099189552473 20.9023814112907 34.2357241307325 -5.84458465918871 19.4598871645385
Galadi_speciosus -2.55799826976225 -12.5300293576089 -28.9667265322856 -20.3591632569746 19.3024895692157 -0.913293032297563 12.5851455720167 11.9719687265101 3.2307057446858 9.37606470721894
Galago_senegalensis -16.391232092196 6.69641320031646 6.64417771896376 53.5775122207715 28.5270207830424 21.4382357940353 -0.0782266532933484 0.56800795225482 3.37386420125878 5.02796659877825
Galemys_pyrenaicus 36.570894006434 17.9120692273304 -5.13902283566297 10.4677401268503 2.14656865524302 24.9338153872705 -3.28933952844811 5.84812914306255 -8.96994516143627 -2.25028576137976
Galidictis_fasciata 21.2379060693227 -6.4394456057423 19.1246292350264 22.1184943804784 20.6502858414617 14.1419711222544 -15.708466693799 -4.06491862445134 -5.01710814580824 7.60913112136236
Genetta_genetta -8.42662600015265 -10.0540477756686 29.867727202015 15.1207577428384 20.9389023874544 6.93887963455566 -16.5984448035017 -7.88313202824241 -9.51034827912975 4.71840085954464
Geocapromys_ingrahami -45.7919235382858 -35.8571318853475 0.120085687539349 4.7574751222629 5.70633862481111 -0.872990972234077 -4.33519386144466 6.69817748138753 -2.85983870192027 3.42614753712307
Geomys_pinetis -25.3108106176097 -19.4352360316055 -23.5715942961173 -5.85050175654346 14.3865043157286 2.26940316015277 -3.01554433346382 14.1692945382529 13.6918453636884 23.4234334528659
Gerbilliscus_afra -25.493422979803 -15.8408455499177 -5.6318227065092 11.9200470057033 12.5407749021209 13.7775378024251 -6.60079042430658 11.950508757487 5.75516032586586 7.65983674172828
Gerbillus_gerbillus -16.9361342769699 -10.3903703612742 -12.1922245805495 8.09607311750954 -1.61032868979723 4.28325315409252 -11.4110003850956 2.24163321744724 7.21915275727635 1.44216361993728
Giraffa_camelopardalis -40.9866772314153 3.66346922458926 16.8528800931009 27.9483913208963 18.8068977720043 1.11456693181082 -5.56224726535423 1.77074980221551 -0.810376688749778 0.0328250375192872
Glis_glis -10.5846930017427 -30.7953795506361 -8.52590464261965 9.53640116429192 0.0633556566612763 -0.142835254233195 -8.91091017296168 5.6154529468681 5.19281967488066 14.0047505548077
Glossophaga_soricina 34.6199752593743 -33.6078101621327 12.1460535099644 12.251959921965 7.42660726203003 -15.3864050700241 13.0528628861937 13.5459380214896 -7.81140627553896 7.01294072112353
Glossotherium_robustum 56.6144310269487 -4.67243576093951 21.1944195000657 24.5238215587965 2.84293304911801 -28.8761335095147 4.80038187292978 -8.02112618160045 2.04058655728574 3.53493497405669
Glyphonycteris_sylvestris 43.0881978079226 -30.1359917929515 28.9640861898215 7.90163919686918 10.5153607183196 -7.33625391553856 10.0569306360344 22.1841888650493 -10.7675761108582 -1.54688023011618
Glyptodon_sp 31.137635487463 -24.0199270523521 -49.7266564994723 7.7415620115641 20.3682046340389 -21.4984957672732 4.50178007398502 2.41739022915728 -5.49814632758606 5.21096731516401
Gorilla_gorilla 25.1064288389407 28.230458432973 -13.0806410058189 64.7970946007494 32.2264980951517 -6.26736407444458 -20.6889840921807 -7.41881540241188 14.8837881573097 7.18902850520679
Graphiurus_nagtglasii 7.26671274572563 -27.6050671699105 -2.41429205039965 16.9365197350355 7.6486333360639 5.5168889251642 -6.18905297102713 1.59353999906458 4.42669905718383 5.4784090924507
Gustafsonia_sp 0.852441873761388 -27.3266187708817 27.7574790016592 -11.7187516511717 27.3250510231442 -1.71930020207346 -9.25570439990152 -2.09659830501113 -9.71314131461152 5.51264021187424
Halitherium_schinzi -1.10434329727206 -23.6603608087094 -20.7760241297847 36.4782782711421 -13.0177085230432 -35.7271142801565 -8.69467182934053 -5.0826565477929 -3.61124771079598 7.97050014888596
Hapalemur_griseus -18.2390462942678 -11.7686029603219 11.0247828787314 43.0836004921721 18.599278908652 20.4936458892052 -16.0439306717655 -4.9326017342191 4.73457613494135 11.3461930156242
Hapalops_sp 0.389852580657198 -22.517450837626 15.3846217180919 33.5720152006196 13.4901227771367 -17.270161408584 3.28509621993022 13.3135016139016 -1.1959637803373 10.4260096361958
Heptodon_sp -61.1200049252352 -10.6058469566594 12.2321335981212 -9.95268919231085 2.09014514852048 -0.269370701317235 1.54703048871798 -3.87041452496457 0.987004658289914 16.3660812152453
Herpestes_javanicus -20.6403363407097 7.79334430587521 22.5631978588907 11.8269940546204 12.8369902882573 23.3506035830221 -21.2796596707687 -8.66358019694337 -7.07904053603904 3.64765229600647
Hesperocyon_gregarius 30.2801647929156 -5.98794974593862 -4.75546704492822 15.5832325080079 2.19776058641349 -0.587555159682994 -18.4673441844136 -31.4757818606166 6.14843735680635 15.2486720946271
Heterocephalus_glaber -27.3434018761086 -22.2645501290552 -25.9351405762152 -14.5683765079586 10.4867819216959 4.30360147805495 -6.88553577504355 6.81003046971923 7.12420941890239 12.1576778296565
Heteromys_desmarestianus -14.0897388339348 -37.9770000197463 -1.184868381735 0.347844470619838 -14.6217084457419 -15.3278915734843 13.7606954078542 6.87731408821081 3.20794775881056 3.40663275998219
Hippopotamus_amphibius -0.0971088736710529 10.4357551891881 -3.87064231281295 35.5535800243037 15.2059983692936 -14.7855303701951 1.09435229191136 -11.4807833500152 -0.175903603834643 10.3634549673912
Hipposideros_turpis 14.7508780645365 -49.1185749425586 19.4390571216107 31.7300616792035 21.5639943775047 -20.5056941662531 6.45149924927165 18.5778897468089 -13.4598807163623 5.07173504954642
Homalodotherium_cunninghami -29.7929876427937 -45.7374204882563 10.8909696535101 33.2876585194025 14.1309555019015 4.43143619970021 21.0267768328804 -13.9950604465863 3.33521639152116 18.3972260857129
Homo_sapiens 27.4043713722863 69.8097555952861 20.9130108498793 38.7176196010651 63.3560044777285 13.8435991941307 -22.2524152490917 -17.3668653362803 21.4382711028322 -6.59171379047963
Homotherium_serum -20.1327361511423 14.3725796001372 10.8631643374778 -4.34176700438319 19.6170266341565 -18.0121393678938 -34.7030140307926 -12.8318353236361 -1.73220939163986 7.41039666267504
Hoplomys_gymnurus -31.6797732159479 -40.8250656033287 2.72013558631621 25.2744680687024 23.0416606009733 -0.840798653979458 3.53772803446665 19.3428290896444 -0.441573087395052 10.4921681670204
Hsunycteris_thomasi 42.4179343344406 -32.7969871565667 12.7313054220629 20.4597518123507 9.58590733542979 -6.12880680157984 11.0703437696495 8.71006775286909 -7.08789039237425 4.56005193227645
Hydrochoerus_hydrochaeris -64.7946601605733 8.67454878412573 2.70875250517673 10.7342604705002 -2.29677391340489 22.325561993274 24.5645720804836 -0.517624165943478 -6.03317878481339 15.380132875267
Hydromys_chrysogaster 31.1347291256375 -16.5782189626708 -1.24830726142473 1.69694571065409 17.7036447706514 17.5129262711795 -9.42217337062083 13.3854990440672 -3.50857518750531 8.31889188540656
Hylobates_lar 16.4685114045789 7.82727709948728 4.29776347727223 55.613204774986 28.1060075163019 13.3710276146874 -24.8086003687805 -11.566293502239 10.3053295317019 9.5817685535999
Hylopetes_spadiceus -33.4968418310226 -9.90300630251429 -4.8109022673467 29.1872355000412 7.44399508669765 10.5431154341798 -8.19542105506024 -7.29010617039503 5.65324884716992 11.7143854610925
Hypsiprymnodon_moschatus -2.71067982442539 -14.1107172766216 -1.35807388208059 13.5160698342544 9.35154543195223 3.52508984387923 -1.88297233252713 8.33354601939118 -3.02056698162003 3.91350716166847
Hyrachyus_modestus -58.3677627267834 -25.9608156114465 27.8641942402418 -16.5958148418505 1.90683044911538 -8.84548111010232 2.55357479274242 -4.0187342123916 -2.80263775510334 17.5086622221638
Hyracotherium_sp -16.3417269208062 -37.1120463522007 14.5047692776583 -26.9710667607007 23.5239480411976 -7.42286967269598 -3.55572351863506 -7.32148397727217 -7.88807458682206 7.90385167087446
Hystrix_indica -5.06757787764966 -28.9048615260495 3.37694089755142 25.7298976781829 8.37227685092845 3.63518735455335 -6.48087407034602 8.74839850602546 -1.33144169340315 12.5918852262867
Ignacius_graybullianus -26.9021243767245 -24.1078435056395 -16.9261884836669 1.83179004809661 -3.01747312206002 -21.114917021975 -5.67562933481047 6.46281268169185 0.19021282592955 -1.67498749421735
Inia_geoffrensis 74.7358216208187 27.580113971912 17.1106723643549 16.1140223814749 -15.492317003296 2.42314910750301 -19.172649430449 -25.5590124515981 4.98192030628924 -1.92937977103122
Ischyromys_typus -20.4406595676316 -29.9320371424015 -12.6537721109986 -2.63508043123061 -1.39203382434533 -23.2265056820388 -7.49028768468126 2.54077484117672 6.03846739157405 6.15345639613008
Isoodon_macrourus -28.534186148252 -16.8880049354643 -12.3710868249929 -0.820528566406321 25.3289735528944 13.1011984362319 6.10349191385143 18.4211586742769 8.31521125299328 14.6858726985676
Isothrix_bistriata -49.4897002612228 -38.5179116435225 13.6945373043303 12.9357292727041 14.171110321528 -8.75647101837901 -10.3739381818522 0.660676989357214 1.71566761405626 5.6533387910337
Jaculus_jaculus -82.9965223874477 -4.80584879414907 -5.88041663600169 16.5071722415963 6.45231595013365 -12.4054016760737 12.1367301078204 2.38486629461141 -0.34949199970217 14.435507268111
Kerivoula_pellucida 48.9127687857641 -24.1947497954633 26.3960605243651 24.7174300417594 17.5786551445266 -3.42704240557722 12.3361231671328 26.8352282636695 -12.2344827969188 -2.22079509138865
Khirtharia_inflata -80.2642995623929 9.56684701180093 8.18876213153828 -38.1753370677655 13.2829262798004 -3.64030128581965 -9.26642950407756 2.13350046633748 11.6024977202931 3.40366154199417
Kogia_breviceps 45.7817953292808 56.9392245597253 16.421324019449 20.7664407593488 -21.2390169041998 7.4232977651081 -11.527925764921 -20.0467591341308 15.5053437539981 -12.6910937912269
Kryptobaatar_dashzevegi -28.5353644747571 -8.32465334990367 -9.53629487367724 -10.5269502276609 -13.3792068136492 -12.6597164264163 11.2894444211089 11.4873393459924 -0.598052402803631 -3.77755574165563
Lagostomus_maximus -52.9635164615643 -21.1514250580492 -4.59388766288232 36.6690661341567 17.7503560533263 2.54511197496044 3.5365032336059 6.8661361466983 -10.389439707247 4.99838159861963
Lama_glama -30.9634926902825 -5.41166409597025 11.2319650413151 31.6363887062008 27.5022747163378 5.12517812588323 -4.44608185486095 -0.890764104364559 -9.24456507377561 5.99698629644719
Laonastes_aenigmamus -24.8377195145933 -49.6210402856586 7.29170729125594 2.41869901024374 19.414314426852 -18.5949120885234 1.106835315375 15.3988831934254 4.44577844184665 9.34900730982512
Lasiorhinus_latifrons -4.26841897428801 -14.0806131807117 -3.32791369287263 1.64832517107392 2.99693557416011 -0.466425098815614 -12.8318846868368 2.95335462308619 -5.41210756687602 10.3543247203747
Lasiurus_intermedius 40.1071285118005 -41.5831154067355 9.3547675978604 -27.3572580774608 -10.7091688818753 1.02459801798315 4.83338347702565 31.4838123004313 -4.83676574854436 4.01806917423139
Lemmus_lemmus -19.4009815869568 -21.5048225364428 -12.9105993114111 -4.90706503038176 1.03984925597292 -6.63718672521142 -3.14478267439169 -1.20144945510904 2.19451226769919 7.92873564501101
Lemur_catta -18.8042288976138 -2.69662669803188 20.6622798010914 42.7732017121732 21.6984670112023 23.617186006278 -16.5719593849046 -8.20179567080862 3.62221945207091 7.8609410085662
Leontinia_gaudryi -11.3890492741483 -4.57413982647018 -15.0888725545006 16.6397188569137 -2.06644304934164 -14.6103111209508 17.8663044904382 -0.767314829555955 1.75378947528324 22.4656312156233
Lepilemur_mustelinus -27.2045135342751 -20.2608985513022 10.7774267923011 36.221555121954 12.9511230091793 3.98669496126446 -9.37559053402379 -0.17803873699482 5.1580266440484 12.3816687840594
Leporillus_conditor -22.0231867473081 -18.1756862737722 7.82966966500056 7.37691426574944 5.20102910628237 9.44818670114264 -13.0180102555814 13.1469449630724 -2.1190606635619 8.71231250832161
Leptailurus_serval -14.1526700406276 -7.60016369602265 21.4534378957778 32.9577323266861 26.0607107850615 11.8047880195112 -11.1169282937758 -4.12408153695451 -2.80347212393002 6.3753224031539
Leptauchenia_sp -74.4479238993975 -12.9788851205683 -2.54310721791069 -3.98045520535458 10.5306994371636 -19.628853862336 -0.611081530392928 0.125778671326415 7.82906431415164 12.6285445010872
Leptictis_sp -13.2191952144451 -44.811323394349 18.0494334074973 -16.3601618821271 21.3345806968647 -5.09614764078629 -8.56242131105984 17.2472052697377 8.02892683364503 7.32773313749291
Leptocyon_sp -9.38129960794162 -16.4113346781271 25.8743989357244 5.85752977136953 15.0290690808223 17.6359779188639 -20.4825772117647 -11.136703662771 -11.8893481639403 4.61927960653078
Lepus_europaeus -48.5910686785176 -25.6043769411622 15.2387547465827 23.9622395150629 30.632522868892 6.3638131571518 -21.6361356190836 7.39196367141226 7.73928690573972 13.4729535796589
Lonchophylla_robusta 23.8448079252461 -37.9187054064362 13.2241476990381 16.7493102690286 10.5149966306133 -1.15295994455188 -1.29633243019596 8.14092439520596 -6.56680377305828 4.40769924506163
Lonchorhina_aurita 48.0764534574069 -55.7929470343302 2.53679527311441 -2.00645434442008 11.8938104281154 -10.6256217477107 20.6327996514341 18.5050701587216 -10.6727797276348 9.56864871926406
Lophocebus_albigena -10.0579283411812 33.4731605519741 -9.29716140840845 46.1009099606027 17.8995156914997 30.9974285297505 -16.7649219564771 -12.2166842187856 7.08286451507923 -5.89208441782537
Lophostoma_brasiliense 45.0490553088289 -48.9945457910508 40.1515274298113 19.1831856655108 12.864849596197 7.31404105306937 10.9322109469221 22.7222269487018 -8.65522092987761 16.4552657568276
Lophuromys_sikapusi -3.63565353022507 -13.5288388179059 -0.277442154092757 7.83066063812279 10.2010555338253 -2.46418452411807 -6.72076363943599 14.1112949392346 3.42577387369302 7.47177635797849
Loris_tardigradus 7.24088229617515 39.2567234808859 -1.58477979296787 50.9707612127881 28.4619184734122 -2.39288133120487 -9.50984879202047 -3.63002105532548 7.56380610176749 4.50768612700201
Loxodonta_africana 2.08471678971776 -2.16571061356836 -17.6000775950977 36.8739194558077 -8.60568494673753 -18.365439535638 16.3910859279544 11.3798326506193 11.0136698823833 3.88815105792444
Lycaon_pictus -12.6474837384019 30.8908335057948 4.33641832406642 28.694969253047 24.8123943334173 7.64946336776047 -18.2229578843493 -6.08712786100229 -2.66658618335044 2.60741057086021
Lynx_rufus -2.99526265266758 -10.5066127153014 17.98309586312 28.6400488877602 25.6106209639958 16.0150636591496 -11.7753365635371 -6.3098699299866 -3.98029004799419 6.60479638530296
Macaca_fascicularis -16.0015525846517 35.7306384206455 -8.49289640270353 46.5105307733367 22.2051565113379 20.1065372591995 -21.5194700712846 -13.79118312629 4.55884330165583 0.413474372432193
Macrophyllum_macrophyllum 31.9689264459725 -47.9699982446511 12.5139134065359 19.9164478477178 18.6508026875014 5.48952582219951 11.9845453763749 14.0688896553296 -5.52210671278466 11.6506444971649
Macropus_giganteus -53.9141566071629 -10.30282944971 -9.31398271910577 19.2232475354611 13.8826932201406 11.1804527579523 -3.79719650877735 -0.109743793335445 -2.23646530882637 3.97311282696191
Macrotarsomys_bastardi -12.2605686959634 -18.1418029255153 -6.57077158209928 -1.74223302290968 -2.46383391362541 16.7307752591098 -11.6695480123161 7.54928525848884 4.50154812487456 10.7966715559288
Macrotis_lagotis -36.0708615329906 -6.8407139874168 -11.8530946844367 5.44580044044998 4.01074157723101 5.7848417144407 3.91961612337609 21.7128684769767 6.39046881200114 11.7448939563588
Macrotus_waterhousii 6.45235768755728 -52.0563279844121 14.4946885435475 25.3186361541127 27.6525109650172 -2.724121357755 7.96602891626907 23.7647013250207 -8.75843186472667 12.256993617804
Mandrillus_sphinx -2.88514811417667 33.194987600064 -2.74729585096052 46.6275916741977 29.0799547766039 28.4028718089494 -14.7961255754675 -7.69750560707097 14.9398612875702 3.75487132196992
Manis_javanica 51.1832764944133 15.3256159671777 14.2752011230122 -14.2827292564183 6.1374609789176 -4.28125245426953 9.5021764520969 3.4014359857972 -5.38084500335972 0.328214504501192
Marmota_caudata -21.5924137213184 -15.1573788764412 -16.5422717970348 17.6985992013243 20.2605585438793 12.8188545334217 -14.761015306261 5.395666909927 -6.57507050528897 11.9981307113807
Megacerops_coloradensis -28.3494186897233 23.1504715897174 -24.592585734317 14.4861624761939 3.31625995757289 -17.2294128037492 6.42453617214965 5.26680463146648 0.314293734667501 2.16765461586415
Megaderma_spasma -2.25310533186327 -54.5665029877022 33.62539093629 25.2388607053288 19.842730805443 -9.28883666733864 10.1616283723838 26.7518340524389 -10.6982975160606 14.198635988835
Megaladapis_madagascariensis -31.3908368824189 -4.3715971842241 -3.22222380100071 25.2102093715068 19.1996373713811 15.8125376972018 -18.3181565351153 -10.3147226829095 4.45567934998032 8.59902197835529
Megalagus_turgidus -28.1704778211113 -49.7802890160948 13.0935051543476 9.36404289490288 19.4208164850214 -5.21198953173497 -16.1874746984454 10.1518228306081 1.20323236089077 11.2988005998838
Megalonyx_jeffersonii 45.1005852228973 -10.746050784571 -3.17419106932913 20.0016996254311 10.9903198053097 -9.76230042513274 4.04517167306524 1.79074154544895 -3.79746704335075 -7.01818338034188
Megatherium_americanum 52.9857332906329 0.0844086987638439 -2.29837684158279 23.5409022943014 3.91811754713945 -8.09950176431806 3.3317892749829 2.43666896488969 -1.35385306098464 0.15825317065393
Mellivora_capensis -20.4710807346298 21.8370593237696 5.28822568731868 19.6375919377134 15.4850609622148 0.938232526316679 -34.1538214671984 -10.9941272937718 2.27375983407157 4.73828632253261
Mephitis_mephitis -6.38271517858227 4.61519295661492 -13.2367681767747 24.1927082410189 22.2834334870961 12.6108037075472 -10.1017540411655 -1.95939925962962 -2.08617901172513 7.34644837211462
Meriones_libycus -75.1224720605933 -8.1663191684485 -2.95397111768298 -1.34320213800422 1.75383220124426 1.71703323552089 -16.3751876501771 -6.28526351343587 17.250482700687 16.3882087387128
Merychippus_severus -43.9528839625158 9.75539327904358 13.6131013596025 16.1360850806361 25.9896602790933 -4.16493029836776 0.736192220787792 5.81028821571756 -0.186142930563249 6.03054186955296
Merycochoerus_proprius -19.9695567017705 -33.0920869329077 -20.2326814916901 -0.259637894355143 25.76222461369 -21.0073888298496 -4.58855467660089 0.0580742685518106 0.83979498325428 9.76872708155547
Mesatirhinus_junius -11.5379068174239 -17.8591280036238 -5.08070337744939 -34.8419471778718 19.9741952576991 -10.9286473932738 -8.5460990129046 7.31971001198349 -7.37008950719262 7.23150298018952
Mesogaulus_paniensis -5.18996349524492 -31.678005497674 -13.4449315336041 7.55238971989112 -4.56574162350753 -7.6331166080362 -8.83903602520832 -3.75154125304567 -0.678044475971314 11.4317757899626
Mesohippus_bairdi -27.5890385355884 -25.0171853368409 23.1574942541347 13.8788241190526 20.5897871794219 -11.7187247460671 -7.95497906028684 7.95136524351495 -4.47677725234123 8.66391795589773
Microcebus_murinus -5.97148519624575 -5.09218075438459 -4.77107009471606 34.1968574028323 14.2426792463729 13.9244377382132 -5.4833001968352 4.25570107185324 0.302267822093605 10.2814837913304
Microchoerus_erinaceus -37.6413052430827 -11.6937292021184 -4.44767004936858 32.4405035752198 18.2528805210876 21.273122302977 -3.52464215800399 -2.49972705298283 -0.050796570773146 6.93422697086686
Microgale_drouhardi 36.9313914451693 -0.969274909199404 -22.299043760947 -13.5272005610789 11.4404194481364 7.47412607617236 9.24125667959945 8.12249008097781 0.679205127605123 9.40578432841745
Micromys_minutus -11.4255562631475 -19.347024617316 10.4004399312469 17.1906877447548 6.12877289410832 4.24962334900683 -9.2374228394251 12.8016782617052 4.73650152495494 8.77891321649131
Micronycteris_hirsuta 22.4292792086905 -40.8918616829669 26.3646736823386 17.37918271996 14.4115261391577 -2.10030228533625 14.9165565697608 21.0273400151687 -6.63420125826156 8.1940870561295
Micropteropus_pusillus -2.96697236793192 -26.641817042306 -4.38927176872821 2.0847145939887 16.1089365934862 5.84527591811746 -5.95170483366283 2.11756579945395 -0.344169371648443 13.0986479565037
Microsyops_annectens 8.99028253942135 -27.3903638392109 -11.2794303820845 -0.739310327621539 -1.89647283285267 -18.961233522844 -5.19808506892592 -6.74325884594013 -6.30428265246652 4.8181685939638
Microtus_yuldaschi -8.62735595889533 -11.911156517469 -22.0875195122637 -7.33676970746922 -10.7487201080275 11.6128811813202 1.40447554066014 -1.51603927201563 6.72052282194707 10.1658677473896
Miniopterus_schreibersii 48.3947084090443 -37.3256659962741 6.01550419776536 -16.1916810915815 4.52512444212047 -7.73624178489246 10.7395194914762 35.0201360445583 2.11391904595302 5.3619909423023
Mirza_coquereli 2.51358087035693 -9.27105365008329 2.28463630270842 39.8197370628734 16.7127080360696 13.8970269999804 -7.48374572354705 -7.68538817689406 0.000284221525246261 8.21015442912774
Mixtotherium_sp -5.34645130979577 -44.3245887003338 2.33374524722326 -24.5259548643457 21.8261346424473 -26.8409916584955 -19.4231197415066 -22.3580964400691 -3.42551990979073 -1.34764293825231
Molossus_molossus 37.2261143430915 -43.7265140319172 7.24966298240634 -12.2080823148446 1.9557134136876 -1.27074937303745 7.67717873362588 22.0687485269329 2.11362573988873 3.83136915417018
Monodelphis_domestica -8.02088142108572 -19.7378739083704 -15.2316049559794 -13.7348296174814 16.2477533793352 1.60739663928779 3.82580963771175 0.777524992636606 -7.06087234485477 3.52671530935429
Monodon_monoceros 68.2374232983517 52.3119343637428 -14.0697462972408 12.1118857529742 -24.3334372744257 -3.99401754260207 -8.28756675915206 -17.2461428702049 -2.03175839344559 3.15479889273595
Mops_thersites 24.3994294042966 -42.798119458189 -4.51808423280785 -2.43750637164974 7.43144983453516 9.44344603105417 7.09432564687638 1.79043935308985 3.26418777820254 20.1662514614236
Mormoops_megalophylla 89.7835497717933 -16.4259961849749 6.51623048804252 -38.8284262978263 -19.4715471308449 8.0994940998729 8.53465717968996 36.1217317868076 0.26245430868553 4.0024927814385
Mouillacitherium_elegans -14.0793869455907 -25.616586309954 16.851792909189 -12.2464129139055 19.6694149536638 5.13422098110578 1.45781521800411 4.99760718703092 0.0538716372188114 9.091480109916
Murina_cyclotis 44.7124319607023 -18.247241269761 14.9630403038153 0.443658413528467 -3.55220954807531 -4.33688134098945 17.0525775013475 21.6377994434025 -4.78005160186941 7.33631148397625
Mus_musculus 8.78343653086514 -18.5944355470638 -4.31144164167957 -7.56199661502572 -0.833223346499043 9.16452611289552 -11.8346311116212 7.78773887261683 2.08773386402977 9.46867257442307
Muscardinus_avellanarius 2.61589155423997 -7.85270897047907 -11.0434613627543 13.0540088266548 6.05056062533992 4.13775177410302 -6.11688898874211 0.989558288907835 0.865416421834553 13.1904310093065
Mustela_nivalis 5.15405540568319 -3.64948410916192 19.5798982898782 8.52965604743022 3.85766895369416 33.1007290982109 -15.5107973595052 -4.62762851647716 -3.62784444819976 8.41364289474774
Mylodon_sp 26.1483822573285 -16.9909199412417 -8.90708985752157 25.4351073924199 7.88775773991485 -29.3262848069786 5.13946803436488 -1.74826938705947 -7.73675965276477 2.39950866222104
Myocastor_coypus -49.1188338253653 -22.0127115657169 -9.89692766052917 1.4638070596347 15.9971188812538 16.9883808823242 -10.7311770369199 2.0069163125612 -2.23538332267191 10.9415957512519
Myosciurus_pumilio -0.42629499407307 -16.7846568859218 -0.164166243904442 20.0990789681135 1.41936091230368 8.02127375508062 -6.69509154028332 4.88335453494012 9.33487468364245 9.263476777912
Myospalax_myospalax 3.12978922035445 5.73103712012507 -36.3989788677951 11.2377843244543 3.76162178037074 -10.7731168040699 3.18774652786011 25.7867074397363 9.23796363041181 5.87126348793096
Myotis_adversus 38.7782856345641 -35.7970951261625 9.69845487928025 -9.61540092849396 11.5497048129636 -7.53371308445591 9.00560038052028 28.098913731913 -0.421558452497176 8.97343944149906
Myrmecobius_fasciatus -8.34772561933339 -15.8760649325653 0.739641029523291 10.5042824935968 -4.41554263244101 -1.81125472561901 1.23008516746384 6.42588414434542 6.20274554588353 1.68039377974791
Myrmecophaga_tridactyla -11.5422352295037 -9.26913168280831 1.15138951978395 -7.60208577503841 8.30120810124548 9.34504689695199 -6.53494049612154 6.5173116492168 -1.04063689999233 13.7044936056943
Mysateles_prehensilis -44.01052280408 -31.3563809525926 2.77853289012389 9.33362551690643 1.70393536177015 7.30620484827425 -13.3132965688144 -11.7724684517653 0.169611006905654 6.32087008449253
Mystacina_tuberculata 38.9463994313126 -30.7744632367958 3.95442067833518 -3.78279410663015 2.39221534988647 2.75111008970661 11.2755782560298 23.8267179906179 -4.94416522846498 5.26728138766266
Myzopoda_aurita 48.9505859258313 -44.4733033878418 0.142832508712117 -21.6088939706074 16.4960512638671 -10.5336447967943 15.5025534062565 18.617876371903 -2.93329482779414 8.68012254994818
Nandinia_binotata 10.5111521140655 -12.7348143621165 27.0015849824694 23.8612726415906 27.1697146369153 -0.820483057646147 -6.46590189298575 -8.56599256440708 -6.3639189175269 2.95272835041451
Nannospalax_leucodon 12.5709257944861 6.0366520008994 -27.6396105709227 3.01509046688656 -3.97393955117917 -6.08106272880717 -19.785290214891 5.76780544001309 11.0446652272252 12.1679998341308
Nasalis_larvatus -3.80424730709359 27.3828566672559 -3.69205152241512 49.6718891178058 18.8862133548629 14.9816657077726 -12.8683802384443 -15.0800594851509 12.3000124726021 -1.65705034599887
Nasua_nasua 1.77880356805581 13.6804142926105 15.5433671504296 31.7063665101513 25.2878326196079 8.99968101376472 -18.823125009134 -12.5395567724598 0.168004937122618 8.78213834054042
Neacomys_spinosus 3.11778008045995 -20.8703090794904 -1.70491936437199 7.53699532123612 2.7681919671681 0.239713771020837 -4.98775942670062 9.41743427995034 5.68073362486419 4.96054901652484
Necrolemur_antiquus -34.0908561247528 -15.4557463375518 -5.09701454146843 37.3615839869743 21.6014449842404 24.5920148157611 -1.94944732114139 -0.998496292996916 -2.04684988540942 3.0097304811467
Neofiber_alleni -0.924499959467476 -20.9646676428015 1.83146799625221 1.93136710110744 -0.235782850624471 6.94306451766434 -9.55787853831158 8.1604566922157 6.03190502902175 8.69278837128532
Neohelos_stirtoni -7.45921002432507 -26.1961886876408 -18.2173430343196 0.0538332476844651 10.2900114234252 10.1142523691939 -0.859759435883885 3.66422588115445 -15.3885226976564 8.77752161054934
Neomonachus_tropicalis 76.6601078256474 28.8896918103632 -5.96652234679685 9.75438403915704 15.5978409518976 19.3146760733364 -7.27293014992062 -21.6375412023526 1.23838345025852 -4.45668210519861
Neomys_fodiens 29.8707767847454 3.65622858272733 -35.2773058363171 -8.58018105129798 5.31244823422297 10.6707475665531 -8.0786186767906 11.8722613496612 -3.97899374925251 -1.39349483053871
Neotoma_lepida -9.68742239373884 -10.0787933987386 6.08990698735482 13.9384150903291 2.89744317562308 10.9990463963249 -10.5114115063129 6.33938293317388 4.11845575983916 6.76346856027218
Nesodon_imbricatus -79.0705579538015 32.9369661161796 -14.1725909680069 6.67317675999255 11.0568293329075 -36.9807139873491 7.79131198375137 6.4951980750619 6.85258487812266 8.77010054350791
Nimbacinus_dicksoni -32.8594663954678 -18.2984917430197 -6.58051656447569 -6.27441923094904 17.5363214900323 3.03802758250213 -2.37166721506443 2.27255193316702 1.92477824808818 7.49941091267416
Nimbadon_lavarackorum -4.14625262908552 -31.5207646734446 27.5423477044581 8.56913052341535 19.0196252503481 10.4707424702984 -15.3005336339429 -7.75767300456245 -10.4694381465249 10.9353613862919
Niviventer_rapit -2.43707644723938 -16.2589795110542 3.49483246259712 6.13941466676694 9.2207111930203 5.49798996115551 -10.6300572441931 3.19517687152606 5.3934277526082 9.14522861622244
Noctilio_albiventris 50.7459506988148 -38.9744577173407 8.70565161574881 -11.0668510702868 3.35535168718534 9.34926025159614 14.5522911513795 25.1346714969651 -4.50890694233535 8.79935501711952
Notharctus_tenebrosus -20.1178168881084 -38.2642598939376 5.6981802960228 12.2913106860683 6.42670636726524 5.07984261212591 -8.25455644594961 0.927706687881181 1.98934917968492 12.5419369400963
Nothrotheriops_shastensis -22.302877420264 -31.88043283798 -18.8594593353575 44.0451023428823 12.0954527604827 -5.36108375151273 22.390015881899 2.38206789963798 -10.4230411078606 5.32029178144596
Notoryctes_typhlops 15.3410141262387 24.7630073443559 -30.1867635663326 -0.662400150602626 7.987378094939 21.9934415826921 4.67641629492445 34.1002505373111 3.30231149672321 8.94342305770769
Nycteris_thebaica 1.27075896269596 -36.9157106966359 35.3360787838867 30.4468210318475 12.505330961331 -30.733626838985 8.05076001209158 18.6276657257061 -4.4297353181046 14.8301498829508
Nycticeius_humeralis 27.4651692130448 -40.1184671435212 -13.7598252601036 -34.5037306689157 2.41695351731204 -2.26196167474244 9.36895096934573 24.9031299692498 4.94579063854383 14.8556845758564
Nyctiellus_lepidus 8.71234264507743 -42.9306931173321 -0.933453192268296 -2.69080719859819 6.23274322973625 -12.6382096135756 23.88264980296 26.2270341437241 0.783916815653238 7.04724969308974
Nyctimene_rabori -5.01727649769908 -11.7937992535646 -3.72485549534443 -1.62106233826317 15.3297458324437 -9.29943103725701 -4.33643259569418 -3.91200529330493 -0.344427048945957 10.0978554748158
Obdurodon_dicksoni 18.4695022844988 15.5545089167269 14.6372712743644 19.9252620524522 2.16195470214568 18.2701062870784 -7.64002506761593 -25.5442988766469 6.33352199631159 -3.70982099565823
Ochotona_alpina -44.5432606752916 -40.6259711097712 0.834404350594293 0.597917521341812 7.09149794661636 -4.51056936268422 -13.9927309022496 -1.78893818836017 10.036615600525 13.3131784493568
Ochrotomys_nuttalli 0.676669033313335 -8.98895927303159 -4.55705177832739 4.91832221824781 0.140832988165959 16.4900093722673 -8.64861147680261 8.51274839438299 4.00598341148302 8.9088896851031
Octodon_degus -60.8358795804098 -30.44212103837 1.93306954882776 22.7427334206659 5.40140589716756 -5.3758941844939 -3.44687045916532 3.07164990136869 1.19631166066618 9.4265754513117
Odobenus_rosmarus 72.8914137359021 10.1160030164005 21.2144967528339 18.1733277939271 2.84184741240506 22.1095479500291 0.0545301635764434 -9.80047738500198 12.6617752118407 -0.903820638807323
Odocoileus_hemionus -49.3444793011109 14.9057390240281 15.4555253643654 42.0545705572442 28.2776707144031 10.053356868473 -3.91137469925655 -5.8377824226033 -3.51534158748644 2.26611045803853
Okapia_johnstoni -31.5873553476327 24.3033572977352 27.0126817805559 18.1204885474778 5.17962428635469 12.0652315148008 2.21394080857307 -3.37561743449016 -5.73671964623061 1.53950665647531
Oligoryzomys_flavescens 20.6436866828686 -16.8132599764631 2.43157397292343 8.6504190612163 8.73126209298706 7.48214744023111 -9.8408966171053 5.36431527070942 0.995518699651218 5.03872604187705
Orcaella_heinsohni 54.3123755034651 30.8394896402595 19.7685342308453 19.8036797236029 -8.42655442719217 -3.3000485477933 -13.0261062271816 -11.7515082678064 11.0101262114275 -0.831575617865819
Ornithorhynchus_anatinus 16.509199049319 27.6632904416477 2.44839809723174 4.99054427520288 -9.46203397090143 20.551791607058 -15.3645572556494 -17.4688688121181 -11.0269753746533 7.43601751021304
Orycteropus_afer -26.0028562369321 -30.8543629446239 -0.60881838228663 0.155994631214073 9.79376462471141 -8.45779755993081 -19.958915016622 8.36748730372694 -5.36160600914551 9.5205089452107
Oryctolagus_cuniculus -40.8418915021848 -26.3210856108571 7.7345068006628 9.70017523136838 21.2717347904959 14.6714014547666 -22.6733725137696 4.55215377495805 13.6160105574316 18.4346682679208
Otolemur_garnettii -22.1957982957911 12.8709360239731 5.3512559793188 49.9754751505887 17.1505263002267 17.6045972161951 -4.73369324970835 -2.68380001459805 0.488575145470355 3.78137305619609
Otospermophilus_variegatus -29.3441201462348 -17.4767701199254 -4.58508418881771 14.5133931612068 8.66791788340413 14.7365130668503 -11.2982882400652 2.86868604949811 3.2521697556487 10.4824727342218
Oxydactylus_sp -44.8303008885296 -3.60210567346981 30.545031279234 25.9189262834872 15.6174149831253 -17.292440762958 -15.0521566589914 -9.00425582818067 0.955877406000261 9.23271962521557
Palaeolama_sp -2.88545740774679 -8.55403010520511 0.143438041073153 18.2451333998659 25.3324849779554 15.971254653541 2.72743161427455 -3.49868583446368 -3.47897366679899 2.43509445752452
Palaeosyops_sp -63.717576805312 -17.8487849009844 -12.4758717605536 -11.4542401278542 17.3304728479836 -10.0399576097007 7.56618281667582 -15.7107145104104 -11.9994000521477 12.946340038597
Pan_troglodytes 26.1308503156767 11.1168591228723 7.56084787383317 60.7871930261847 36.6538357349195 7.83794143326184 -20.8111823139624 -19.7199877700314 16.2555184462388 5.08287081500712
Panthera_pardus -2.05118013683635 -4.48226297061287 21.1377928116421 19.5451522904057 26.5303071115208 -0.673583777856285 -19.9387042231241 -9.88041285139566 -5.45995557188933 4.71156458668089
Papio_hamadryas -12.5906232828016 39.6114729210976 -7.3962636031548 40.8569021338361 17.9705992305218 34.2067882928955 -3.08222121990956 -9.74438607867638 20.4892408150545 -0.688852593393772
Paracynarctus_sinclairi -17.0136607879568 -17.9060940802359 22.0494724206243 20.8189317098195 15.9350197075169 14.6495244405801 -14.4846401664637 -6.59785938488591 1.70993475745056 6.67487737794654
Paramylodon_harlani 38.9793712453381 -29.1516518308132 -16.7391748685206 15.0857481439398 21.0343128304531 -10.6803967281186 6.02160588699862 -3.25886530583549 -10.6510523380337 0.527185269362987
Paramys_delicatus 3.54570023580764 -27.681242398346 -9.03741676964732 -4.43062853266517 -12.0478465517123 -11.2080578331919 -14.2344670080346 -5.87149320408083 5.40596278745372 7.56650422251162
Parapithecus_grangeri -31.9389520128494 18.8479089517017 -7.71247221046103 39.3201833015879 30.7462876606517 30.3565700263173 -14.4386499394329 -0.768114974277002 1.87971699579818 13.1732770312284
Patriomanis_americana 27.8198774215121 -19.8948235740577 20.5991610491867 -12.0229133436568 -0.977284146125226 -6.48291066509852 5.42646302600954 7.56993228935792 7.49447971780813 12.8669838039375
Pedetes_capensis -53.1354352499773 -2.68723429793066 -3.03349897685053 7.54820448290547 4.33472667289364 -1.16182921739442 -7.09705350481728 4.81125072756875 6.01087792932089 6.73950409215377
Pekania_pennanti -21.3393270123466 12.3276217672821 15.1384313407216 26.3011578250716 13.7683847355626 20.5381618433027 -14.023286389033 -10.5791047230004 8.10187385298499 4.85979274470162
Perameles_bougainville -23.5624461114554 -0.0604056281062118 -16.3477969405758 9.11413166921712 16.6978690320653 17.1411009660767 8.68928950476262 27.5763206249223 4.72129416660503 9.80228129423397
Peromyscus_polionotus 6.37962273507319 -10.4175512513378 -11.3854334445591 1.99933535014756 6.13422721113857 19.2722447870226 -8.29843745018736 5.71627913313979 1.62497230394017 9.14607407944981
Petaurista_leucogenys -30.7214682894388 -23.8612946624404 2.45858765729573 31.3648259152794 5.40018132296956 6.47671627679393 -12.5751521035544 -4.15831479178747 5.42741053141818 16.0734445842375
Petauroides_volans -13.9044634188265 -32.1017624151309 2.88851064406867 2.06482599062275 -6.61907038362485 -10.7445756122243 -9.92929167876498 -3.77624669760368 -3.09953893782137 0.881917780807462
Petaurus_australis 9.85310625929232 -17.6840595813342 -9.96784752592859 15.9143984708752 -1.30126882798702 10.3554824660843 -3.35841508972303 1.00090732216196 1.32714905208482 5.71103119758859
Petinomys_setosus -12.9590550644035 -12.0151471044809 -11.77646477095 17.9437051279033 2.63665547790623 7.50863729861787 -11.1890566054531 -5.68262701358509 9.11390444072218 12.8343767109667
Petromus_typicus -40.3200866763714 -40.5465487750986 -2.33350812897572 9.67691342133215 1.78605847755608 -7.7980916840748 10.6664404980246 2.92258719799497 2.5683599261019 6.28435004790959
Phacochoerus_africanus 8.15609084142356 11.6393547916932 4.39591036468243 13.6041341229628 29.72802391633 -6.55205745216138 -1.87575250641212 1.07757964014812 -3.31826659486749 8.66152584802298
Phalanger_orientalis -9.77105593160708 -27.5137483949205 7.53588621032686 11.1030713958558 14.628980185512 7.62580706670017 -5.05422217875272 -5.13871140200537 -6.43327885540285 4.24793843720903
Phascogale_tapoatafa -1.677705281426 3.09836888051922 -10.7699331107611 2.80931795345255 -15.0259510550279 11.156615259004 3.25596232812156 0.828171883504198 -0.615190780408709 1.18185693406629
Phascolarctos_cinereus -21.2976601281039 -40.2768146234573 -5.91962405692641 14.1339379832326 18.8799751232678 11.1178637639155 -12.422506715523 -0.104532234734063 -2.51467184526476 15.9081214179866
Phenacodus_primaevus -7.34863761569349 -57.1740133617955 6.22562274024392 -24.2339474883818 -9.0512983033111 -13.951122222127 1.79721659469845 -14.0208511001802 3.01804268687742 17.2549094852232
Philander_opossum 3.90023169473769 -17.605936116267 -7.25584934527131 -2.6685968916375 14.0834233232087 -9.49808031819328 4.48332539825448 8.14168760686294 -7.26877434624142 -0.577773653553428
Phocoena_phocoena 113.301768709116 46.5094754673697 28.5581953358664 0.69835622443774 16.9448019236363 -13.7257163374944 5.81487509401235 -22.362006833139 11.3488756155045 -5.27352756782682
Phyllostomus_hastatus 55.369587442208 -46.3378681751294 15.4759499193325 11.8888890938117 21.3902626775228 4.00857674003709 2.64156101736622 4.67486286314129 -15.9445088795549 13.6322895953969
Pipistrellus_hesperus 23.8682267261303 -40.9033687502515 -15.0588904234347 -27.7112518452931 7.85762092779982 -7.08239160394539 8.26677299762384 15.828361877318 -3.19290517015759 -6.77936143608587
Pithecia_pithecia -5.07927970232128 30.694453356248 -6.09958449104096 44.5759708820081 31.115197426663 9.54955892360788 -23.0683413741372 -11.852887441192 5.69768465949071 8.53633651081489
Planigale_ingrami 12.937776302961 -6.27665811343098 -30.4704839350367 -13.8568576760802 -6.60689850274399 6.03476260654231 5.11816446323915 -5.72704294741439 -3.98029883359131 7.24442782778013
Platacanthomys_lasiurus 1.89724478652221 -31.1189567580999 0.25607659036804 12.4486957438562 1.3399792520058 -2.16347658619768 -8.88468065682339 3.60188212008292 5.14577852258385 6.1606734970264
Platygonus_compressus -7.45157265494535 29.2778932673045 21.5779931047703 30.9018814562167 19.1817549584557 -16.5956519897143 -8.05279450056322 -14.3937382344816 2.37614421924632 3.45437926091745
Plionictis_sp -6.43011855542245 -15.6002510895274 31.8238892626239 12.5764796538083 4.44861768532948 13.0616773332046 -7.08427460863119 -11.8066333200354 2.09788395328748 4.80233032252035
Pongo_abelii 41.0113081650052 37.4204078662637 14.5134785809641 58.6339465617682 33.3695935970508 0.530789511939397 -17.4623509188208 -18.7156716576238 19.1932499536405 3.887985819232
Pontoporia_blainvillei 92.212140410917 42.1775324890528 23.7895660522752 11.4564441771052 -8.66072832441373 10.4113214165482 0.424847453473069 -21.2388215544463 7.18955430533445 2.87787901416655
Potamogale_velox 25.1299731985631 -30.7725994736698 -9.93143675731813 3.83168617261048 21.346462908408 -1.08046893836303 11.91338591897 7.94163429160825 -8.62929360223749 0.416998191622993
Potorous_tridactylus -8.85940642217622 -9.13803382598906 -4.06234007818325 10.149417573168 6.56703961956031 16.6854646035175 1.44306288905312 8.45758891787832 0.298174238172896 8.21708259068906
Prionodon_linsang -8.26588733055442 -14.4703371449203 38.6641380380959 3.00708943681955 18.0784857538878 -1.58151635896641 -9.35880650399645 -10.9300158929177 -14.2874654130149 6.87433422211113
Procavia_capensis -31.7865514372024 -10.5726077733963 16.9339636025971 17.9910025340941 15.7836302120816 5.99345693450096 -4.92145655837895 4.8510548185642 -9.49230470015287 9.01132808468363
Procyon_lotor -5.33231588183955 6.5381057763071 -10.176133285209 35.0919453095503 27.3001807013861 2.67857200639976 -18.0451086759433 -8.665230359488 -6.12028789276495 2.64383999067876
Promartes_olcotti 14.0132176047345 23.8419546077726 -8.78846293599348 20.5850558548419 16.5086271798108 21.7849763452893 -7.65398504935953 -0.683352486288986 8.94900220281896 6.80429237076216
Prometheomys_schaposchnikowi -9.7529895606652 -17.7281261276333 -0.857743150900782 9.09059497968056 -3.99313959848331 5.08332814958764 -12.8609934141398 1.31730002802557 4.10252404376631 7.07232018342437
Pronolagus_randensis -39.7569067740175 -25.2185203902108 -6.96487929393 -20.6556293710127 33.4849993485991 22.8146833007116 -14.3807805662957 16.7958994568536 16.0718266706243 23.5870651586657
Propithecus_verreauxi -10.2008036763943 8.38881384122372 -3.34649721012205 41.4606029950152 24.9840311470813 15.2161249478229 -22.3697406531392 -3.5468524267041 -4.35646908222115 -0.31558907414862
Proscelidodon_patrius 18.927806894932 -0.186146463966479 27.5724978483293 16.4640645431162 -0.656340724017695 -9.74628570432283 11.527938283697 6.83990077926615 -6.33760324802115 8.7295771914841
Prospaniomys_priscus -43.0105206429271 -39.3496173505569 10.2271548257128 -0.634393987720455 -0.871414131097596 -6.61497091352141 -13.8676154808582 1.19918885725595 -1.53185622138888 1.88991974582294
Proteles_cristatus -0.794989068336834 -15.7333663263449 8.75779790448941 11.8738417136057 26.7861189936874 -1.73519517289886 -8.03694295216322 -6.5172010557573 0.783708193432294 16.5182404112349
Proterotherium_cavum -76.996537663939 -15.8358890422961 21.5627813552896 0.465379648088595 -1.86256774598053 -19.3993631286323 -8.43413410672155 -6.50562681654889 2.3260176337501 5.74592860415545
Protocetus_atavus 35.6240787063715 -11.7056192676354 -6.92796049656211 -0.222827122708777 6.72686514002016 -16.9372937864645 -16.1248765739281 11.648446396793 4.44326260737531 19.6094956314287
Protosciurus_rachelae -25.2469099854982 -29.993448061206 2.41422459243202 3.1991739516907 -2.37803994794484 2.85972783184786 -5.6311870487625 1.98708026240519 3.34061323296408 13.728699201713
Protypotherium_australe -62.4358899996227 -14.2844972116035 -5.67567572966247 8.31050540000294 19.377408091288 6.65237213632421 14.5698498524337 -0.158921707100141 3.43380560260431 7.75523593278382
Pseudaelurus_validus -25.348478012064 -6.38163345458304 22.1858050714751 15.2576668236385 14.277168624635 -1.08409925535503 -10.5169049952782 -4.01457570961121 -4.03397194201426 2.71643519442492
Pseudhipparion_gratum -42.4405544649908 -10.1820255945008 3.37480709449769 18.6678492617761 21.4787405222715 -3.42751376615325 -3.63550283382866 2.6504084552348 -0.234232365075342 10.872324179787
Pseudocheirus_peregrinus -15.1656039137442 -30.5415107926087 -0.445819018914235 4.65381896146217 3.82755838456628 -1.52189744188217 -15.7858846144485 2.94026788192181 1.63872925550814 8.9149652824912
Pseudochirops_cupreus -10.4850088631195 -21.9698732079171 0.0971820946259406 6.68758967834866 5.65312368631105 -4.43211592350069 -6.71962762361333 2.63718463919105 -1.90149873201431 6.70234255363274
Pseudotomus_horribilis 2.81365490108629 -19.637263480282 -9.84055992630475 -7.63663272796378 -4.9198686822348 6.3565590466372 -18.6081421199239 0.240133904110385 -0.802240511283476 9.60183121441914
Pseudotypotherium_pseudopachygnathum -81.4078404936091 -15.5988691926268 1.57914070440316 5.48925065693636 8.70426771179273 -3.96317355869843 24.4298024316895 -9.2572427693436 -10.4536875414637 15.9552798780644
Pteromys_volans -48.5033861848443 -30.8080003553553 9.13603328369249 30.6009892976623 4.85478845795739 1.95491159546879 -11.1455556360179 -2.95080809973612 6.82581473009398 11.991151955462
Pteropus_giganteus -28.6504195870213 -3.32156307231628 10.5097045066676 25.0738206823459 17.5006744418825 -11.8870031603237 -10.2072176643762 -2.01579518487396 -1.79411357688179 4.24618707836537
Ptilocercus_lowii 4.43156536935451 -17.6507612181482 -7.40862489405268 14.789686056658 21.9789565988499 8.36521057591788 -7.53796020555282 1.59970105024056 -8.52248809167666 8.29286821267246
Quercygale_angustidens -4.0413795842752 -26.2003341912146 31.5582974480919 -17.9047831362325 17.844643411574 -9.85556606408636 -16.7623250536339 -2.14363244639205 -9.36487242235777 7.5904687814971
Rapamys_atramontis -25.9781304511584 -31.3427271702998 -2.67821596740374 0.861376767464757 0.132025812543023 -14.171415039557 -6.07127900752484 -1.47975212883412 0.640818835440087 7.56967535277953
Redunca_arundinum -58.1385852524294 1.36925326071102 5.41223409560493 24.5283151074766 29.1551171519372 2.66472652207203 -5.19151438921849 -3.67765514232363 -2.08161462571695 4.39412597332957
Rhinolophus_affinis 17.4519498166517 -52.4139551654819 31.4073180014121 20.1292731254812 10.3239027050931 -6.96876120562815 11.7108835349314 15.451066518114 -3.59752875391874 1.2110831234041
Rhinophylla_fischerae 54.4384961902169 -23.97312198308 13.6487433303032 14.2567131298253 13.9091426649401 -3.41929253840313 6.50046143047869 12.2464105179622 -8.949597205741 6.58154801775413
Rhinopithecus_roxellana 11.1844101583401 27.8328504478756 -5.10553036404478 55.415841985491 25.4357736580864 12.8842170138278 -16.3608849201678 -10.1653580894734 7.68995170066776 5.17190803335627
Rhinopoma_hardwickii -16.4746114092655 -47.4038980996781 8.43563499230592 -10.0458523262208 0.645581888518766 -30.6466426973173 8.32241261322122 24.2976552625733 3.1062911995759 0.627708384902334
Rhipidomys_fulviventer 0.759380408963646 -26.422034720248 10.9937323650886 22.0130855443134 8.04795378834682 10.0488096421896 -11.1232281941951 4.83386353429826 3.32410923410037 7.33177124368816
Rhizomys_sinensis -37.2953536804389 -5.87352524913498 -25.0913035237687 4.18299735152481 7.27841247471902 -15.7610666274729 1.59611882648538 15.6457840874611 12.6767807201108 13.2526676667048
Rhynchocyon_petersi -19.4709900253922 -12.5010360683501 6.20396432091823 14.439854725162 2.7113042169162 -14.2095850760653 2.82263186118377 17.4616095397444 -0.0266859961331701 1.47653498481756
Romerolagus_diazi -36.8671901026094 -17.1047849622944 -5.21383573715484 6.42373088489495 16.9741953497663 7.06868970494249 -15.1320294314077 7.79288900314477 6.79743226742222 15.549573767802
Rooneyia_viejaensis -7.66557855573215 2.6407527280883 -8.49167681767761 28.5919538298595 9.18611330257414 16.5044792423528 -7.2760665662353 -3.60624348875352 -0.609856317118751 10.0807818310649
Rousettus_aegyptiacus -10.9469794712653 -13.7555318071339 -5.63901075770915 8.16638604630664 9.49327095837266 -5.60586554426332 -6.24123874234007 8.44248898950022 4.52665715148012 12.4493884318638
Saiga_tatarica -18.0553752666394 36.8384762482 2.09080694986287 14.2637741028095 21.122201353255 0.287865224614304 -0.764922062369945 -2.612040082171 -6.35919433943798 -4.28313240386337
Saimiri_boliviensis 0.467611405490614 56.4270770079141 -12.7023582723212 37.8766852338215 28.5219807677969 15.4203499539761 -18.2431680279553 -5.47127562188468 8.51346422430984 10.1726966413021
Sarcophilus_harrisii -11.9402025171196 -22.6487848603387 -25.2607915163695 -0.655839923609709 7.60141646435785 2.24449060790074 7.33286084077545 -8.03906000428471 -4.98975553139576 15.2938719938452
Scalopus_aquaticus -10.7005238905136 -19.9596381046763 -19.8643228564883 -5.50590063500408 1.39613865479349 12.266193636076 -5.17753218685315 2.78620020370061 3.93378297742526 11.517825684408
Scapteromys_tumidus -2.63781643318168 -14.2003490190855 -1.16097790204387 7.06610912448005 10.9459070065451 21.933029492322 -5.72172294668833 7.60207019022768 0.96034592510688 6.57709002577987
Sciurus_vulgaris -26.8262037417388 -20.1408206727752 8.98660336031213 20.502849443806 2.94938595396024 4.99119259470182 -11.5249860448434 3.98999792518698 6.17758552360657 13.552204693991
Scotonycteris_zenkeri -14.0718910613707 0.757801837098636 -3.82934143384675 0.331547668274857 9.21879975404093 -7.50046585117741 -9.33998703014506 7.87073326058357 6.56618150587391 8.88483234545834
Semnopithecus_entellus -5.34358335683407 19.8175117816287 -4.78259366510203 42.6295592829225 20.9626502359367 15.6639305882145 -21.374364508094 -8.31204900606686 8.02242639086692 9.65863727563049
Setonix_brachyurus -25.2149861692677 -7.57105888941758 4.09872306082119 24.8478232290859 13.9432570298268 8.92134801204617 -9.59028819438909 8.08707930742825 -2.71345385005638 5.38353167777808
Sicista_concolor 11.4109674819253 -11.3256013529483 -11.6088102873243 1.86618282121271 3.55005342631441 5.95160890196101 -9.7566336295705 9.34791017534993 4.43917633150572 8.63175415496849
Sigmodon_hispidus -22.4251510800193 -20.9186053245497 2.73048286196836 11.0338335685562 9.05856039828987 1.17288392861332 -8.54822386439257 8.00952341874874 5.67158342015474 5.69024012243338
Silvabestius_johnnilandi -14.9279298558223 -26.5480420619909 -7.51157498985214 3.28391664320132 5.55074116751063 -6.59465494695788 -9.53391613389468 -8.02022597223015 -6.18025051418989 11.3849562942602
Simosthenurus_occidentalis -21.1303644937436 -21.2311971067434 1.68177577834861 17.3984136628382 6.05335284620246 13.2752968084314 -14.7261446152069 7.78913262909808 1.88643025305311 7.88988042051946
Smilodectes_gracilis -19.1181684627819 -18.8275788781457 -12.61435890449 20.7591344430924 22.4673576030879 4.68049286345387 -10.3014507392571 5.36372895109732 -4.99162633192748 10.15678686389
Smilodon_fatalis 4.70473155386442 -17.2059926121535 25.0713336392484 -1.76383803045805 24.3120888639139 -30.215117234907 -7.60997115373628 -20.5857621447522 -14.9136412881409 -2.89630020216254
Sminthopsis_macroura 7.89377648059643 -12.0117232328154 -9.60513479978816 -14.2663030820122 -10.2857974556139 10.0586377127988 11.0426902490729 3.80164130999628 2.74865062074495 17.1647414309644
Smutsia_gigantea 46.2118846790146 6.13849760721765 39.3634693244626 3.34018574167475 19.5408956338668 -5.23796520723947 7.78555919827932 -0.170580947270924 -10.7957198509315 -3.59775171591663
Solenodon_paradoxus -3.50259065483269 -32.344158960196 -2.1829268663082 -4.86802600754505 36.5621740755748 -4.04382251235338 10.9650253873509 4.39253421937698 -11.6554483761529 2.33573922400885
Sorex_araneus 33.9604703680066 12.0602549488911 -32.2526023182783 -11.2726060459646 -3.99729732153211 2.70688880149982 8.98470303729524 31.8054645078487 -2.91141907785008 -3.98129961009933
Spalacopus_cyanus -15.9711195620767 -26.5960335511388 -19.1386685914405 -4.5113677541451 3.41870984536182 14.5963134899307 -7.53972821601114 1.51951341208799 2.6828579920812 12.1915120353693
Speothos_pacivorus -8.27719341000978 15.7597251628212 12.0137675595645 27.9995787157354 26.5845042622263 12.4836823941719 -15.7330878510814 -10.6133692058773 -2.18258337002858 6.42733124988267
Steatomys_pratensis 3.05218999529301 -0.817831345472051 -7.77301511619352 -10.0198199309924 -1.71700254874237 7.74170840775553 -15.7789155950687 12.7145581889597 8.35098256509364 11.6159398682489
Sturnira_ludovici 51.9818754993182 -30.424227363746 25.2406498496057 18.3334720751524 1.11042428201895 11.3813523459773 7.94129759569656 9.49800251937818 1.27284027162214 9.17813895252255
Suncus_murinus 11.3864271057175 -17.0934401338271 -25.6527135099103 -18.2669341975549 2.43474212686849 -7.37016355707401 6.48363834002898 3.147175341736 -11.8235409949701 -2.05056085514179
Sundamys_muelleri 0.273893681444969 -19.0110674373024 6.09705799423874 11.2903977628734 3.21064032866345 2.08134623129738 -6.63203185407308 6.24011002336044 2.16944863104995 13.1948958821867
Sundasciurus_juvencus -11.5442862645043 -22.6026848579355 2.96998219543463 31.7163017208054 15.4650848187604 7.55217936175819 -14.3002686807369 4.186187807032 2.29754282842929 11.0400906774522
Sus_scrofa 4.55066851040731 14.7474964888186 27.9070204748755 25.3308408293305 22.862547876329 -13.686533258567 -4.56617936521661 -0.180828619805305 -9.64361203724605 12.9260798092557
Sylvilagus_bachmani -40.2407838408307 -21.6407461196498 2.1490617407287 15.0940759838519 22.8376621297523 11.4570281761729 -17.5112190692163 7.54842936004198 12.5805290057655 19.5958595212755
Tachyglossus_aculeatus 27.5474537866693 38.7031117680144 24.3838355911244 9.39705687690091 -9.45734894170989 5.05972242201198 -9.82242785557133 -12.7176160085455 2.4268456097988 -9.50887878921119
Tachyoryctes_splendens -25.9919864478938 -9.37700986371667 -9.46221333320919 -10.6630329184751 -7.09342554093617 -12.7080838698203 -17.1384091297667 16.0758660625249 14.3739312818005 11.0231578164885
Tadarida_brasiliensis -5.57112018738446 -53.9128013122156 2.41728471839108 -13.7354974562685 8.239716961705 -7.46541187632849 2.76165975712156 24.9331467800262 6.88277916026164 5.91079307042165
Talpa_europaea 35.2025786108633 4.01870040008626 -10.0371697118069 1.14325362502835 -1.92119374592686 13.2057551257266 4.48553221125645 6.78858208713788 3.37019515488565 3.74264829986917
Tamandua_sp -16.437982732848 -25.5076871140005 3.93568381506386 8.68724072167727 15.7385158295392 6.00489603154161 -9.94934198156182 0.313052105383722 -2.59617854960535 11.4387344756749
Tamias_striatus -22.6358567282618 -16.7832089568474 -4.93758280127403 7.8479002201493 8.87998863039953 17.8558096713812 -7.13849292915393 1.42399398217371 5.31051681836516 15.7603665454293
Taphozous_melanopogon 10.6933468023719 -59.5301704863062 18.1124514873576 -11.6567089050145 6.26081617036916 -8.05289051568538 2.97381231911708 16.3304601116285 4.39819986041533 8.5772896120958
Tapirus_terrestris -63.2507879957706 1.42222128917921 -11.823515840736 11.2024896302289 2.53247685374522 -5.2161891791682 18.379582527439 7.83590358992065 3.6439458417622 10.7104195150784
Tarsipes_rostratus 15.3167087099763 -21.3229436811016 -6.69681163244883 -13.6499162941132 -5.54628945334877 8.05586372075676 -3.59752063824858 7.89122874332377 1.48103920837971 14.8416531313461
Tarsius_tarsier 8.21341953354901 -0.383110839600144 4.52877189652798 38.5327971565667 31.3771267324119 25.6551828527034 -15.2823686524258 5.38438202623168 -1.96616595662393 5.07148468025809
Tayassu_pecari -1.88033230639586 7.04788133052668 17.0087324464946 31.6674215554748 26.1214828342252 -6.69827288085571 -17.4581860376934 -13.4377438166618 -6.26313776960073 13.7080315724835
Tenrec_ecaudatus 19.066247650485 -20.486371446202 -11.3394523570609 -8.04849679122286 6.43744562083936 3.36460152552543 3.22103344555949 7.75596491854805 -5.23391813076058 -0.552194828807318
Thalassocnus_natans 23.0028690240988 -29.0043300675833 22.3096981660247 16.4379666265648 10.9399209101116 20.109278108313 14.432292132974 -3.83655357961688 -3.76189121092395 4.2045592964597
Theropithecus_gelada -8.82104322664814 28.2739245314045 -8.16812743497076 50.1690534998879 16.336980096932 21.4320129955238 -16.4948193479236 -9.09527157244482 8.98734485337386 -0.912555906335985
Thryonomys_swinderianus -39.0139270781919 -35.6365602481351 9.40158510659666 6.23093449100415 13.1280543574146 -4.67718793747723 -0.0592624563801444 8.46302366959852 2.62954453172732 11.3982811475722
Thylacinus_cynocephalus -13.6601152760973 -23.7540916581694 -6.69505516094582 -0.904987766240123 4.25637769899478 6.53961767905272 -8.09420561444375 3.15006133341837 1.38240376689318 0.563016794303659
Thylacoleo_carnifex -4.38624200498738 -21.5379930771848 -18.5039468174856 12.3049970366927 7.87652065102296 16.8855553164848 -3.60645846066499 10.6446195688587 -4.75230427416331 5.43762874105001
Thylogale_stigmatica -31.9772908386902 -19.8605886486322 4.80527472845072 12.1575355753397 15.454062577325 13.2059574823781 -10.863801674455 2.52391851012639 -1.40762810957699 6.45740728084745
Thyroptera_tricolor 40.3565624916776 -33.2146696384611 23.4346548531517 26.2648337992941 21.8029055369985 -0.633716923550901 6.08301842756252 32.7929840932047 -12.4841475889973 1.2365280686766
Titanoides_primaevus 4.01992539135145 10.3951739647515 -14.7194159554993 -8.42134455872198 0.0531112596120419 -4.79201550979294 3.11381148520003 -21.2509014440503 -14.1167802005405 24.629336285444
Tomopeas_ravus 5.50334581116837 -48.6063614831167 4.49536481130876 2.18228951283464 -14.8048805916749 -11.6960271785896 17.3678834601653 18.3547376472458 7.21428975079681 6.40286875975514
Tragelaphus_scriptus -34.254151298185 10.0156336919503 14.6130704969908 30.5578129040331 28.4201132623244 0.94829318037908 -7.49563548269112 1.09690082276298 -5.85645637141823 4.8943997283015
Trichechus_senegalensis -4.64321266583197 -12.3154672451723 -14.174990770531 53.6856633280482 -7.7888884754159 -15.9987334139454 1.58707617720554 -1.08632017405197 8.24074571474976 6.36884268023905
Trichosurus_vulpecula -21.766706651224 -17.8341282993615 4.23774366359395 11.072680245022 -0.790693298338438 0.307106261211475 -8.88573018115523 0.0594336800819284 1.43564749774012 3.71696831057335
Trinomys_iheringi -24.2586822063813 -38.6811708280578 9.44689074541812 12.9864120405207 16.1313329233563 -3.84471048022631 1.94419749233227 14.4602298386799 3.13320090804769 8.22225491722214
Trogosus_hillsii -2.08114982749801 -36.9482658265377 -3.61336791980778 1.71438061411543 6.20763892669411 -37.7727489436734 -2.36566920870098 2.21208039590792 -18.3260996671859 9.91974215760392
Tupaia_belangeri -13.4550868874518 -15.1571300990817 9.80647484788176 11.0993221759411 7.3947300392419 8.04470396323432 -3.97914342573692 -2.2204187219382 -0.240482856572497 8.37729933185853
Tylomys_nudicaudus -11.3676784441848 -28.0936935701817 4.01060844251601 16.618872379279 5.22774850823241 -12.0706445139219 -13.1506896854984 2.50089609961955 0.806932286021041 0.0725800507112604
Typotheriopsis_sp -81.250653616335 9.28608663042384 1.66290391697642 10.3674194432716 12.2986670085853 -3.8732778414879 18.5296605266464 -7.47320773988692 -11.9573903720562 8.23380982480277
Uintatherium_anceps 26.8930243448502 13.9959912777476 -25.7870227733912 -14.6348075560259 1.24622882978056 -12.3578575686326 20.1883816829204 -7.93160548862559 -13.0247621746319 10.9068402264416
Urocitellus_columbianus -27.9089197134242 -12.5978850324745 1.53120202926705 28.5617526161914 1.9677348125871 10.2554177401597 -8.71797816513634 -2.25456142797483 2.88556095208324 13.8750538183726
Urocyon_littoralis -4.30118862167214 14.6855213617514 17.9989883836223 25.96213412086 23.4216893488416 23.6073659817516 -17.4770894566518 -2.20743378068223 -3.20586431855233 -2.23339164375451
Uromys_caudimaculatus -8.35336463769369 -12.1726743104215 -5.1190768811023 7.57570619099935 2.90322591925408 2.53579566998328 -0.127312289465083 11.6756507994711 -3.51275550802412 3.23083426105161
Uropsilus_gracilis 41.4027222802492 19.5668446873378 -27.4939435217258 -9.30844659271273 -4.9434730893568 26.4256179767204 11.2812614320879 10.8891836095623 -1.26106279124665 -0.52977857386882
Ursus_arctos 7.3548202369717 0.968912715083901 -13.1490220191838 0.744507241885153 19.1893661403028 -13.5016472834452 -24.7647825933208 -0.523803249792026 -7.78779240751165 5.89506536958513
Ustatochoerus_profectus -5.10934194575336 -42.8128426868981 50.379274709565 3.76442925348066 33.3088805938073 -4.31414606578017 -29.7048504128954 18.4523964474804 -12.4822604247437 21.8158522614595
Vampyrum_spectrum 40.7067527840425 -50.6258578142114 27.7042035916721 5.19623012635053 17.0062426160172 11.406008502163 14.8533858881853 20.8510975593899 -0.059393626172839 19.5398026648237
Vandeleuria_oleracea 7.70372564922371 -18.5384037072482 4.26097668128741 11.8433676096157 11.0544502049419 3.57364929332935 -9.42154475553363 0.384663332080227 3.74766175468968 9.40611022843828
Varecia_variegata -1.92329602634925 -7.0739631964446 15.8259418155916 32.1756669138142 19.9447643654294 21.6617029788506 -14.2314855392536 -3.23802062147915 1.99114860380513 2.39239541369387
Vombatus_ursinus 2.37665440132947 -17.9939463988602 -13.9511144285094 12.4845388872402 -10.8288413692846 11.5655582400444 -4.59710059145786 10.2046023275634 -3.65699840929552 5.96406015923181
Vulpes_lagopus 1.81614429220565 26.7392928014832 4.84459264665325 30.6795931423282 24.043201733037 7.21866166165293 -17.6874402871942 -7.09109893037414 -6.90606703626796 -2.33885258157816
Wallabia_bicolor -45.4435452258812 -20.4679821582784 -9.46152968079372 15.3796397294185 19.7064572161539 24.6551361711511 -1.25945978264273 -5.08915694636977 -0.736912401508439 8.86005908169396
Yalkaparidon_coheni 26.3824637716657 -7.45133418463169 -15.7217002308568 -11.5338416743241 -5.87543052849267 16.7880582462995 7.8742145187746 17.2961905322862 0.999267295770573 3.37638916325038
Zaglossus_bartoni 45.8181664562373 50.3451525842215 6.25107117451633 -5.49398517733656 -6.87689467595336 15.265207274104 -6.37333626005658 -12.4075822148826 -5.8214000502757 -7.94655970362445
Zalophus_californianus 69.4943981925702 8.02003153849837 13.1214352899069 22.6574115962938 4.50022718726088 3.9784777664121 -26.9642616798657 -30.8106294958876 -2.37513873474742 4.50963207361201
Zapus_hudsonius 7.57241346492454 -16.6787332646267 -2.66820173465422 3.51743608245156 2.96421919888101 3.17149629742702 -12.0471858112645 12.3873399836001 2.48760725881304 8.13939272673009
Zenkerella_insignis -15.4275533705694 -27.4313261793849 3.53155071080369 25.6625866852264 9.37857712221772 -4.97307069869702 -10.6332608887559 3.33140794771216 3.50846612083654 9.57628800147955
Zodiolestes_daimonedlixensis 1.69560577678918 0.60714813819315 16.122873287133 8.46675615167598 -2.66420726461615 21.1112629623611 -3.19728092585064 -0.7917960134619 2.05414898324794 0.412364548986591
Zygodontomys_brevicauda 20.2421766917638 -7.34355782837214 -0.317028042747196 -0.898553197595551 -1.75010632870363 5.55124795205972 -7.24062307158856 12.8124939940103 4.08077440371009 5.40146201039744
Zygomaturus_trilobus 27.4415247801526 13.5858588374729 -23.1106786683372 14.3527091260286 1.40308955535811 -3.03471322688646 -10.3648780182353 4.57143774792852 -9.13813028905112 1.54426755489653
