Abrocoma_cinerea -31.9874530497532 -50.4260293635939 -23.6271151112804 -24.8040520097688 -7.80002887507498 6.97827310229006 8.33871771841494 -12.6139088499766 10.8524280052495
Abrothrix_olivacea 49.1515229627755 -3.12285596677614 3.26234977039978 0.378915674869738 -3.19472278551279 10.0798965839093 6.57223090251179 2.65610325436791 -9.55020656924935
Acinonyx_jubatus 14.9808686232203 0.178414553278033 28.7807017969963 -10.7043022314699 -10.98942209318 -10.4787981565946 -8.41403400545048 0.667025368186531 -1.65225489543793
Acomys_cahirinus 31.4580483724552 -24.6122693892348 -13.9628001658497 -3.81441865618141 12.7106754073739 3.84768145506663 8.92536152757623 -4.88242113971913 -0.350401932766116
Acrobates_pygmaeus 28.9027652479822 -14.1188133856243 12.9400334810981 6.01525791253343 0.755282085062705 -22.8357005198125 4.15570373645274 1.00202961182203 -3.62083470801926
Adapis_parisiensis -9.87015454947338 -8.04188267931277 -2.09329242947392 -23.0498900864032 -3.59034290037547 10.487378667652 -5.47770045168663 -7.73172217862496 6.62276709646146
Adinotherium_ovinum -61.9573843440177 -69.8098109402697 -18.9515719795596 6.88440408846226 -8.07705354478025 -1.0677599008134 -11.844034213292 -19.7180986617529 -10.1149504324642
Aenocyon_dirus 2.02328681170607 26.1435392812531 0.759010258150381 -26.1217380472241 -10.3550567030367 -6.59615853344773 -15.5330813627195 -4.8951137570707 -8.00744790802026
Aepeomys_lugens 54.5703042200065 -11.9592721914118 4.02146945472462 -0.349004641640631 0.836547030685815 0.863554037371244 4.29885123546349 -1.02213818691997 -5.98932844069491
Aethalops_alecto 11.4072842254301 -24.2517469850127 -13.8992035923523 1.25677469787237 8.14561309952393 0.814613120348484 0.316756298248608 -10.2640718492358 -2.34821248693776
Agriochoerus_sp -83.588281791652 11.1354270925536 -5.56136086434848 -19.3361513933549 2.69553385248018 -10.4509068759244 11.6910788213299 -8.12304695412111 7.98710953548458
Ailuropoda_melanoleuca 26.1405077231158 -4.92331942042523 16.4508694386144 -39.9828748984068 7.9961706746685 -11.0482501888549 -13.5561968394537 8.48818511505359 -5.25658435601872
Ailurus_fulgens 39.5746754612269 1.78716664183709 -13.9793388550568 -43.9085050440123 6.12750507651404 -9.09556501242369 -12.8751863918474 0.148441396840278 6.43748311852613
Albacetus_salvifactus 27.870836026917 75.8260839981348 3.74698404059804 29.2796331736584 -3.41975332391974 -16.7145885275428 -13.9877337649459 -8.04909903976523 3.48589253823665
Alcelaphus_buselaphus -40.7915545727171 -38.9940470820639 22.259462313325 -15.3132739558706 16.4174378766511 -18.5663152087666 -15.932612993243 -0.750103723261572 7.11836003770658
Alces_alces 3.58619673045472 -36.1164779016339 -6.40146369080906 -17.5200153324933 3.73977178582784 -13.635899991765 0.289201204505874 1.37892600874658 -0.853311783741657
Alouatta_palliata 84.6417809621511 16.9592695734947 -4.76553004866803 -43.2683171174018 -3.30911537572631 -5.28206352036045 -11.5253912880279 2.91843013643636 -1.62591642065124
Alticola_argentatus 4.87013547746226 -4.09235037091859 -20.7043223815989 3.36623883138566 -7.05980940990391 7.49739210355042 7.16153178400709 -1.58820649525838 -1.14230871152637
Amblysomus_hottentotus 83.8261610968352 -31.8291447826053 -16.2760177188743 3.67526833981532 -2.23573650640272 -19.5833106792344 -0.934199745783712 9.80862985519802 2.54822299207348
Amynodon_advenus -46.0510729969289 -61.7206681958178 -24.5913556176628 -13.1798384423847 3.85031106051154 13.9568281171493 13.6236289256082 -13.1908799803498 2.32157861484938
Anomalurus_beecrofti -1.14867779310788 -26.239442514752 -14.2378824037879 -16.2569494376409 -0.724103712046967 -0.568141159810149 7.51352773578081 -2.54141525470839 -0.671280552277964
Anoplotherium_sp -92.5663231483245 -33.1455179268041 38.9872682463585 -36.3866007167621 -9.79631275292758 -4.42911878855342 5.07869525372103 1.41160495311067 -5.54644557126446
Anotomys_leander 54.5580731887452 -4.55241356364922 -4.2131474921793 11.6524639910076 15.3861526420482 0.15279748389139 12.8452465028723 8.60091528501669 -6.98343877987923
Anoura_geoffroyi 21.8791696803788 -54.9060122694009 9.17922007893062 -3.23380362663082 11.459452362902 -6.32855115096378 8.33389977366678 -10.9535816188435 9.13882179869919
Anourosorex_squamipes 59.8795476025227 -38.6745931525453 -11.2993526780562 31.2768561019134 19.1664471468212 -6.15814986736205 4.7356525824312 6.25713339288156 -18.0363014858926
Antechinus_flavipes 28.2967522051199 -13.5247141045427 -11.0629804559305 11.3869397638362 8.64295609981405 -5.45416079659306 12.1208727923583 4.44792363828227 -0.871641448823678
Antilocapra_americana 38.9845717512785 -26.897004398285 -8.0317917758884 -27.762490185837 3.10869074970135 -11.861282215993 -16.418560745139 -8.25821368514834 8.62995884635326
Antrozous_pallidus -10.1812192353136 -45.2156540815856 -26.9961854307476 2.71345158627659 22.3292187472314 11.4565662516477 23.3523489894196 -4.10728153354015 1.03442261754138
Aotus_trivirgatus 90.4992654730513 14.6530917746499 -12.2211744884638 -32.0121399989695 -11.5497263375858 -16.8070405803281 -1.41179832297596 -5.35507031053607 1.06060912776153
Aplodontia_rufa -0.689785480703272 -27.9984883456883 -11.3607547550717 -9.01756206037637 0.931232346305446 7.39702175984672 -1.66404387163918 12.8115580637029 -0.791250290846674
Apterodon_macrognathus -57.1875159130853 27.9704672735987 52.1609350080426 13.738117987921 9.15194199136066 -16.4221620306339 -17.6848935314358 -13.4691333367843 -1.02897789569716
Archaeolemur_sp 81.8272327847548 -23.2274163461827 2.14336830817529 -37.3828443557767 -2.65455442850273 -1.36127093843658 -16.382464652999 -0.468607288675192 0.0950368281794119
Archaeotherium_mortoni -44.784680702104 -31.56147344447 9.31789569158504 -8.54900402950898 -3.39615145662235 13.3576375828584 -9.46307651857534 -14.8415190218542 -5.4877109942117
Arctocyon_primaevus -46.889361056099 30.9867637345248 18.6720463185088 27.9127108062176 9.8279071904758 1.61966996996246 -22.2494974694916 -17.2315820386741 -14.6871480759382
Arctodus_simus 14.833322294195 24.7057863618487 20.2576856631627 -34.0917066490653 -4.01459868347943 8.22690049809027 -8.08591127627544 5.01166088681644 -1.64771888932542
Argyrocetus_joaquinensis 21.3705747480073 109.224063678478 -48.8284429872402 43.4615356492173 -21.5811103865403 19.6311175935963 -10.8650449740896 13.6805680448515 -7.1359214169437
Artibeus_planirostris 38.2533841932337 -18.623707845074 -3.78333459750302 -3.82544203273304 17.6547915381693 -5.35118416339151 8.97534761611231 -1.45273281979051 2.96656989066819
Arvicola_scherman -16.5462478851309 -8.58205380566257 -31.7645895978685 10.6867181262107 -7.92370116365849 3.76498781697574 6.35558719006791 11.7834365847118 -7.24162676953701
Asellia_tridens -9.94103933653201 -41.6932812572031 -18.8608261211025 -14.6186644667507 33.1298529892691 -0.566120251498649 16.3476113142975 -5.22260876333813 13.6827035251046
Ateles_geoffroyi 109.571852399548 15.8257611739596 3.63242392123967 -50.7976005648659 -8.70316036819297 -13.4391351074978 -20.9120359947931 1.74036426917769 3.73964746737976
Aulophyseter_morricei 50.5247338095943 99.99813226615 -74.8966810307709 66.8422032032828 -13.8633147623269 6.63983199164687 4.59856398920869 -4.091393528874 17.3932933924023
Australopithecus_africanus 107.831059728382 -27.5882321470407 -9.43342502222585 -56.3609631436644 1.83744889992573 -17.8385540391391 -13.8795041699474 5.55827587934764 3.81505574432506
Babakotia_radofilai 52.486797071727 -9.99054979037422 7.70160007366373 -46.5457276050925 0.246435233306244 3.55782416198349 -11.7770114360002 1.65456671235262 -3.11024845903952
Baiomys_taylori 34.6961436137868 -15.0482183355412 -9.71589230142776 7.04147295282174 5.63926764469535 14.7367082940157 14.1975768944157 -1.59776306293928 -6.23176897090067
Balbaroo_nalima -15.2015889526622 -22.6389858446269 2.69203384049585 -11.8411890198083 8.31087407488301 -3.2926665280632 -5.73890752706394 -1.58398274858649 -0.870910614020506
Barinya_wangala -21.025511562289 -0.124479246615979 -13.4975296885043 -0.712711767507199 10.7951963321303 5.4299541271152 3.09102823703208 5.41876544688204 -2.89525775233061
Barylambda_schmidti -72.4782948631701 0.960021509522385 52.4840750945034 34.7220293739202 -11.0483679985962 -19.3820235418238 44.0317903915584 7.51093146485563 -2.09647940449014
Bathyergus_suillus -6.99261161368405 -47.0225667517337 -10.1859278348865 4.32871648529238 -0.341089513258741 13.6020150112868 8.73139629038475 10.6066139050158 -3.56930326392311
Batomys_salomonseni 30.7380258147383 -16.1596076967555 -12.1097363230214 7.10667110947525 3.58271677450239 3.30914560683545 5.4851061395003 2.60968008444274 -4.57394573124724
Beamys_hindei -2.8086087570363 -20.4064480441817 -10.485188673748 -4.4272433507227 -1.96370408583691 1.89797303890926 2.48534614235892 -2.23152886123252 -2.51751435599431
Berylmys_bowersi -5.17757110477336 -8.08984714765377 -9.84583567207946 -0.196335992003534 10.131072016583 0.0291006193132446 1.16203908357707 -2.40290341134398 -3.1899754264596
Bettongia_penicillata -4.68846795785776 8.91885609448702 -30.8010414386665 -44.5150883273443 34.7969421298712 24.4102498282785 -20.3211006065379 22.7464339672058 -25.8931658364331
Bison_bison -31.8635476151268 -13.9849653094092 17.5483645778806 -18.4301398850392 -8.41105373837812 -29.3138580893799 0.98065709137812 18.2173623160138 -9.00779194305825
Blarina_brevicauda 68.5388752266771 -27.1932704879159 -3.33249810760041 26.0885090788794 14.3435233202476 6.88802964581003 -10.0650151128442 7.54130310851288 -13.6542573968642
Blarinella_quadraticauda 59.8095344761211 -14.0155850906254 3.24595829979537 33.6461312430956 17.7849688306924 -0.915655452889166 3.46040486380163 13.4934848122321 -15.4485150630214
Borhyaena_tuberata -71.1197232994851 -15.3103306567814 17.400356083415 -7.65226096816974 -14.2103576490006 15.3895950527416 -14.1881851161702 -9.96978531495035 -7.4228801205156
Bradypus_tridactylus -24.6971895337636 -8.49126367823745 -3.44283927475969 -7.20928733146099 -10.4727012587718 -14.9076107547071 4.51113894434813 -10.4848408956324 -5.28589285177511
Caenolestes_fuliginosus 44.1297768617514 -23.6063536446937 -14.584059959618 20.6622472776675 11.1197428825621 3.37429902044744 11.9716598672157 7.82398019690908 -1.2859080722717
Caenomeryx_filholi -13.674257738198 -21.7367820639677 -23.3974091117939 -29.2865427070235 5.72196937610356 -5.04795471100725 -3.05241957766603 1.58993941587457 5.90832942987027
Callosciurus_notatus 22.5260488186602 -25.6170191381938 -7.9686238255396 -19.3452667868341 2.56130452502195 -2.43092141006366 -10.1301260361143 -5.76278712380404 1.01382585774164
Calomys_laucha 40.09731070206 -5.16681909605383 0.353500466940196 3.93970228315879 4.87755092307246 7.89513686727214 7.35642716615891 -3.58631903333111 -8.54336162476127
Calomyscus_bailwardi 46.949788615541 -28.343898198272 9.20025181816604 -0.586786941107512 -6.58293913361691 17.334032296262 6.49152816005599 -3.53455812937021 -9.26680359061692
Caluromys_philander 20.6694012218316 4.35227196124998 1.30157327006211 -7.249920438497 0.738125112717094 6.59687192194009 -3.88668036245284 2.7669069529268 0.067926021350764
Caperea_marginata 12.4784744844924 111.766176541497 -18.5886357863065 28.2017504156452 5.02169732941853 -6.36858987585836 -25.1902853055659 4.26818064300771 10.8194281448334
Capreolus_capreolus 21.8255192081448 -27.507609381165 -8.7941926649063 -39.8176516211068 -3.07089951270575 -19.6429108710646 -4.64285821545691 -1.09028789445121 2.88276071544848
Capromys_pilorides -12.4988728393721 -30.2319215295725 -1.90840919976256 -7.7000564034014 -1.45483088353568 6.4769095718436 7.08613912001315 5.8392036434827 -0.0765353401959738
Carpocyon_webbi 21.8949384409491 17.5929017608669 10.9773730925147 -29.1638743355154 -6.50147339537846 -2.91448085183584 -12.9287062945097 4.00889163502124 -0.769958824771584
Castor_canadensis -13.6579351003883 4.91236040964401 -6.25718574512726 -9.52842332061247 4.72832854104613 4.14558688332121 -7.60344577061796 8.36866688208766 0.44695252514359
Catonyx_tarijensis -4.79938050266436 -21.6257117214595 7.94109856277672 10.4204668276841 2.2578489532004 -12.4541184342074 -6.99495032004427 -1.8290323517024 4.13732571738228
Cavia_porcellus 10.5819762916593 -22.1460842587495 -15.3953929018573 -23.7493739852766 -6.80852667017331 11.6845812338915 7.79151714270354 -6.9156437174856 1.58869326158526
Cebochoerus_lacustris -85.9191302352717 19.4336807399739 -26.4452064907321 -12.7678616601992 -0.723194626744502 -6.59568333518708 1.17370197511961 -14.0138118207589 -0.433734295678738
Cedromus_wilsoni -17.6270101169493 -36.1717405086648 -3.94054114832784 -9.80241080801973 -7.82479198491211 3.06456793612751 -2.94598896092125 1.13184680597744 -2.134829998441
Cephalophus_leucogaster -21.3679178048314 -22.6412861987689 -20.0445581087323 -18.8905876453641 5.21049306096663 -9.03707632909715 -10.1957098124359 -3.47297540732464 1.91341635313276
Ceratotherium_simum -65.9594390381354 -24.9630423382876 27.0937241583292 -34.1130416764293 -9.28376142555737 -6.73091636827812 0.239204182124277 -16.42608797085 -0.115486547958373
Cercartetus_concinnus -2.69600333075276 -23.6107925474162 -6.71485506432849 12.1763639873149 -6.56126436990528 4.43544903320362 9.15458688254687 -1.49131657513524 -6.46447813176166
Cercopithecus_ascanius 97.2237331909781 24.138177200542 -4.86115419308629 -45.79540893205 3.24222970118888 -2.73469652800571 -14.7075843424836 3.54665820335024 -1.46391063916518
Cerdocyon_thous 10.7147414670133 0.464766826921479 8.33628833600209 -15.0953698376349 -8.08290650762372 -5.97000815596315 -14.520369626927 -4.16851426029515 -4.28696807022438
Chadronia_margaretae -24.7821922220478 17.4203698025869 25.5407769277616 -8.73937308365644 -11.2948644276316 1.26990382549259 1.53519552709161 -1.41153451243678 10.580132745532
Chaeropus_ecaudatus 28.8863441608582 -51.4489071671602 -28.6504614529951 0.73211290399722 5.06111158883755 6.96613706965673 -0.104579021765329 -2.47576635250867 -5.1673683590851
Chaetodipus_penicillatus 9.75485057807711 -59.7764996369484 -28.5543787067165 2.38843116726939 -2.13902544106893 11.8990842922382 4.09281147183393 -8.66008076241054 -4.00886741276149
Cheirogaleus_medius 50.7478919824138 -8.40654053006332 0.44803900946826 -9.38713902157468 -11.9329765910206 5.54037189609375 0.101353740201274 1.24240432361491 0.0551719808433344
Chibchanomys_trichotis 31.266061569564 3.14159540820919 -11.0424497917343 3.55504567317553 13.1565670890406 -5.9768365196512 9.60752266092859 4.69565282537117 -7.20851139269105
Chinchilla_lanigera 13.0318758247893 -63.325948211752 -35.992572518575 -20.1916903157146 -4.98526525595268 12.4549324932207 -1.85710766271249 -14.9975499341994 9.30128978746104
Chlamyphorus_truncatus 124.864573614011 -22.025918873786 -23.8241150697653 3.1493343909842 23.7047350571505 -22.4629239336334 -4.18879954243334 13.3358089619172 -2.25694756829688
Chlorocebus_aethiops 97.8054024964366 8.4108074576563 -5.49557115924894 -40.9006573142132 -3.34694559703218 -2.35534287848772 -15.5400447992614 3.63506950753127 -2.24783644732511
Choloepus_hoffmanni -5.61656144544386 -27.5777724154425 -4.34813828597081 10.3238441538062 0.637748419736376 -9.33337250196614 -14.4974435101622 -11.4818261400508 -11.0647601725803
Chrysochloris_asiatica 81.9782087821182 -17.8588030293276 -20.2105492113561 9.1158015734466 -4.24663131478053 -9.7711031823385 0.388493744688347 10.1783683391945 -3.76223762186003
Civettictis_civetta -11.7049503411258 22.0429169612181 27.2954649716293 -15.9594070503964 -13.9628251151827 6.39845881485333 -13.2413838901964 -15.0201802755945 -7.25847675022465
Clethrionomys_glareolus 6.467017998082 -5.65637715451555 -20.9442818447082 6.92427773816205 -7.2507672710319 9.11695506421745 9.24066071162273 0.154829242625127 -1.99887283227883
Colobus_angolensis 118.128440854654 6.56910617752106 7.50334698487467 -45.447932569886 -2.94710773964892 -7.23339364850063 -12.4214454259146 4.67563448834539 0.736286916840212
Condylura_cristata 90.2310901852105 -20.9808025557823 2.34165576374522 -6.15078767374565 8.76780612535473 2.43715263928712 18.5411122971096 1.4219167155467 -13.6129230300872
Cormohipparion_occidentale 41.7241558121203 -40.7199873488189 -4.25139157738231 -23.7292921403567 -6.51442292955548 6.10247937033261 -13.776618628124 -6.05322236049788 -2.013012476193
Craseonycteris_thonglongyai 30.7830769649952 -50.1583056261726 -21.7982661508589 5.50456894557821 29.4190029608694 0.402575052146414 23.8559862237714 -14.2981092775209 5.88533287992729
Cricetomys_gambianus -5.87207377947706 -15.1985705830968 -11.2301347011979 -1.58307615778434 7.09873403999086 2.52286154248914 -2.57319966832559 -0.985602898252718 -5.08644835109951
Cricetus_cricetus -21.9392959094446 18.1460762580569 -11.8043499593118 1.16265555015576 -1.4254006982288 14.1136680092437 -5.94087094709755 10.9056484798733 0.401942509233554
Crocuta_crocuta -19.2638146555127 29.4309790270954 0.54306748627289 -18.3187591554789 -9.85584096089959 -6.23325362824007 -6.96499489610328 -1.46847130532731 -0.967661166873741
Cryptoprocta_ferox 9.5259122693227 28.4489767572678 11.917430634336 -13.6767760285653 -7.04747902221965 -4.0053889561043 -9.61910848467363 -6.07689402512323 -6.47017732929405
Ctenodactylus_sp -5.46205475802922 -42.7080070702646 -22.0323623993255 -9.56588385126855 5.84675759492915 7.28293797841347 12.642482593315 -9.04945434636886 1.28595273039084
Ctenomys_conoveri -15.1583784338724 -27.8962868859253 -16.1944527313797 6.70839221317086 8.18206004436708 15.2427487601196 8.55671162067088 6.37513625988118 5.33566289982836
Cuniculus_taczanowskii -24.1950368068259 -17.0648866637949 -20.6252142589745 -12.4274263357013 1.95544431006663 6.36387527657576 5.19141032390713 6.98984405981639 -6.83978439609102
Cyclopes_didactylus 10.2233637393977 12.8460319504915 -12.9204427810216 -17.6812726497191 9.69828207910565 2.22486874164625 -0.476569468252016 -3.01289717025534 0.0860131002870551
Cynocephalus_volans -60.0183205140806 -4.81087154929538 -32.9417113397339 -50.5747419785766 21.2892160009024 15.4979016716007 -2.15797405741255 16.4533675209257 -34.3141449739148
Cynodictis_cayluxi -37.2669356812862 23.1092200040255 10.4875880423169 -2.90544446393568 -15.8797008952386 5.01180571376194 3.64847653467626 -9.94635714868357 3.76518188912541
Cynohyaenodon_cayluxi -64.8569369834884 19.7539542343308 9.59564285208807 -18.3888577567881 2.78252006544328 9.88707421989636 -1.90261038965276 -4.52999289051077 -0.347172072662497
Dactylomys_boliviensis -15.9404808799869 -8.04960247989479 -8.05810591398543 -34.1132227702541 4.27381086089164 8.74300757964238 2.32308004561923 -5.54774886057098 4.8102025994361
Dactylopsila_trivirgata 19.3541823754089 -3.43717785275756 6.0147698898694 -23.1915980828247 6.66968019572326 3.43906172453917 -16.872067557315 5.60215743547521 0.395063764546517
Dasyprocta_leporina 3.68659318297344 -14.0072437758358 -4.0707358822172 -25.8098986398259 -1.74545061235779 6.66760789146325 -2.30764718645015 4.45853269113768 2.35455989138935
Dasypus_novemcinctus 77.9982152650438 -57.6402797100226 -10.7283904438752 -19.3852791243929 18.4844130281932 -5.81127945751967 1.34424913075881 -2.51165575908508 5.9738235498404
Dasyurus_hallucatus 1.88718533105614 -13.0460298346081 -6.3311688916692 -7.94758426333662 13.5989577665848 1.1453591001605 -5.73197189475037 7.1799477175102 -5.55166226776843
Daubentonia_madagascariensis 80.3615843022487 -13.0940446654372 -14.7270332303673 -35.9487870523765 -2.75463907934026 -10.9899056601858 -1.45422567128523 5.22820207962358 -0.29627368601581
Delphinus_delphis 73.1105052539822 78.6173390684635 28.5399553340401 18.3154937071709 -20.4588947036244 -15.7523675193064 -14.9849358894548 -3.1472685928547 5.84612932299882
Dendrolagus_lumholtzi 7.72390623912445 -5.51881251380923 -15.3470141454924 -12.8830335298777 21.6638139357805 1.56906941768956 -3.24174752624028 -2.40579415821705 -1.79676191377621
Dendromus_mesomelas 37.9073286427833 -17.1492950547301 -7.99492261157097 1.66596954429183 9.52916137668849 6.08251658302441 16.0899520104167 0.593165565114574 -3.66702690635113
Desmathyus_sp -7.12973552211934 -68.8860634803462 -23.9990203912472 9.18754155688231 -10.2264810277312 -6.76188060305364 -4.56631689134954 -12.5195688384236 8.9519600861621
Desmodus_rotundus 53.0384105995777 -25.5507139895735 -8.90036552767965 -6.19536021996354 9.19617712812127 -2.43071336447261 6.19957702666929 -0.798432859684788 5.29477205782956
Dichobune_leporina -0.591490120980651 -14.664041663562 -21.5136156483963 -31.4506890939785 13.42735068948 2.91546269183559 2.04710697861422 -10.2721825412992 -3.18906815446941
Dicrostonyx_richardsoni -8.1933108447515 -15.7571821634274 -27.0503310714426 7.04042603846989 -2.77935778792116 -0.160692362069067 5.07016666546436 2.38638274174315 -2.21240433048018
Didelphis_virginiana -21.891183129634 -16.4652047336256 0.644734907825945 -9.01519240630222 16.7392234343099 -5.72377547293267 -8.54930358472443 -4.24282670889279 -8.42999593397627
Dinomys_branickii -4.10775981465348 -18.9552180845435 -6.54516133819043 -22.84585856697 3.26470111882525 -2.80384439898015 -11.5200393918962 1.80287580438089 -2.44624535545326
Diprotodon_optatum -19.9335532363258 -34.4607601992268 39.5232891530461 8.19917531804346 28.4007351152232 -5.98471508813153 4.55074341626928 -6.72701762306223 -7.4843227679486
Distoechurus_pennatus 22.2437467769975 -45.3600408254902 -3.3967362930368 15.4752641869716 9.65574700112247 -3.71830288678811 -7.0182410526313 -8.4571836678656 1.23132190629469
Dromiciops_gliroides 20.5748855987392 -16.9338038885461 -14.8295420401705 9.85612331145029 -1.91650516417724 0.974150707313655 8.85374743420095 -0.380651246355855 -0.146752708597229
Dugong_dugon 16.3200670619421 -53.3535818830131 30.9084592292263 19.8033197100804 -25.4163511746097 17.1500371681272 12.6433851003485 31.5566703333937 -7.58747734229727
Dymecodon_pilirostris 110.436248238734 -12.5788889084224 -9.92638328932378 12.6257321509657 -4.44959302924108 -23.2100784907438 14.0575233714106 14.5662304027356 -11.5528619012494
Echimys_chrysurus 26.4008236307567 -23.9006940336597 -5.49869179056414 -24.8896332119056 12.5743358421248 14.6144410534702 -0.41691114217176 -16.4875544167233 -2.47252799448226
Echinops_telfairi -19.0034510365526 -29.0593374421364 -16.8435558730877 18.7616702532193 13.392034166547 -2.67352617494436 6.34649416789543 2.65505969991847 -9.68236160884283
Echymipera_kalubu 29.3206338394658 -54.6060353078939 -8.73376831470113 24.7589840773265 8.45381041430343 -1.10177493354619 -7.96917872364799 3.58543615235977 0.919114958562014
Ekaltadeta_ima -15.0753045931676 0.54160384585152 -11.2634107524788 -2.32634406147333 11.4386150506876 1.1362541689484 -4.34989530219594 -3.18114855284427 -6.4771446909968
Elephas_maximus 65.8797449753534 -30.3176750485777 18.2263694033309 -31.0093771406305 -18.5433182021393 -26.6727871887778 -10.6771043500442 4.0497802560149 5.17288747638318
Eliurus_webbi 14.1693178892523 2.84979634598527 -12.3510130709353 -4.19353963174327 3.19504760893748 8.31818396898347 5.20849608577419 5.31494643523998 -4.15399171475079
Ellobius_sp 0.218751396164436 -3.23327120529677 -32.4552769354117 20.8839052759946 -8.74920430703903 2.40802609993109 3.1198019772834 11.4157636531829 -7.50073972124064
Enaliarctos_sp 46.749721848419 3.7548872752118 -4.28964291857271 -6.19101304190143 -11.7234388355523 23.8543832394215 -21.1218720251554 -18.1568164558403 -25.480198228198
Enhydra_lutris 79.9420570453833 46.5717711171814 35.7725757818541 -15.8313078826056 -12.7340753599078 -16.8017472866419 -7.59506627999254 8.28820103773036 -9.16855250137889
Eonycteris_robusta 7.03688078977468 -29.7313241309338 -3.26017075063233 -9.5063259133974 11.3456967341558 0.181743781173537 -4.99759739479981 -3.87634963563022 -4.25132241185817
Eptesicus_andinus 15.2843964662911 -21.760636586972 -12.4081933918087 3.84178009385646 20.9350574349547 11.7935527169343 24.5891090338384 2.58589018095352 -0.378883026473765
Equus_quagga -12.60717617222 -42.3835228626245 -5.22802568181792 -27.0196344073135 -9.98099238034153 -11.480883663689 -13.6806701396813 -2.4438119789926 1.65096610757829
Erethizon_dorsatum 11.3603909268231 -13.0129355063885 -4.33290476555999 -19.2101535409035 0.29874411033934 9.52098009356969 9.76240176978898 -4.97540764481243 0.224283750231455
Erinaceus_europaeus 12.2120528304646 -21.8578870445348 -6.2067382977703 15.6914102777502 -2.44754474569423 -3.36518068253233 6.38501063442814 17.9144149018589 5.72835591251619
Erophylla_bombifrons 53.3324311828569 -42.5054707326386 5.58040076120766 -8.39893655959566 15.2840368048583 -1.67319305855271 11.1013349831683 -8.40171630870276 10.3236684977073
Erythrocebus_patas 86.0432142516487 16.341121732112 -14.2442691522711 -43.4321905568332 4.57991890134132 -8.53611857751111 -15.0440049049929 2.71975139543074 -3.24787495150755
Eulemur_macaco 69.318862171795 -2.89064145581279 17.0897090875528 -31.7761070604213 -1.45231860552976 1.35352248135731 -21.2541026397334 0.734164593180959 -6.05620874798577
Euphractus_sexcinctus 19.4998023710874 -16.9365103213478 3.56276745870386 -9.5456548815807 5.56002864677488 -4.21700392007848 -6.56548311649097 -3.42734011011611 2.78500334049938
Euryoryzomys_macconnelli -0.90563342760048 -17.2946687089348 -14.526361624392 -4.78061857868565 3.79559304545805 12.5493540267515 6.67447627621456 -2.45928103084958 -1.00261890208564
Eusmilus_bidentatus -30.9685815340124 0.22394939083756 12.5064012026891 1.4212052427422 -18.3471976365256 -8.90398453580939 -8.02617908795524 -9.26117410291084 -12.9537269530099
Eutypomys_thompsoni -22.9516813986916 5.78449726390341 -26.1688740011707 -13.9710166564653 9.52893183191249 16.5140066462196 -3.00902583942755 -3.78508979870979 -3.30973686815015
Felis_lybica 28.8236482232279 -6.83176167423359 26.0674465725746 -23.7861519556384 -7.61489225550805 -2.25309416910062 -4.4337916487674 -2.59083080102603 -1.28000665656392
Funambulus_pennantii 15.1995709981059 -15.0234297621055 -2.96281479649008 -5.77960333073277 -9.71005207778401 9.98615028693818 -4.58477060384496 0.572192816241059 1.1018750801618
Furipterus_horrens 28.8919860606025 -36.6410703345096 -20.0577696078337 -3.66125072437809 19.288715954541 -3.64937928858258 25.7757330749136 -4.36394918343047 12.604608773264
Galadi_speciosus -11.9310999284666 -27.0180920917172 7.77705815014013 16.5148473197911 18.1812292833414 2.2000128979631 -6.76720558647655 10.2566995298266 -3.01774268581482
Galago_senegalensis 95.8658359482657 -13.4042615512134 -3.6826778918726 -40.7451496047332 -8.83789509581896 -4.17869805498295 -1.72083938579561 -3.17113604354361 4.91715538143727
Galemys_pyrenaicus 104.577432547049 -21.7056805763606 -1.58324651353968 11.2107914031878 15.279561810348 -5.53876508016249 6.88979164109356 4.1505083386507 -9.66011614101422
Galidictis_fasciata 34.0173714096389 19.2374678466397 4.92699834008161 -17.2881441968991 2.22170372444847 -2.08792483453822 -5.47536343446399 -4.48432836664697 -3.92922142990277
Genetta_genetta 0.599625717544486 20.2989990249879 9.78915141115256 -16.6393546165197 -10.0071203370737 5.47400920951167 -2.1366907796283 -5.86525661251206 -4.87645084232569
Geocapromys_ingrahami -6.82407602526319 -26.9914824589071 -21.7096822319618 -14.4960664241772 6.00566571997188 13.3987359134605 7.93118966422475 -2.14570390252833 -3.53393704217921
Geomys_pinetis -28.1633454160723 -30.5957047395954 -39.9652230804891 -3.71101696091636 -6.64081271184034 17.9286892778269 2.5222745294514 1.94999089586672 -7.57846271257484
Gerbilliscus_afra 10.7991404219297 -24.1292492869792 -30.3856499371009 -8.9262595879166 3.1376971895007 0.395372037096062 3.56872002991803 -0.31803866063655 1.31370454755727
Gerbillus_gerbillus 18.7061001169774 -28.9907961392025 -30.8371669969217 1.98618652910993 5.98163662462901 13.0363012852698 11.4170261634626 2.04876141779491 -4.34435594363911
Giraffa_camelopardalis -21.4306075624827 -33.5426532707501 7.00659602508458 -37.7670634292548 -4.03854142651428 -15.3840578831577 -4.20181682329597 0.588915622065336 4.85765498303732
Glis_glis -1.69461947064866 -20.7672956542256 -8.1320344157487 -3.54635151683003 -2.6724359896155 5.70069002251701 -0.00727374890720746 -0.79746315640912 0.760771776922419
Glossophaga_soricina 26.4965676827262 -34.6878373850379 -3.15345365012622 1.36118295299128 12.4954641054033 -0.729249606713723 14.7887528190862 -10.768448045999 9.41396434241952
Glossotherium_robustum -6.36933348222657 -3.46396124730655 16.83145930105 7.88494408170768 -10.7607757414107 -15.2849691101635 9.5924177372593 -15.9721477095954 6.45221444602523
Glyphonycteris_sylvestris 21.1779118294849 -31.7868587416771 -13.9989721825309 -5.96858521122335 19.43601817147 -6.79438032400215 16.0603612749295 -2.17417137502662 5.23635874956307
Glyptodon_sp -14.6394982973294 -50.9668928120507 58.7977129891905 29.9970280907888 21.9125326086422 -10.7825414635592 4.44698021026046 -23.7587428121851 -3.93399713088387
Gorilla_gorilla 106.836179681262 -6.19444141804044 12.8958847023791 -44.9108387897924 2.17201622940294 -6.852906368921 -21.992063727986 5.01963024769639 4.42656331081894
Graphiurus_nagtglasii 25.5732463267918 -20.2661574148602 -4.38974757020217 4.13975846347309 3.87189208586005 -6.12720874006761 3.23057999039184 2.70203358493333 -3.87909826995367
Gustafsonia_sp -34.0545836009949 22.4346479831253 13.7355081846625 -20.0046240608911 3.00857690203896 12.4815504415915 -0.145195168241247 -1.19174018100133 -2.19212410053249
Halitherium_schinzi -39.3204198174719 -29.9578977643929 -23.5321174970831 -2.71994746256117 19.5782130331664 -5.60862631890753 9.51989630567532 -7.52258527291305 14.6860879028752
Hapalemur_griseus 62.2132205198764 -12.2841150138175 -3.3202626238726 -28.8206136486092 -8.86130614282207 0.865257495319867 -3.01219590046679 -6.59276294064537 1.82575214996288
Hapalops_sp 15.7306062464939 -42.2347296349021 12.1838447319139 -25.2058907642933 1.39855396208598 -8.48565197857246 -14.6813840309675 -5.90874943076978 10.7059624731056
Heptodon_sp -85.2139111005108 -20.2868203923537 -48.3243810639647 -10.0610767503828 6.21276924843045 -1.20640844027934 5.15854470387487 6.25604676334123 -4.42853697757348
Herpestes_javanicus 4.73825567364681 41.5234960597685 9.07497644648778 -14.2590723845565 -15.6910915778239 0.492845152878589 -7.44370215726094 -5.7917079775778 -6.84643778129524
Hesperocyon_gregarius 10.3317602898707 64.8396288873579 -3.22455959278663 20.6116398136262 -14.0453893208826 -1.23264085945356 -1.69511276049489 -21.4928616400389 -7.08030250364684
Heterocephalus_glaber -30.2534915932738 -13.3488418593412 -18.3746522796822 3.61729800731932 9.840845298777 8.63982286813865 4.04860459742898 3.41212228562738 -12.9598333812347
Heteromys_desmarestianus 8.43354370608443 -46.2611258150316 -1.3560329069186 -10.2585484765854 -2.63184581589085 10.5986240928188 6.74767140160796 -3.33321285043194 4.84007642666611
Hippopotamus_amphibius -21.0297321749509 -38.0526947030232 19.141950535607 -8.36116915311271 -5.56371230533732 -15.7434546023094 -0.124301187231507 0.138990094264249 1.97553727621684
Hipposideros_turpis 26.8613887829197 -37.498576513495 -1.13932713500757 -19.9685669702619 27.9194971361618 4.99190486646392 4.53579230778525 -7.24715968314566 23.8396760996157
Homalodotherium_cunninghami -11.8840871323468 -47.5704817522038 28.8325307364717 -30.4148296743646 -2.22940435232638 -3.75190967701777 18.7687594172323 -8.72116046190215 -0.102541749177671
Homo_sapiens 160.77382532065 37.5562194262352 14.1489287479281 -81.758617411648 7.34536175809267 -21.1518127418099 -15.5860620956544 5.54357811659416 3.71848476712312
Homotherium_serum -34.8045226833015 29.1696166406133 32.26228686965 -17.4082374019207 -23.1858067114366 19.8605322910139 -1.85197147161544 1.85884278410278 -8.6104613129469
Hoplomys_gymnurus 40.1159071673455 -31.6504490080513 -3.18498336662431 -33.0792208332882 15.7213910954321 4.41082483292216 -3.51065273133141 -9.42758202458825 4.61869920164799
Hsunycteris_thomasi 46.3099072777513 -25.5262113764568 -6.41374808558742 -8.2572309432931 22.8747085520072 -5.73478959488341 16.4854017785224 -5.79967026558144 8.49795890359575
Hydrochoerus_hydrochaeris -13.0163984644852 -59.6086803577854 -17.5789685493283 7.73050266822277 -22.4307850794666 -7.32325960590628 9.75731826539022 18.6858776510284 7.05209145658513
Hydromys_chrysogaster 18.5797187027127 5.26489154952503 3.82789773931846 7.02048877326213 9.45063670703043 2.31520974017966 5.17751091489545 2.02893027218796 -8.22944577669382
Hylobates_lar 104.406471962403 12.9243713402665 0.157446808243604 -46.0183329846097 2.67372824994221 -5.11283561827087 -8.86457915620559 -0.538556422802396 -2.2754349744187
Hylopetes_spadiceus 29.1301563174187 -19.9313773526225 -8.80629156572606 -7.19672261031945 -3.01114442403387 -0.570907659383672 -5.16625486454722 -4.31154408961642 -4.81937650325056
Hypsiprymnodon_moschatus 20.5117576223944 -25.303182999215 -6.13783079434931 -0.192481997747061 0.0234202811856053 0.231229948203772 -7.91337491894212 -0.392162946423399 -2.67154373576834
Hyrachyus_modestus -68.2843250826629 -33.2237432352918 6.15571424613838 -15.8102587959837 -16.6943270746717 4.49097861426897 5.14059660520005 -17.3228932191053 0.556240375860884
Hyracotherium_sp -30.5058855163217 -1.6891932906677 18.9231869163557 2.03894623529625 20.837692376844 -1.8040757878675 -6.04546860946629 -9.78655804719979 -0.877222760067387
Hystrix_indica 9.34261700459456 -21.0369836217962 -19.6334956380811 -16.6739277838472 2.96496251876633 1.41033670581091 1.37858976554411 -1.79859444302474 -0.0121743000832282
Ignacius_graybullianus -52.9295860577771 -10.4112254929986 -11.4831404175954 -16.8400814065859 23.9035041814068 4.50694788174113 -9.11775033715326 9.79345134352559 5.98812297707339
Inia_geoffrensis 50.3676440381496 66.3999032424936 24.9195648216423 25.3987341144343 -18.8121102823204 -8.18016077355798 -7.7653229583824 12.9564813017108 1.99850597449913
Ischyromys_typus -44.4103413944161 -13.6592892480532 -3.73420400767308 -19.441611170875 8.64691640168953 11.1626696599328 -4.99778883662757 7.34154133753644 10.2301597212691
Isoodon_macrourus 1.19044169494092 -41.095691367225 -21.9286384588733 6.62268060445556 9.06143720175805 5.77582278864943 -2.20485860863029 -1.40900674311316 -3.08696617313768
Isothrix_bistriata -20.496399049523 -14.7827363706481 -9.04896924296033 -34.684542299596 3.7160788286784 10.4243002042315 0.361555518322175 -13.2539836051376 1.24279880965211
Jaculus_jaculus 14.5867984553926 -78.2622780308523 -22.5056161588192 -4.49083638154822 -15.0867490417854 21.0966259085499 2.56283777777105 -10.6061322530865 10.2348485873298
Kerivoula_pellucida 60.7387011435419 -44.2572761933327 -14.9641090862943 -7.5366163549841 17.7078386454002 -3.73908219396805 16.2200462349138 -8.6201063239366 14.2560295612641
Khirtharia_inflata -68.876906649546 -10.9322764795558 -6.5833149777591 -44.8358793828235 -8.65267928813328 0.579296704228349 -0.0172547157566847 1.45288439510248 -15.6070631726187
Kogia_breviceps 53.6538166435877 60.7058911519235 1.16606481482307 17.8198255029707 -34.4937940567296 -29.4012211916064 -4.40568453378213 8.51344914152685 -1.84664782098814
Kryptobaatar_dashzevegi -37.6468855381469 -36.2161029161664 -8.15416252837581 10.4396759656825 1.0629422543982 8.16059245194985 -2.99386261067492 -5.95509200899853 3.38637119065104
Lagostomus_maximus 37.1246735938033 -59.1706442551392 -19.9257080998973 -14.679177743196 13.4534664320603 -0.61836089876004 -3.73676005903941 -1.34377317504403 13.408751449099
Lama_glama -5.87549364875229 -57.3148375343213 4.19343798858007 -31.1415901139572 -5.29757149441377 -8.58832128596346 -18.7354056081543 5.12675429668096 7.77871102237932
Laonastes_aenigmamus -6.70120475294573 -26.7277370498454 -11.6348427692664 -29.0038674666051 17.9641442445861 6.03620151134377 4.38923094192689 -15.9905677502127 0.619016363258016
Lasiorhinus_latifrons -2.20635587405892 -30.1957686223539 -6.0811736851935 -2.99144375340573 9.09815407405381 6.37573480135445 0.280888216204401 -2.3116091386235 2.6490521031924
Lasiurus_intermedius 10.2753825316551 -26.5138444380705 -0.198067725852926 4.68563781708404 13.5413489376261 17.571061355346 9.37832902018843 5.54190392170417 -2.10355970621205
Lemmus_lemmus -13.7669373603405 -12.051642819121 -4.8348164467308 -5.02718013257123 -18.1704179270846 27.3129418359046 0.991297978135865 -5.22568191874961 0.788262798366533
Lemur_catta 69.942661615182 -4.60891643856334 8.81557868293293 -39.2186086929307 -14.8653140815458 0.136059900284638 -3.07074639214208 -2.83347816476645 2.9931050263249
Leontinia_gaudryi -38.0700700985682 -48.9387135034604 -6.77197665602552 18.7025532612549 -19.2956932765701 -4.6927083506605 2.75201478568288 1.15307421790313 11.9276045077023
Lepilemur_mustelinus 39.1563206989314 -25.63308073082 -12.2829452492195 -28.6084561363025 -4.26628306548651 3.73125291952021 5.03772299717667 -11.2864354661873 4.15960129484577
Leporillus_conditor 8.04894826178869 -22.4216886874675 -23.9212480940762 -4.5960176706198 2.83746342106754 12.7722054652027 3.99396716228227 -0.970456625800845 0.489525778049743
Leptailurus_serval 25.8652304194374 -3.84495438113497 14.2069913934214 -23.3094664259008 -10.7179933062381 -2.32402417223446 -6.82915087373569 0.279376566044059 -1.27460634055851
Leptauchenia_sp -69.1157648367795 -33.3135304448024 -12.6014772355831 -33.9274362503317 0.0480771047280644 -5.73401850123728 -7.47759844133594 -8.50794401790723 0.0695990938521044
Leptictis_sp -19.8455771676198 -8.45743064707039 -6.8664207727403 -41.8385249244287 13.764150377387 5.34940270848469 4.26252348780125 -9.66427269850643 1.9610023291749
Leptocyon_sp 5.91962577672245 31.7035749236275 20.8332472759968 -29.1241569809326 10.950849549926 1.06282869171059 -3.65411914923079 4.65655641107686 -0.88962040300969
Lepus_europaeus 15.1295301130836 -22.5423147671741 -25.9224939267155 -34.9151973715232 7.33425834528065 13.8472363976453 2.8048887608633 -5.99030327155712 1.45537512520833
Lonchophylla_robusta 37.2886919565817 -15.5669655739029 4.62739086478324 -12.8024017564254 23.8855628490037 2.31347891490878 11.7879533678932 -2.46912338559549 5.18447656772676
Lonchorhina_aurita 34.0551233377862 -38.0725659033671 9.91786009972039 2.87459549822609 27.5475470335409 4.27774098419346 14.8780685025857 0.316542395404413 14.6309070895217
Lophocebus_albigena 125.388241738347 16.2089622198354 5.10057905035205 -43.5856757474273 -5.70115662548195 -4.97441883391785 -11.4407664943688 8.07253756291012 -1.10042006828495
Lophostoma_brasiliense 42.7007477821382 -36.1914820492199 -7.62051903605829 -19.0128560125026 5.47276053765953 -1.27230461243552 22.1423232336339 -8.05036758363773 6.1201028404156
Lophuromys_sikapusi 28.4166589762114 -25.1578693653541 -2.35950607893541 -6.61196021949673 4.13182986637703 10.9109516025449 -2.45067029240718 -4.75449992605544 -0.763811773902921
Loris_tardigradus 96.7581667778846 -9.84701696897739 -8.9825421308821 -39.8790996933226 -7.74690793237816 3.66754149796628 -9.53672647184609 -3.92158560687492 3.59566078907437
Loxodonta_africana 33.0692810903526 -38.7998953480976 18.0458572032773 -35.1227145303609 -6.79056160602329 -2.0291731734148 -18.2447621816884 7.00814935747765 7.58287261376008
Lycaon_pictus 31.664098692581 12.8515040028846 2.18540257055174 -27.8435232311221 -15.9341767611014 -4.57543703123367 -13.2960021381353 -0.472490869602222 1.21309576502123
Lynx_rufus 38.9375413373111 4.76771945129683 23.5285535157004 -22.7927962053999 -6.07180589555125 -3.46065179306253 -14.5645791192915 -3.84807056842377 -3.30093893372592
Macaca_fascicularis 108.709352130885 11.3480875036879 -6.98653259400204 -37.5390752501745 -3.14036876171984 -2.47449991389574 -15.2778606422174 1.60844624824665 -0.07668359244326
Macrophyllum_macrophyllum 46.6328081309442 -38.715408589246 -9.37945057938413 -1.70924571041414 22.9246830788391 -6.72702970758244 18.1674133453154 -8.06802740364194 9.40602553109189
Macropus_giganteus 2.51113445319933 -20.1223808896981 -26.0700715410594 -13.368534517735 10.3585035416531 -0.599318547813222 -10.2748353558876 -5.19031529302391 -2.78093517688642
Macrotarsomys_bastardi 22.6173689879919 -13.8849985288563 -20.2466956406825 0.661428056822906 7.4152393283298 9.7241337801433 9.76487238004275 2.70480528296822 -4.35129699806307
Macrotis_lagotis -17.0206942914857 -38.9501965347877 -29.6224808874373 -6.29874813661095 5.36643737038695 1.83150282019532 -9.51708351787635 1.1070045395795 4.66460554239121
Macrotus_waterhousii 43.3289871881278 -47.1865372729538 -9.65763699944214 -16.5382774784627 25.9591074466328 4.77275924622155 14.297779743196 -4.14677834178799 13.2770429266173
Mandrillus_sphinx 99.4069909923761 15.1988369210709 -10.6878429562274 -45.8259797093903 -1.80778864349278 -20.9405231885439 -7.01306577365252 4.40952733253594 -2.99198635155138
Manis_javanica -17.7985507748853 35.8673877246945 22.6970911729749 21.4423051437424 -10.628653257968 -10.8413277695468 0.300310699483964 -3.33775949146858 -3.11313227468303
Marmota_caudata 17.9124937935799 -16.8778829667937 -5.69246654338682 -7.50688009471645 6.97027388539475 12.4151871217678 -10.9984796392474 6.28226013583049 1.64555016691492
Megacerops_coloradensis -35.5580691783986 -73.3802061027479 -13.5063921965578 19.183330855255 -16.0945296659608 -12.283037401111 -9.39860886608229 -13.7112791261817 -5.93099559849073
Megaderma_spasma 6.72532880823912 -32.5183941576844 -29.7825207481439 -25.8726251633764 26.3602874862557 -10.0196904763334 10.196429867947 -14.3805318112105 11.3429598322848
Megaladapis_madagascariensis 39.2376341920844 -0.663468316126863 4.43143104439183 -26.109978823476 1.06867673269287 7.1079536362355 3.78387924727605 -3.10040280587978 -9.56614234269875
Megalagus_turgidus -0.241436582532951 -24.8168281918663 -12.5910179683644 -31.7658247016716 18.2762943051508 8.2101923584686 0.047626157145169 3.57032729727818 10.0421519179675
Megalonyx_jeffersonii 47.3107011576117 -25.9012569485381 18.6549107538212 15.5042888991547 6.02220862732152 -20.6288810326966 -5.39065775797774 -6.42341802501717 -8.16501270110488
Megatherium_americanum 17.8443058746744 -29.5872632285127 38.694090652998 -9.42026923098765 1.67789867204091 -21.0498243674892 -9.0543023360254 0.325470175800943 -2.44437131029011
Mellivora_capensis 13.2866178720299 41.1706336979492 -7.3670802318085 -31.9496523196386 -5.03945667189712 6.79275885301651 -12.9453059787386 1.83278494483182 -7.56964669434028
Mephitis_mephitis 51.2062209079014 -1.22889694208544 0.0388474010666127 -8.74070662405461 4.74298470156081 -0.295747812983358 -4.53374750537286 -1.90785676143792 -4.12706987024321
Meriones_libycus 26.018686803714 -42.8865092650666 0.289998186369835 -13.2121136800556 -23.7416029826618 37.7689025696927 7.49707491173148 -2.68577095252531 -4.73402440713366
Merychippus_severus -19.1707448942637 -58.5810139657321 -23.2948671266326 -14.0005133162415 -11.4519076063177 -5.48243683103154 -6.17601958159785 -4.90109728468812 5.82525279664634
Merycochoerus_proprius -41.575725211898 -42.3052146445018 11.9665670341325 -13.5808798801021 18.4628554945646 4.92096006676713 5.10478634616999 -14.3070524864967 9.59430820902966
Mesatirhinus_junius -70.2505498116086 -29.6785837223825 20.0907893770876 -4.63484295928036 18.6737162660207 5.66031878300158 6.28927328666635 -3.04654219177625 0.172186424619882
Mesogaulus_paniensis -17.8050774397149 -9.7834146758898 -27.0378421278507 2.8283437963415 7.17016812882406 9.52753213828124 8.71011827672269 7.09413897342864 3.78122649309604
Mesohippus_bairdi -30.3343291575871 -35.0211424371254 -15.7489044574871 -23.1909890073847 -5.17644889471018 -3.95032641559865 -0.290374278409536 -10.8257470047306 5.53685960779499
Microcebus_murinus 57.8376880270354 -15.4731525757675 -5.65766461370267 -12.6816752791973 -5.76788069577494 -0.261583650944641 -6.85726728557911 -4.0949114002963 2.40650884652115
Microchoerus_erinaceus 38.8879354355546 -31.6590423694166 -12.5128434712187 -16.7308451766952 -12.2516167435908 -5.12212334596411 -12.4304105305945 2.9716498673777 4.77390660950537
Microgale_drouhardi 39.9674560303573 -19.9530330304765 -16.3310220969482 35.2948457077183 11.169066341898 -0.514451040454685 15.9150034931047 7.67022333415499 -4.69018113564799
Micromys_minutus 55.1555107016027 -25.222940260371 -2.11050083242213 -10.16627766212 9.20596255214553 15.4516617591659 6.68201329282469 -7.43769117556683 -5.09424480813624
Micronycteris_hirsuta 34.3512717948124 -37.6866254828898 -12.28103549091 -17.7441506602346 12.1512333448664 -6.58824781069029 15.5939659438775 -8.71511646666232 10.692375303145
Micropteropus_pusillus 2.24961890277118 -13.5361315798921 2.93155274654842 -0.490112010419884 8.81760182635663 1.82185023713245 -0.0949074829747132 -2.99898452882316 -6.74456964836874
Microsyops_annectens -38.1029742987973 11.8045937460406 1.05683779999046 4.05166580788158 14.7135800717319 2.66263231099267 -8.58315140146863 4.50843108004313 4.21428982055609
Microtus_yuldaschi -1.53193730903271 -18.1360777295612 -20.8257199908468 17.9898986147014 -8.4396705672827 6.65225539163911 10.5342501909658 10.3848344801525 -8.86353590813648
Miniopterus_schreibersii 15.4714461240674 -43.0309856627586 -20.0784756526366 9.29775445107611 10.6906831474894 4.56642810346034 21.2717658025478 -2.46019576311555 6.49960743117138
Mirza_coquereli 65.5346851888589 -9.62076134145996 4.80833108830435 -15.8596995909946 -0.279516711080369 -5.38127702737431 1.16071248390807 -1.59307146290876 -1.57528980472168
Mixtotherium_sp -30.0426625412862 3.55052486248796 27.8961102255707 3.93480119178885 44.3639784786085 18.3849908203593 12.0200753588165 -5.18965391709517 -3.89138466436084
Molossus_molossus 30.2629017020594 -32.5770037893775 -12.6632443485688 2.20048489708078 19.4596914718665 0.238078149257182 23.5502613786984 -1.58135175307588 5.03851422328878
Monodelphis_domestica -29.5523804496214 -8.1342718824082 -9.74057367947016 12.0000091296801 14.5132446424118 4.36804414581055 2.87083222182543 0.519556107306776 -1.774727490085
Monodon_monoceros 70.1786859060365 45.4305407354365 15.2416723993075 47.3794557255188 -19.8682095683598 -8.41164962855895 -25.6823011297836 0.640238265853271 2.63838938087519
Mops_thersites 41.0783441778265 -21.0123787473416 -12.5729269459784 4.31906452148894 17.1535636331015 7.94294336435084 29.9145430960861 1.65619338821959 5.40178564946359
Mormoops_megalophylla 37.1282882030584 -30.1270019468034 -16.0160134281149 29.9765616115038 -9.6139274915227 3.63516900795977 25.2036882965231 -0.840866526215591 1.60034478971001
Mouillacitherium_elegans -10.3870929930642 -11.1779804600234 -11.5832425228043 -21.9848345475669 8.52687277209948 1.96342055564977 8.67006071950687 -7.64945374475688 0.399809379728971
Murina_cyclotis 47.9378790997134 -46.2341376580149 -15.0297455460995 -0.451690731270166 2.36609303247664 -5.49299039629661 25.7914587272275 -6.619742303632 5.39809031146626
Mus_musculus 21.0309674652084 -11.1719458957463 6.10139317191835 1.56257995266472 -0.757596999146446 19.8041783974256 6.28906536670955 -0.336783757275945 -4.506063648199
Muscardinus_avellanarius 36.4999344124245 -19.9693631898543 -14.1093884265714 7.77885491248534 0.902266412274266 7.16974418021466 2.99099631735691 -6.0307609542026 -4.42783867917941
Mustela_nivalis 34.398602387932 29.0189838752763 -0.632283727694689 -9.39416343306463 -17.8508388417312 5.89583638754694 6.75667280325862 0.664332893629334 -5.65297888961139
Mylodon_sp -3.01305011049353 -53.5003699082166 35.9398021349374 18.2709046713482 3.07439891988004 -10.6597980702764 8.64167886243576 -8.49516929407304 2.33641012206146
Myocastor_coypus -0.188219861570541 -13.9797415758739 -12.856812398716 -11.5355350830287 9.01544450377129 10.9135559033607 -0.721125168489132 1.04129121934521 -7.97407829713794
Myosciurus_pumilio 43.5112879430175 -30.1029185261063 -5.36012088042598 -4.88643255442926 -11.9942727056434 4.55896586918087 2.7339370433264 -4.13884335271037 1.24780845950744
Myospalax_myospalax -21.0627070789187 -51.0036626680964 -48.7888312701101 18.465434853897 1.23079633096044 -6.02432402895873 -0.669146484436085 15.825122541475 1.73344016696604
Myotis_adversus 24.5129325928111 -46.9137743923349 -28.8983514921539 3.69867005013621 19.0532981150057 0.283454107143477 23.7287174840596 -8.3427487387847 6.89804132363772
Myrmecobius_fasciatus 7.9145861889033 -14.6020848316289 -25.1189425793365 -3.70668352125304 11.9704457426563 -11.9297011714248 7.91122458221804 -5.90623424650497 1.76868814049534
Myrmecophaga_tridactyla -36.3565348160184 7.98188101734469 -4.57860297718145 -24.0446380233707 -7.82930081438821 4.78916621700976 -2.58429315935995 -4.95029762608043 -4.28467034517889
Mysateles_prehensilis 0.781105095808039 -18.7620211790346 -8.71135093950629 -15.9942084937277 1.28329042970389 15.5759347336021 13.0500445484269 0.49702879572027 -3.21476859156706
Mystacina_tuberculata 48.2617475931618 -39.1432498725556 -10.5945040244316 3.80064592338042 18.448133295118 2.00948568378364 20.4238973550881 -1.52466920660004 1.68371673705297
Myzopoda_aurita 15.0985047695031 -30.7819449613571 -4.9209916326421 10.635803771042 12.1166949963351 11.8812654274518 28.428133250579 -0.684082749393729 11.0025441056374
Nandinia_binotata 7.75119557752037 19.4430550098889 21.2481133239909 -24.1396557086036 -1.31144024011773 -7.56447722568483 -10.1399567427187 -4.76226117229923 -0.688566326934896
Nannospalax_leucodon -23.9193626072626 -1.62968860883058 -50.6315966889632 21.4946445271037 -3.93124012043931 1.44886610261589 2.09417189409284 10.6677971443377 3.95629077513788
Nasalis_larvatus 93.6667746653855 17.618436116644 3.65049532765774 -35.2123551104186 -4.24723502335731 -15.0863103538644 -6.81303555426551 2.50207707634277 -0.508726070281145
Nasua_nasua 45.6851026043649 22.1942855090703 11.8474095541557 -28.0923719787948 -8.02583289768688 -3.69499815514432 -12.5604658962936 -0.401844835267703 -0.430711156345019
Neacomys_spinosus 31.8272495950183 -23.3489108363308 0.619731915589493 -5.49735498449338 4.44676036218 5.93521289732094 5.8622314432382 -5.42863167567358 -3.8521747682634
Necrolemur_antiquus 66.0693038016237 -38.9723581972731 -14.0204214200183 -19.8965804659439 -6.76407743578243 -0.785183305355132 -0.232696485051016 -5.30727432368421 11.43389492749
Neofiber_alleni 3.32502954805886 -4.31202583737626 -7.36846381457008 -3.77155736159192 -4.46193273960255 8.62688801604785 1.29645013148969 -3.52402931428778 -4.16755277877671
Neohelos_stirtoni -33.4733432044282 -8.09077407159895 31.7858191010434 18.9097060727509 7.7250067663033 10.6321708263889 -16.1850344016499 -1.18115242527606 2.86802883229893
Neomonachus_tropicalis 67.2321406918306 75.216465792631 48.4992003157284 28.0078583676755 -17.2576384938431 -22.4116778301464 -14.5149506236397 -3.09082972979226 -6.58305278921047
Neomys_fodiens 68.411778602913 -18.9596401714755 -3.70462333331725 17.9492479260077 34.6843945836637 11.408800657694 3.06034192172813 6.64118783462874 -9.88608615962998
Neotoma_lepida 27.5950906640631 -16.4570717859338 -22.385912509098 0.51314615591232 1.47761766287468 2.15571703978619 4.88326052810204 -5.82894224421473 -3.65500762586844
Nesodon_imbricatus -95.8686733175451 -60.1005364508144 -29.1633729694384 12.9594805784271 -7.91983306263489 -26.8061342463657 -4.8517469778993 -17.4786982470817 -22.1576236190614
Nimbacinus_dicksoni -32.8859032863647 3.26540199419495 -11.6314201930594 2.14247037057305 13.7353826009409 -2.18179270673036 -7.43836487179136 -0.522086361614098 -10.9090311188079
Nimbadon_lavarackorum 15.3047303621016 6.14629854102204 26.2585097914179 -21.180802171683 8.92811138706217 2.28001201158568 3.76315153503688 -1.59584062917032 -2.79590144506827
Niviventer_rapit 20.0957602487412 -15.5729081821848 -5.01728878141607 -10.1308623967673 6.21228775867501 2.20326782937304 0.384805217698932 -0.825110661090156 -6.9375239721127
Noctilio_albiventris 44.3266229902976 -17.3765411539092 -9.45520415922354 9.16038705865994 17.1462576120672 -0.554007471516508 25.4582912668731 -6.70176068100695 2.29624961733885
Notharctus_tenebrosus -4.30422921628281 -2.05287955326836 6.97317689986189 -33.4777983576136 9.39477886327167 5.73274801889818 -2.81800461158076 1.21451185985632 5.13345844711164
Nothrotheriops_shastensis 45.7673629981084 -46.7164045499877 12.9164076518746 1.46180390098177 13.966401287805 -5.63616739623333 -17.7960527762547 -3.83374263350511 18.7658198578127
Notoryctes_typhlops 78.4175831082805 -27.290942842799 -22.415570611381 2.58510203764683 3.88571709284701 -1.02527899782693 -5.96573576765057 0.387829167468126 -5.26544313729528
Nycteris_thebaica 13.8328201175717 -51.6707024682491 -26.6362112919945 -31.5681858731243 13.990018804823 -6.77952530455086 17.2023244360824 -16.0278691968051 18.7221963069716
Nycticeius_humeralis 11.4751593176522 -28.9324637513177 -25.5571906009963 8.42944791290632 30.0146278904406 2.58023994108246 19.9556285443931 -0.731425293033179 0.985386894482532
Nyctiellus_lepidus 25.4843067989249 -68.624410716521 -20.7273173167154 12.0527030394912 15.6548157000314 15.1154918616761 25.4105349839288 -7.76904994777764 18.396606655105
Nyctimene_rabori -9.10738330729142 -3.13041855847127 5.6229451055809 -2.52943995558197 0.0247463898022081 -2.31083192682132 -3.12138055609503 -7.10128668001762 -6.98908905856157
Obdurodon_dicksoni 36.9196952973999 48.0285151998235 6.07639688917072 1.23561191039438 -12.1137335395422 -10.1082028384398 7.24858611618889 2.18267493296573 -2.03462072864974
Ochotona_alpina -7.4407535905304 -20.1476602046062 -8.36052475348542 -12.2779436047946 2.56300469716126 20.9725914232532 9.80677954546209 -4.21623662652694 -2.13732953667916
Ochrotomys_nuttalli 38.2077579186259 -13.5828441322008 -12.5791686251647 2.24949658945523 -0.780940830900088 4.16869230037068 6.86791239194098 -0.492585355486446 -5.14246652483708
Octodon_degus -8.48975046405111 -36.6965423289911 -24.7034732475593 -15.3155949466205 -3.19380407662886 15.2885831570315 2.14399368244253 -13.2408455289174 0.743877225633807
Odobenus_rosmarus 70.8612348880689 38.4617595187602 27.5019084954799 6.31948467033026 -21.4758111441994 -22.8141180841461 12.9031746390957 -1.72734779431399 -1.89898461751296
Odocoileus_hemionus 22.2183284705148 -22.9586540554547 -3.8864770310556 -28.4816231784364 -5.22960427521876 -14.0985082092954 -11.4074608467437 -10.2176954609062 1.20980780912342
Okapia_johnstoni -20.2691505902103 -0.128437767374035 10.2419628721089 -22.7485140949336 -18.2122525035559 -13.4301595202297 -0.508817055518469 -0.69409075306332 1.12758146766678
Oligoryzomys_flavescens 44.379571521932 -12.0569010090676 -2.98618927254253 0.940576941341657 6.97471095448674 4.01770382671146 11.704279636425 -0.479102744844878 -4.93812576328674
Orcaella_heinsohni 44.9206536873806 40.6772324673604 22.0930189309183 18.4424526051248 -22.256937977722 -8.37433931742344 -12.9571068713567 5.8767728473982 0.474309900125103
Ornithorhynchus_anatinus 41.1691032377348 31.2262121309814 -8.11171881284066 3.12880559487553 -16.0298756251534 13.6749592607642 3.33534586230424 6.7028827327066 -4.66232176798092
Orycteropus_afer -21.0576735818155 -18.6348702764146 0.313962058293282 -33.599505144199 29.1603655813989 9.24352225295995 -7.24988360258165 2.71321390496916 -5.56439436035477
Oryctolagus_cuniculus 15.7388102211735 -32.0278703524419 -11.4195867849899 -28.1266521743674 6.67950751591928 17.1650476896976 3.42267946261539 7.73657800386831 0.377055909970053
Otolemur_garnettii 68.8605992486469 -21.0129657141711 -2.53908077224354 -33.8836958667139 -6.12263271401167 -8.75244135375708 -12.4744873758301 -1.56637706506412 0.619352044674447
Otospermophilus_variegatus -0.0423389860132838 -8.63271691145331 -5.51257036165442 -9.4325538233027 -3.21915028593134 6.0122149679997 -9.23530011203331 3.88800266237452 -4.96001009681971
Oxydactylus_sp -31.6009336522921 -5.94040380545556 -9.56036899744063 -46.0595556751991 -5.45886661335458 -4.91518078986832 0.0740420595040118 -12.2574298399543 9.84010934274152
Palaeolama_sp 10.7212076286387 2.19068595528302 3.90501047821465 -31.5568121546253 14.3470927798152 -12.3427890318111 -8.4747598847317 -8.51218590037485 4.46812351727979
Palaeosyops_sp -76.4957085360331 -66.011413884234 14.9302197298551 19.5278866423186 7.87507373680464 -2.3066122879312 5.70195816799278 -4.0776390007751 6.81588800834142
Pan_troglodytes 104.78495975119 8.13980353020879 14.8143948413322 -49.0783354210892 -1.76335713842846 -11.8401393123751 -6.02740578438358 4.43448018175955 3.23021205796473
Panthera_pardus 12.5919604410371 18.2571305663771 25.7211289536288 -15.1760974691246 -6.34113913307809 6.75533649314149 -16.1774482950229 -7.10773745982256 3.58941344135569
Papio_hamadryas 110.186001951723 30.7787591307687 2.88167665067466 -48.2178836336012 -9.31580690011548 -18.5138198861334 -10.34426861901 8.65560233050822 0.0517465739944961
Paracynarctus_sinclairi -0.942198325632371 19.095097010073 7.39401286903857 -22.5189174180753 -8.11530168878823 -8.96622322197658 -14.4890395008808 -3.53262471869287 -1.34306146686916
Paramylodon_harlani 2.88175739860972 -18.892518390017 53.9174035534443 18.4803866157762 11.7929654306333 -1.06829025242746 1.84607146421726 -17.3403514054631 2.17515259185554
Paramys_delicatus -45.576991681306 23.3763412043692 -11.1254768115023 -1.7102371155277 14.1082467026644 -9.84613758785392 -1.62354956166715 12.5038013660364 0.0121232335568826
Parapithecus_grangeri 107.878839563876 10.0505787286636 -12.7143506011478 -40.6075896567308 12.8109378156705 0.236427942640518 -17.8012243769633 -2.21283390044855 -1.32818525918631
Patriomanis_americana -13.79816765195 24.5622896169066 2.46764629658739 -28.7738805759519 13.0358862455728 -6.66576846608385 21.581075329961 -7.8581648616181 1.36816049006312
Pedetes_capensis 5.07346337939373 -40.0765143765373 -34.5048825744459 -2.29270890068061 -6.51615279850152 2.24141352529401 1.37466543711201 -2.74863573923002 -3.14451465098277
Pekania_pennanti 29.7590827072492 32.7892402502794 2.27424361757116 -28.7171488349375 -17.7756017260125 -8.95918565329303 -8.1576607056852 -6.44706918557978 -1.84657346144509
Perameles_bougainville 51.3521489774675 -37.0271134104538 -24.374832343899 -8.94647457843327 13.1931696977732 0.630102313688307 -3.61123593820237 1.09663675572938 -1.03176208585956
Peromyscus_polionotus 45.3890142083789 -8.69626192990676 -9.92353572599702 3.97055073106905 1.85769076464843 7.53839058240567 7.02509694347679 0.508533297409285 -9.2225474573299
Petaurista_leucogenys 22.7549395651643 -25.7212678422607 -1.62556177987024 -18.4364813796057 -3.4225642814452 4.96343912084296 -5.14032495689762 0.145706750747382 0.462984938161988
Petauroides_volans -21.3090836691617 -23.6521309590755 -4.9039732381983 1.00522231425784 1.03418952649025 4.49537538011581 7.7543211841795 -1.21094108366891 -0.776016582349321
Petaurus_australis 24.5592964652428 2.325377505976 2.64937421369989 -3.38356063304164 1.72178412699521 3.67835578356475 -5.24644736915048 9.25967116163578 4.02568216252307
Petinomys_setosus 33.9308787255249 -17.5232213341187 -11.1562678342973 -8.1593304763905 -6.09926420790108 0.546841925914811 1.67655691215651 -0.471716874926526 -7.37973766940416
Petromus_typicus 6.21571167839858 -35.587519660168 -15.662357269299 -11.9012699578523 7.29092266636187 6.75247873973294 14.6652097944416 -10.1012477207393 7.52954765643307
Phacochoerus_africanus -13.0549374883766 -51.1640969887711 -3.39596279363297 -2.02443139143 -8.83966885953559 -27.6537434772905 -2.68915148540141 9.33079511238536 11.8830529894587
Phalanger_orientalis 2.0859822469534 7.59451010666926 0.276091607130234 -14.6375356721231 16.4016617212605 -4.65037880141041 -5.3252451661085 2.17116718007821 1.81446120547048
Phascogale_tapoatafa 19.3065864562839 -7.8324015909273 -21.4216840862557 3.8008805620421 -2.03934372767065 -4.87883955599805 7.03971582987158 12.2600709820465 1.89043549168064
Phascolarctos_cinereus 4.08143137777045 -28.1161241983112 7.3966293675968 -9.10538436917139 8.59763335887982 12.3265436150487 -3.32515218825671 -4.07565351039083 -1.98899219638714
Phenacodus_primaevus -47.8453686537771 -2.18562418600424 47.1523167740603 -21.3497899036797 -0.154068149916588 8.63614310225175 -0.97605169210652 -4.67939341962509 6.87760913634663
Philander_opossum -4.33873719302841 -17.649369450755 9.18735188593326 0.72902565178117 15.3305926149657 -0.656562963578778 -9.01863494359175 -2.91962447903299 -0.66853609909374
Phocoena_phocoena 57.4195631982346 87.7243712069262 57.2082487820046 27.803960362651 -23.3586457928847 -23.8675294283971 -17.8137795475469 5.85458589220319 7.83615163751562
Phyllostomus_hastatus 37.4567894139346 4.5984954256633 16.889191409489 -20.9205214491607 28.1927278823828 3.44326456611399 5.7424625234351 3.55494048437262 8.77242181096621
Pipistrellus_hesperus 5.07785056734829 -38.1814570846562 -18.2899269002354 7.06801574257233 26.3053178303222 15.5584239545235 26.4136968747002 -4.02866394465505 -2.05175352820841
Pithecia_pithecia 94.422906028798 15.7365714635062 -18.8281831235735 -36.0405190325688 3.68107967149409 -9.0834287246807 -12.1862108023023 -2.28112606748502 0.8646256349295
Planigale_ingrami 33.0678012081866 3.89674648365422 2.31589672465442 15.6047176156908 14.6482165486781 10.3481977089444 9.25485993242598 13.6354615183234 -1.74134396006813
Platacanthomys_lasiurus 21.164874015261 -13.7061962091448 -8.20943234022214 -13.4910809535386 15.011938665225 -2.3934490134344 2.48699670855637 -4.89242606401392 0.240281169560267
Platygonus_compressus -13.8168523492225 -18.6299202129857 -6.48527249513836 -7.9683908054721 -5.56568705501842 -22.8434760863072 2.50634715839445 -11.5709304314056 6.56452104206003
Plionictis_sp -5.2260141117667 29.0645952811766 4.97902744646948 -23.3999436867804 -11.5442623988513 -6.19053895148966 4.11276616967609 -13.6577221409965 -3.94164759862577
Pongo_abelii 128.164155913348 13.2503375925647 -1.68860081085687 -44.0374217856063 3.26586357224537 -20.1193729577785 -1.31604893413567 -3.003305654383 2.04047612397025
Pontoporia_blainvillei 67.1181978436981 50.7621194726524 41.7923856788083 27.4164201264833 -21.1512984103192 -14.8210302780012 -5.77832224087126 27.7378232053305 -0.982074463953352
Potamogale_velox -10.9410523006618 -11.7923548068912 0.381744220660919 26.1383584545783 19.2218277453211 -13.126435471549 6.92961440282055 -6.30755710665277 2.52169415249275
Potorous_tridactylus 37.1098739286255 -19.6086437910558 -16.0145714166024 0.132860267810336 6.5929715851653 2.15310505219916 -0.619258432081901 -3.36292154464617 -3.95036059363034
Prionodon_linsang -26.9004731342842 25.431304991961 15.4387496976603 -18.109696525271 -14.2316976113849 12.5107895340634 2.62825498296813 -14.1939324116532 -1.45957692659357
Procavia_capensis -10.4930178511526 -30.2468549064775 -4.86869926851094 -19.4751165604108 -9.75312470798385 -0.617782112110335 -6.6563191269068 -12.8154942959834 2.95695832236158
Procyon_lotor 43.4673833542527 13.9959856131622 -2.31282449797253 -31.9178398780846 9.61608189126778 1.46213044245605 -18.2966815196974 3.85556235926869 -1.50053018963066
Promartes_olcotti 46.2138773917297 16.4589570951882 -0.411009618359385 -16.8315809998195 -4.83057601366037 -26.3301095861777 -14.6847262561782 -3.27921050310666 -3.46410204991002
Prometheomys_schaposchnikowi -5.90173578246995 -22.2298857503285 -24.8519978926332 8.99090876252449 0.0728800954377338 -0.53794724414259 5.89472612652476 4.17192814367584 0.40303464263956
Pronolagus_randensis 6.65790864098269 -28.9553692150821 -32.0365590688243 -12.653348203614 6.0804024004226 18.3324850250779 9.78969250431701 5.71757938328313 -13.1977543062048
Propithecus_verreauxi 85.075449828243 -18.1706054535597 -11.8646964875045 -28.5255704901172 7.02547853469915 -0.633644873568232 -7.02816638031225 -4.03663752492915 -4.79496120252527
Proscelidodon_patrius -0.8572745280313 -26.3739049621599 26.8033090476683 -3.61322299130498 -13.8486832567599 -12.2895757515928 3.4563777869626 -8.50654090303764 3.48617028557294
Prospaniomys_priscus -28.6074796902959 -14.521134143065 -17.9047857644137 -12.6678440053261 6.08960284082176 15.4143081766786 2.67226431342273 -4.99183553685633 3.28521441825415
Proteles_cristatus -25.9170498392138 13.0533217701505 29.8981654126648 -18.3274261520919 -18.6511687483068 3.59615333359246 -13.409866221299 -0.371030320634986 -1.26894855387554
Proterotherium_cavum -59.0681860392862 -38.4425020993405 -15.2489744876817 -15.7308513063249 -8.94821073933926 2.53471207367625 -3.69927464310406 -24.5779261612117 -2.62399593034876
Protocetus_atavus -50.8231761921758 40.4153828474733 14.2024088731775 -13.4396189907102 1.83273104204311 -6.60492640184031 -7.88564726672383 7.00689690978733 3.93995424505709
Protosciurus_rachelae -1.29686279374526 -15.2948716064868 -21.1670924094693 -3.03389421124381 2.35151566416738 9.79391959594727 5.72254613393426 -2.1178879554635 1.32652674099181
Protypotherium_australe -16.6301982230977 -67.7499107339494 -7.90450020447333 -6.99119130426043 -1.71661523297149 -0.554230792603359 19.4326422901768 -3.26360056553489 4.06399161469541
Pseudaelurus_validus -7.1930221934778 14.1397929845959 28.0177390953091 -28.1292381627596 -14.6371107889195 4.06193829752492 -14.2283257879699 -5.92272202962345 4.89731765854317
Pseudhipparion_gratum -6.49859026564785 -66.864493886974 -1.24929474172654 -14.7912104921734 -3.58112660950746 -6.33149725288996 -8.34097501657329 -6.66097396556599 2.91910347565422
Pseudocheirus_peregrinus -25.753344573018 -7.50009486592899 -17.4030680385586 -9.84723220136691 6.05268214336558 -3.02451772536546 3.31355710191772 0.195044730619676 -2.90708350876496
Pseudochirops_cupreus -24.4139045164262 -15.4522567299438 -9.80777710789809 6.81796024346925 6.14900897666898 -4.74619279683462 1.56261175088415 -1.54251045419908 -2.15746977465694
Pseudotomus_horribilis -22.9520007315061 25.4394470821865 -14.1580474132457 -15.4745151226592 29.6309722565564 -6.22028355287098 -5.97517356852179 9.30777712141089 3.17698476642421
Pseudotypotherium_pseudopachygnathum -33.4203858697893 -52.699956134352 -12.1364064079126 1.37337626289947 -2.77358424071252 4.4078812040766 3.48568692427568 -6.35958904020413 -0.0579696705719418
Pteromys_volans -5.69095641047931 -25.5671408680789 -18.1166020722926 -9.84498730264262 -5.90972565641399 -4.37137770154106 -2.09072993928181 -10.7714627886642 -9.0558004798957
Pteropus_giganteus -15.1494171672094 -6.93205987823461 7.24331306479682 -28.6980909914139 1.46716123318638 -1.16914943282418 -15.8274948631175 -11.1901151808242 1.42214880408981
Ptilocercus_lowii 29.5276891477416 -14.0722190994562 -5.84516498134064 -7.77521460569405 15.0197496346371 3.48306336564398 -2.81288924259762 -6.55419757368094 -0.35749039432846
Quercygale_angustidens -61.8827100587822 28.8828998725204 10.5531386468734 -7.45133216981126 -6.61737506644152 9.24709645404627 -5.21758617520622 -7.97493978717071 0.791899062863312
Rapamys_atramontis -34.1176222844107 -19.7073634682314 -9.04956576268265 -12.3103430344804 1.70337394980511 14.7858615158904 -3.2295362821223 2.02643138784649 -0.114236434391136
Redunca_arundinum -35.4340267150665 -41.7331713637585 9.24415945807247 -31.5108076142546 -2.86837101600666 -13.4020504850516 -17.8079710570844 3.02304599747293 -2.37727477751273
Rhinolophus_affinis 30.3613090734031 -30.3505108684885 -2.10643412596759 -27.4304792052452 14.420715965539 -0.415209373235601 20.5629905151365 -14.9430109429484 12.317411349171
Rhinophylla_fischerae 50.2772127247166 -22.5428229985022 -3.65179728935842 -5.51507711261407 20.9644077053735 -5.60751474493831 17.8939311914165 -3.1526575607449 3.09290276144544
Rhinopithecus_roxellana 115.67441810296 12.6776140025889 -3.72779446405871 -44.0324730287685 8.81411037271276 -16.5341493475872 -14.5322289610722 3.39454419001779 1.72225913550645
Rhinopoma_hardwickii -13.1389164287431 -45.9858493299771 -24.0196899339995 -17.569352288329 26.7367142227205 8.16800228505527 20.4842278702809 -11.0325781554478 10.718240656355
Rhipidomys_fulviventer 38.9913061682725 -5.02406860741074 -0.97148146748348 -16.0005722096589 8.13245292858575 1.89867178958255 2.30860075543034 -4.76365335817432 -3.14185136394916
Rhizomys_sinensis -67.008707896046 -21.472809892282 -41.3943383958465 -5.64416684611715 5.08464293077564 -9.41611071337203 -8.86188953635076 7.3276747156421 -2.21457158429953
Rhynchocyon_petersi 12.3583647205884 -53.3814513572365 -21.1282824733954 -17.4360629157093 8.60581667055719 1.27443356951879 -0.474948117343729 -2.5719906643672 8.8205680215117
Romerolagus_diazi 23.4152060556035 -21.2560318358653 -22.6003190559427 -16.8313398774736 2.91558591119128 12.9389619359993 5.59843860861665 1.66610344868282 -5.00254182381145
Rooneyia_viejaensis 52.0249184149576 -29.3185899481187 -11.6123944019934 -18.5659421129986 -3.8807211428283 -3.52470417046599 -7.45008811653247 2.88093662656034 3.51458770890862
Rousettus_aegyptiacus 6.44388458310751 -25.5650417515168 -10.9554837091718 -10.0160827046613 2.49815114698295 1.43050735635291 -1.12017728310581 -8.16029822972348 -5.45262443881756
Saiga_tatarica -6.44754023376045 -13.0022515325133 7.73063382627657 -9.0124628094663 -18.2755490558883 -10.9569659592646 -9.38321846463617 -6.04600709626455 -7.7104197624505
Saimiri_boliviensis 117.162186733589 24.7635394453767 -23.0482924816851 -45.3211595613764 -1.00123957982926 -13.9801632066581 -16.2908542823116 2.77182332104235 1.24656641880383
Sarcophilus_harrisii -27.9362795158473 -22.7917492473918 -13.4256400188503 8.92369556226767 15.8105927158932 -7.63051908024561 0.907731042862734 3.85776113930049 -3.44432046729628
Scalopus_aquaticus 10.9584906359042 -35.4635819308026 -26.6549894935946 7.27024383155659 -0.765162824986 9.80488954535437 14.4365282273067 -0.310180094094434 -4.66646328447212
Scapteromys_tumidus 37.2358656579419 -2.31737609790395 1.78016515436146 -6.92949568604506 2.78895704390408 7.93529162751911 0.816600194890346 0.0744545470927718 -4.89688700262916
Sciurus_vulgaris 0.297092421908919 -16.4651546104953 -11.5357366066436 -17.0973538110869 -14.1515795448906 3.87428627633929 -4.92763417225797 -4.98611810662164 1.95613607727561
Scotonycteris_zenkeri 4.23132380398544 -34.667505818464 -16.6219899241578 -0.642840310391073 0.440253155601583 3.70545806825552 -2.77551536084646 -9.55556248585743 -9.95702373809206
Semnopithecus_entellus 74.963589001829 15.1015280701633 -18.4853619716011 -35.2595515331714 6.82216604723437 -9.71620094129448 -7.23630973669109 2.05915946210682 -2.66944115473832
Setonix_brachyurus 16.514387038972 -14.1896337713361 -18.7343900382884 -19.5150054398996 11.7619065940581 -5.671586108831 -8.83931457219128 -3.71315176194255 0.34960542668149
Sicista_concolor 43.039445737794 -21.8956636181288 -5.05363035830554 5.8019522791826 6.16796323040523 10.4995299189403 4.2769505365688 0.573120996647726 -6.6799520937095
Sigmodon_hispidus -16.4297312026258 0.792961099352287 -8.81970230869723 -13.3519996660652 -3.31237880637789 11.7382023147106 -0.277548531522567 -9.24029930052032 -2.63578471571918
Silvabestius_johnnilandi -36.8140618970088 -7.52247828312287 7.21399595558341 -13.0346825349291 14.07288230709 1.4789635910618 -5.58586417015575 6.26209533198431 3.64656360877884
Simosthenurus_occidentalis 12.1131314251269 -22.659825515302 -7.30714876626053 -7.62919367636699 10.0354358409369 1.53579840714889 -0.0306749063264177 4.7428302141878 -5.78961295526045
Smilodectes_gracilis 28.4542430953711 -33.5751899905896 1.66600079668898 -18.6655602629562 12.8663821618993 11.2404123613156 -8.76823901958031 9.74633125957083 4.22297210030842
Smilodon_fatalis -64.6807631278423 10.489918653457 58.6889037333716 2.76790222746846 -15.4632904974451 -2.93034233230675 -17.3042996689728 -10.1780281187138 0.288639648150734
Sminthopsis_macroura 12.5075577714639 -6.10742017844743 -16.970762470311 19.0631716160571 0.507497267561376 -0.399718219164358 12.5297281679591 5.99388063422532 -2.52918541675491
Smutsia_gigantea -5.41627082055214 24.8063064689246 23.5306640549108 -9.69218288843117 -4.53480448313401 -12.1746784127158 3.87047359482762 -3.11013940427885 -7.17679870807163
Solenodon_paradoxus -10.8590276009069 -28.7241538513829 13.6687957155857 -4.98968827726778 10.6343887057765 4.26682073461246 0.649259730932464 -4.02761581345493 4.98999309684591
Sorex_araneus 87.8318420038389 -36.737317040781 -0.719409073305462 9.16428932490481 21.5552423660561 0.466651818970844 -2.05226442020701 -4.53473245265083 -13.0665349845458
Spalacopus_cyanus 8.74237328560637 -29.7403927019946 -26.4444085287039 6.11323056013621 3.22942521029236 10.9460317128391 15.4968387626845 -0.806396996767889 -5.43870905794987
Speothos_pacivorus 15.5809168117917 20.974821932116 6.03293041558659 -15.0752427620321 -15.6039434200046 -1.18385975340262 -15.3606037331804 -3.34746183301201 -1.06573368484258
Steatomys_pratensis 31.4123780665533 -5.56763253671314 -13.9838537859893 12.5341431149461 3.61954217180384 14.6943273852752 9.15412371882991 0.932082835665681 -10.2676618112673
Sturnira_ludovici 49.9587552046935 -10.9489065210774 7.11784608114367 -12.5691526254638 5.58134150243297 -11.9618468554982 16.7226173597015 -0.91224219836428 2.54259459371319
Suncus_murinus -10.3485580077964 -22.2133094272618 2.83524302095895 17.2421457439494 29.2415665652782 14.3308164922217 -0.0457701942101639 2.16011335946164 2.41741588802509
Sundamys_muelleri -5.73027438351608 -10.552319106828 -16.1675670802857 -7.19858557217715 -1.16504809501329 -0.53693180513018 2.35174798637557 -3.19411372158786 1.29781772606788
Sundasciurus_juvencus 30.4612017144409 -22.05345610874 0.970492430293403 -12.8009871084096 1.94412606509273 6.24121188022351 -7.51909212905816 1.98921893065852 0.911999096664296
Sus_scrofa -14.0418770056369 -23.661938149812 -22.268058150023 7.47706010022509 -11.8145988536096 -24.0928537690535 -0.793334565214242 -4.12643214103383 6.55882793593859
Sylvilagus_bachmani 20.5380246101861 -39.3381651220437 -32.5571366293494 -13.3505978988993 5.42021330531604 6.89784597664998 4.63909681326474 -3.69245078715487 -7.64823918240973
Tachyglossus_aculeatus 43.9090619179542 49.4669216336367 8.52637594839509 -12.3862450697962 -8.84247009258843 -7.4535044819262 1.00046333122325 12.067200743033 0.6601135808532
Tachyoryctes_splendens -59.7776889804232 -8.25432466995146 -33.1992168901515 -8.96458791661061 2.53921929068221 6.25766506727184 -1.61223378871534 3.35099567962379 -2.60379817521916
Tadarida_brasiliensis 11.791921568929 -58.02033652784 -21.4932852548296 2.35152977680593 15.687199896441 15.5269205764709 26.3083363824469 -8.74694038810546 2.4169079362501
Talpa_europaea 83.1908445166593 2.74030505178535 13.8052846105395 -17.6700243748297 13.5496387374157 -8.35632658300995 0.249075262030004 10.7997989581123 -13.2320282243028
Tamandua_sp -8.91615658237209 -3.8863895864713 0.00574179476741699 -16.9949366192838 -2.38899291415283 3.42867849106433 -0.890667538443347 -5.79822794812705 -7.06856842102892
Tamias_striatus 19.0029945365361 -16.220931212313 -7.03735104332693 3.59330494289948 -6.9878306894955 1.33513986273963 -1.55754999534396 2.00236107052344 -8.25361040835047
Taphozous_melanopogon -8.16885457563606 -26.5109123531732 2.55647375174809 -15.7187843173357 18.5426664798096 11.6238928256067 19.8678649851928 4.24505005924668 11.2938959973465
Tapirus_terrestris -58.2861248498061 -72.1246998840323 4.0569756206807 -10.6413866957823 -6.76171683481143 -10.5462401348019 -8.91102296818714 -4.10464948240469 -0.500923179477632
Tarsipes_rostratus -3.86092913156381 0.71659492171443 -16.629730484124 1.48273565913063 2.20375848186349 5.39943148689077 9.48920048189276 6.67546512261789 -8.12787960383869
Tarsius_tarsier 100.075003749175 -3.05246373163092 -9.16380979517789 -38.3458321563289 3.12421106867957 -6.25538703163646 -1.95098566296442 0.525693876975928 7.48575423995822
Tayassu_pecari -2.76927453468166 -22.0370008001499 -12.257577856909 -0.406993375418449 -6.42362218435473 -10.3949951032898 -5.27999038501801 -2.54503879812939 3.15565953549982
Tenrec_ecaudatus -21.1154639694658 -13.8038349042908 -27.0449418376034 16.0254606900192 16.3185775266243 -14.0307527936985 7.96520507993873 12.4627204074892 0.738639063288128
Thalassocnus_natans 52.3423612366534 -15.2088671516054 25.3785503106727 0.166869463012211 -0.674576635190069 -12.5559724177994 8.49262624218257 -10.8643860888045 -1.60809844327009
Theropithecus_gelada 101.982864482946 1.75532949126928 -17.1813726993112 -42.3904865362561 -0.689223987343582 -14.1043106440803 -10.1018809867054 5.01422905865586 -1.13853507975638
Thryonomys_swinderianus -36.3954195357838 -25.7619263118017 -20.4891295402385 -9.27924817173033 4.87414209176898 0.056213490326528 2.29117478339261 -2.55598897487621 1.22586418820049
Thylacinus_cynocephalus -22.0716923673093 -13.6582270787576 -2.29631471307584 -12.6992941781333 5.52862207779646 -4.81751482100854 -1.97500057196013 0.673216992135968 -6.40701664752278
Thylacoleo_carnifex 13.9882785122479 -22.2747500086605 9.14047485288286 -6.16336520154929 5.28122232043328 3.23081684654445 -14.5419101595551 6.94686131770675 -5.53976438715258
Thylogale_stigmatica 9.31618267221532 -9.46195484816327 -19.2593549700805 -8.75068359013638 11.1751723932461 0.570116786027161 -0.594854784398313 -3.74009722196216 -5.17392472416885
Thyroptera_tricolor 48.5067986981971 -24.1363765354043 -7.14926760680221 -25.846357943505 21.714416975645 2.20594613997003 6.85582945408302 -3.35037883434814 16.1814993132623
Titanoides_primaevus -102.181819511785 20.9847143992544 22.6771734181888 8.74439447517896 9.51349273169268 -19.1702108561381 23.5426828331926 3.05021878220988 4.35367853066907
Tomopeas_ravus 26.1731674214661 -44.1093962362352 -8.20164620134452 -8.81901276534333 7.55030302803237 8.23421312295294 25.0349158153437 -3.20891224685902 10.9584860673849
Tragelaphus_scriptus 5.93360321678004 -31.7601301517026 -11.1109797176007 -21.5602812100162 -2.18398407880709 -5.31952857283085 -1.63294959427595 -6.42089151435597 1.46403235828249
Trichechus_senegalensis 5.38241862819067 -28.5630123115728 7.51102616264685 -29.0375102389504 1.61666306816521 -3.80437775774611 -4.15674991150812 2.44915789239484 4.72218459353867
Trichosurus_vulpecula -11.9582979632752 -12.1780466548359 -4.28280989394524 -10.5645613660886 7.73490520217066 -4.31480063687968 0.289059408634017 0.885815874259666 -0.703024504583886
Trinomys_iheringi 24.5821781367678 -31.9589308236497 -8.08346867864128 -17.5623630729434 6.33368910886434 9.86551467551843 5.62427407230132 -10.4803693192251 0.655144698298329
Trogosus_hillsii -48.4049621365921 -27.1846233328224 35.5490960966674 -4.87662509228267 -0.104273760076233 2.62169342093256 -11.3269993663211 -6.60829766510558 2.48176660461668
Tupaia_belangeri 15.8855116209227 -14.8225894108049 -8.7517173540125 -9.24171723852548 2.4779660008274 -4.02311763353126 0.589523463621623 0.269403886566398 -7.98929548677134
Tylomys_nudicaudus 12.7718152466467 -13.3576972183491 -7.47960575164768 -20.0533288195431 15.4631944379827 7.78957980125045 5.66337529562952 -5.50598889846709 1.14080110488727
Typotheriopsis_sp -72.9395036905976 -40.3030217722719 -38.3154328155588 -3.0786315566428 11.8730313967378 -9.74790384504908 6.00301779508488 -12.7112281039795 14.5531590310787
Uintatherium_anceps -72.1796808093778 -43.2292227251086 -2.70348650964607 84.7932750153872 -18.3082195847595 -7.59082235965245 27.0397192606759 7.44135350866243 8.47072404359294
Urocitellus_columbianus 2.22208028975835 -15.5063755664067 -13.244850240534 -8.14633213682767 -7.18161918158847 -2.15592427384226 -4.27905636707914 4.10946025282153 1.20962129137937
Urocyon_littoralis 30.937916180216 9.59978711203638 3.32755253192966 -26.2231006235104 -12.6646529278243 -11.4591435310028 -14.3756585679022 1.07327605613005 -6.64902968638667
Uromys_caudimaculatus -3.41408500801357 -4.55098278377808 -12.0598491434771 -3.9258261246236 8.6853976288429 -1.23695792907529 -7.63759811926791 1.83889145594561 -1.0948735190485
Uropsilus_gracilis 121.443646415659 -18.4311343059711 -6.37307192397101 18.4983779958175 13.148464417418 -5.17690415847485 11.6037366514262 4.50764890753053 -14.9827009132757
Ursus_arctos -15.383908353482 25.6318647735099 19.6600624646732 -4.87470112082132 6.09158983885488 14.1921071907386 -19.9352958837203 -2.61258251446848 -1.83119075206258
Ustatochoerus_profectus -43.6930776366005 -7.8592503837815 -8.07670502720283 -38.5305034152531 0.0842843485415277 0.766695268685111 -6.79755569371202 -6.35000866247292 6.23570582997253
Vampyrum_spectrum 15.581627556957 -2.57589850405588 16.412301371393 -14.9950649417416 12.7132070089512 -18.9774648200087 3.92071818981292 2.9695044923952 3.54106017362468
Vandeleuria_oleracea 22.3460996305601 -7.68080918237755 -12.9585785741349 -6.86794383170721 2.83605273606332 1.36742538635518 13.1378239139977 0.483959297270407 -4.21226787812007
Varecia_variegata 52.3260669131371 -7.95330316267409 0.833042156605539 -26.0461224286717 -9.066301358939 -1.871213187856 -0.231013436852551 -1.06665530038829 -4.21866991146556
Vombatus_ursinus 7.16679723890423 -14.8567630890001 -10.6544491265769 2.34988633880057 7.0043975296526 -6.04189437116263 -3.38201222695198 7.04945520169358 -2.86904244359858
Vulpes_lagopus 30.6791556218324 17.4731234047252 18.4633579323264 -16.5615821053981 -2.57185175181478 -14.9843103189859 -22.97861142307 2.18101498929152 -9.51624706399953
Wallabia_bicolor 23.540213230173 -15.356825603066 -5.55817188382257 -4.93842362068458 2.85657973382397 8.51905650408693 -6.17784355170792 -1.09174204226873 -2.54377649135012
Yalkaparidon_coheni 30.8258201933261 -20.9291252786002 -11.9041688707282 22.9064562675683 2.1245666933613 -2.05361831262533 4.74128052731524 8.27670763335394 -3.0444826753132
Zaglossus_bartoni 68.5861447842171 52.889135707741 17.2708559145982 14.5836990397 -1.47709107211511 -14.8755680307267 -4.96893880505765 15.6414786579349 -3.91272771278221
Zalophus_californianus 38.8315577764496 90.8477672046916 37.8389930266893 15.9251793055699 -24.59936957918 5.93023826318551 -19.15028634138 -11.7439950425263 -0.340670605260078
Zapus_hudsonius 21.9541011868761 -21.6721750951741 -17.8039059413736 7.39479133655641 15.1311412029502 3.96670367540929 8.42272291690485 -0.86014077925038 -4.91420359047457
Zenkerella_insignis 4.3089113233124 -19.4878545159366 -14.3459380832609 -12.1377492255192 3.1655678447709 -0.747900629029694 -0.966718709944051 -4.71348747578671 1.89946305174232
Zodiolestes_daimonedlixensis 10.5583993908142 40.6187979556234 17.627219111687 -13.8241871401654 -18.7106764756576 -5.95018525786066 -3.79641138203298 0.566427069398229 -2.11024453963
Zygodontomys_brevicauda 18.7677728873875 -5.33308986489718 -5.07021536292354 1.03086111385595 -3.87778947904805 5.42017954154732 2.53794429803096 -5.5264968808212 -8.50287534190452
Zygomaturus_trilobus 21.2323933965222 -2.05653332050751 15.4654183003518 25.2277450712798 -10.268598042633 10.0850264515814 -21.4223068766327 -1.64409275552299 1.27153823902994
