Abrocoma_cinerea -0.370583682258515 -9.78162318893558 -19.1400721129955 -2.6243825480515 5.3614557249546 14.1781181340818 -6.03995777401939
Abrothrix_olivacea 9.79221324873037 -15.9984440551824 -7.5172855173646 9.10424629950776 16.9228078080616 24.2388163721195 -6.26822669548013
Acinonyx_jubatus -22.8715103397178 38.3933971932917 -39.4752504831923 -17.803903861367 -3.76832817959352 -0.327515650253384 4.511432381554
Acomys_cahirinus 20.1226932160172 4.96492375825423 -2.73715410604498 -1.33753935821078 16.8730203868579 19.1188469958095 -2.46367678879499
Acrobates_pygmaeus -28.1556681055049 3.68958868922305 3.70632262919287 -6.37321571583144 -2.84890037694222 13.6027784808794 -11.5844586590909
Adapis_parisiensis 28.7402531589639 -2.75935976039299 -23.8555170323685 -1.40109344574133 -2.50335301387777 9.80280556243131 -2.03291832680436
Adinotherium_ovinum 12.4233687499501 18.3590675339373 -24.1891579609185 -6.39871096781781 -2.23966283102883 19.0184831718933 -2.06544314320485
Aenocyon_dirus 35.4990076555289 38.5990213528307 -24.1890027839866 -2.97310907790261 -7.86769087541367 18.7315233341118 -3.36515772591946
Aepeomys_lugens -4.09950941469494 -3.54437903744901 15.9497689522993 -7.21035219053968 4.89105258244854 21.1483647368245 -4.7132286568388
Aethalops_alecto -7.41771451041894 56.9583495946446 14.030238114115 -5.11816355956797 -4.05199578550574 23.0165703327548 -12.6124638262736
Agriochoerus_sp 18.2977976179251 -30.5342682948202 -12.0882525585837 -9.13735366524726 -7.81412821399367 7.62332572717658 1.72002933652814
Ailuropoda_melanoleuca 17.6809898411908 31.1879380600454 -35.0191392449324 -8.97720240349908 -6.52353132131782 -0.461413612434706 3.87312865329381
Ailurus_fulgens -30.9443321245529 35.0582627880286 -31.204412945587 -6.80216671715779 -10.4349243318701 12.3094696304264 1.05480040372451
Albacetus_salvifactus -54.2734751877873 -8.47745043663693 -32.7845714717429 -0.115321691652859 29.8145251018011 5.37555558681261 -2.20105427978806
Alcelaphus_buselaphus -75.8800525779037 9.48226647858441 -15.3369700484033 -6.14761557316766 -24.668628525445 -2.00072927080921 0.201472540910002
Alces_alces -12.2770673279019 28.2094847831553 -19.4456542091949 26.1014957725919 -17.9372219626404 8.05006735564916 -5.02332099269925
Alouatta_palliata -23.5319679009835 38.6789958575777 -75.7456485934484 10.2199340130295 0.814983308447644 13.0159572758785 -0.88306361087484
Alticola_argentatus 21.5869127518309 1.61223300275411 -3.33968188341781 -2.76561312322416 4.42601897307233 12.5307786780223 -19.3889692605308
Amblysomus_hottentotus -118.95148794703 46.9626916118737 29.5345226823532 -32.0566019633829 17.5336700619412 -5.70312378071554 9.50238270779585
Amynodon_advenus -58.0401802744153 21.5918563639895 -28.7573933604834 7.05536290120635 -0.549436339206231 6.91216952924789 -14.9143573751319
Anomalurus_beecrofti 7.93539395662934 19.7207422183756 -19.352842526558 -7.51075215296902 -7.82506048992832 16.8398245532905 -6.56059020714662
Anoplotherium_sp 23.5658704492634 -7.64904889602898 -25.386768212028 -7.89615863089982 -0.0357842251610236 4.7365661046964 -3.04687863789082
Anotomys_leander -2.48341396402137 1.74503447390226 -18.7172614341089 4.36633658599619 4.02139767234066 12.9117131804533 -9.15946487099181
Anoura_geoffroyi -25.0339997452941 28.6559312927771 -3.37363749182594 6.83121107766779 0.192181413445558 15.2554519670991 -4.8104790429311
Anourosorex_squamipes -38.8675328642189 22.0602904252721 43.0113667346066 -5.28160399250408 5.50796652721315 21.7799780858783 2.33242210010556
Antechinus_flavipes 24.4014296556709 15.4437931282097 18.6250155054974 -9.25542415828322 4.96873856029579 9.32367365262121 -4.75594304460447
Antilocapra_americana -55.9553189715866 60.7084269950398 -23.5705214221505 22.2919261543602 -4.06541782947346 -10.3879651616945 0.82223497740258
Antrozous_pallidus -19.0692696139297 0.000627810641030437 -7.52612759157666 18.0644057553283 9.69536276809339 17.6516786575822 -6.33699793016238
Aotus_trivirgatus -24.8747561156906 59.5880169984038 -62.7538005150034 -1.37346404503087 3.74532740254382 9.0351285748152 5.5582001991826
Aplodontia_rufa 30.2002958422179 -8.89165090589594 -15.7176404013364 -0.274183084632316 0.652797140396917 5.92258014433759 -4.49259943907731
Apterodon_macrognathus 1.24045334702749 -27.700595604576 -2.53471838063904 -10.6061282665624 2.28212093723397 4.93209604665991 -0.675985557646863
Archaeolemur_sp -22.0065518575721 48.2196886421004 -42.2797962051292 5.38732668472782 -13.8918003176544 13.5964676076537 3.11490732245737
Archaeotherium_mortoni -7.48771720329543 12.9525988525116 -27.6688511214013 18.9368558758413 2.53701608702265 15.2030436677735 -11.5645798088635
Arctocyon_primaevus 55.6216209533979 -23.8020948235643 23.2341567994309 -8.26202560853573 3.1621761387486 4.9285660808052 -4.11669309303318
Arctodus_simus -11.2767648603368 48.9503809698565 -14.8396183143285 10.8335119044394 2.49305026845692 2.09058882871175 4.64381733724396
Argyrocetus_joaquinensis -92.8652237803336 -92.7534647181543 -50.8062449524584 -5.06237751358755 10.8877767436408 -8.18458124009789 -4.2118415233558
Artibeus_planirostris -28.5861995801366 35.9454688872585 8.26939284255214 -5.1685315385789 -2.93234684569528 2.37980360127657 2.23998666407459
Arvicola_scherman 13.4722588239447 -23.6819390338293 -7.61438245387403 -1.44242592631637 2.33818282921255 13.9016184943104 -10.1858048770636
Asellia_tridens 5.3550603676459 37.743576212684 -26.4648800827772 0.018929532207325 13.398958095651 13.6035546825823 -9.85262881737876
Ateles_geoffroyi -68.136437784489 50.4621014719269 -72.2037331269285 3.49095160693347 13.6799056565785 7.99595213464848 3.62322009885776
Aulophyseter_morricei -157.347153403337 -58.9222832603857 -69.7864769213688 -23.8417150602202 22.2361504721576 -2.46185215889369 3.5103582356845
Australopithecus_africanus -114.813595566093 53.0125623758576 -80.9466781976176 -15.2896083202657 16.0507375762167 0.805952297886935 9.72003822290976
Babakotia_radofilai 23.8489964402051 39.8406818669873 -46.982628162007 12.5780729573212 -9.85275369409093 13.3622280229287 -0.800104339325101
Baiomys_taylori 22.1164937817119 12.7831639179697 5.55865406567255 -5.12438945637713 12.6937929723016 16.6818822782629 -9.30704149328364
Balbaroo_nalima 36.49061112972 25.2116671615355 5.07543752384137 -2.68760597745139 -10.268878647183 13.8497396035321 -4.98894511717001
Barinya_wangala 68.7442276713044 10.1829584832711 15.2157247781411 -13.1894968865362 4.81639655216101 2.1087475641603 -3.80083063433461
Barylambda_schmidti -49.4891868580507 -46.9661165828656 -4.9576785614273 -16.6317196786922 11.535944232166 2.46471503521712 -0.155455692358011
Bathyergus_suillus 0.24358760720426 -5.28927169657106 0.0755371712377416 5.71165141133689 10.0082383755333 18.2331227779215 -4.72239964673448
Batomys_salomonseni 23.5460033131623 32.0543199441637 3.23198485425502 -0.383140148542897 13.0156008987818 24.240596823984 -9.17612067586688
Beamys_hindei 49.9696632479181 20.8988708087028 -2.64133665696484 -13.0989194086337 7.85224370567058 19.4956898484631 -2.80549071824987
Berylmys_bowersi 29.9675464935873 4.24489896160508 0.12482704127599 -12.0783815637871 5.97702125424835 18.9873287738566 -9.56724825129407
Bettongia_penicillata -22.4098230206611 33.1251830577226 -5.05444004703306 -15.1879110507052 -23.6203198373165 3.97802118567156 -0.593460432035304
Bison_bison -22.4759182042716 32.4514997920445 -22.5397208919219 21.2592590373875 -4.78222205161628 8.12213356436898 4.2614798372068
Blarina_brevicauda -22.768792860638 19.3503507303798 38.4416359919145 -4.34260935686822 6.07275705012756 9.16509272204321 -1.59597301659923
Blarinella_quadraticauda 10.4385529631926 24.7197745217952 40.0624772610351 8.19333754313353 9.58467522637599 22.7016376955799 -1.88700010226068
Borhyaena_tuberata 42.0749927232399 -16.9552663534604 2.45877835350859 6.14657112558892 -7.46735604929605 -0.711223595313018 -11.3778209684528
Bradypus_tridactylus -37.3655706471879 14.0846903360856 -12.6148945232896 18.9437561066816 -7.96351166954858 7.60575192744695 3.7197912510475
Caenolestes_fuliginosus -22.650920938315 4.8913655461838 34.5581467839897 -10.1268521998434 4.27829669164362 11.0311321965512 -4.88450003231833
Caenomeryx_filholi 27.0843735624187 34.0386054489728 -17.2297871690009 4.97292220376786 -11.1980611496924 3.54338211934649 -4.16573094210765
Callosciurus_notatus 9.26706306025525 40.0433362144089 -5.07308661899073 0.106362698309777 -9.39362489958599 6.41504742489371 -11.6337253721425
Calomys_laucha 8.87724087424138 -8.42364586702543 0.786862506379855 -18.316167661508 8.73296369639072 22.9595420362568 -7.08445121147859
Calomyscus_bailwardi 25.2561973030103 10.7441628104926 -7.42069486731747 -7.0782254895892 0.232076541045065 19.5263908122387 -10.2762911368263
Caluromys_philander 55.7024492021154 23.8715384128946 3.30520331242113 -16.7646363713122 -15.0655016328522 6.78038332105116 -1.5557007540491
Caperea_marginata -4.30406366425285 -56.8256471829236 -26.7915156916456 -11.683192647721 4.60625379014111 0.187139586290762 3.21052857661677
Capreolus_capreolus -30.9829584607629 39.0968407140834 -23.4006598540973 10.0760544724206 -28.3526540182256 -6.27279094734494 4.7679647496993
Capromys_pilorides 5.50368688055428 -19.6297097328514 -31.2313562649141 -4.71971790341802 3.67290394834246 13.090021579893 -2.3515933131813
Carpocyon_webbi 57.4544335973741 64.0891884097452 -19.10650803732 -19.1482147521455 4.79444320544434 16.0288400554127 0.764215318030091
Castor_canadensis 37.9775399708854 -11.3653298379613 -20.0162922833914 7.25402182745965 -6.74892547224538 15.5485860582411 -4.46014992728968
Catonyx_tarijensis -49.8224099826842 10.0531637843002 -23.4833250730503 14.6286541244714 -3.82963077110137 7.27868495224797 -17.2187505536029
Cavia_porcellus 41.651429453997 31.7456028051853 -35.2979465191844 2.37905713650343 -11.7722953799104 12.1669783807954 -8.55352751214145
Cebochoerus_lacustris 41.8996511043631 -7.96571693818278 -7.7373605143879 -6.08641018810553 -2.66736225356875 12.8806900501135 -4.62960070965854
Cedromus_wilsoni 27.4641504752176 9.7962510745149 -19.8897129881407 -5.4212322858727 1.18214519884602 9.51377124274701 -2.90219657545371
Cephalophus_leucogaster -10.4810863379978 11.1597889942973 -27.8629367171044 9.81071525637642 -26.5434109714455 7.48774407572618 -6.7241130319314
Ceratotherium_simum -3.47967145515513 -17.9083135973084 -40.463523488151 27.7241770438274 -7.22125765081409 15.9238241700097 8.24128389903985
Cercartetus_concinnus -6.20899262912174 0.808248078135578 -3.49299595288181 -4.05350043981464 -6.09701740261146 12.1353517102264 -11.0725470028536
Cercopithecus_ascanius -39.2328862663989 23.9003622524852 -78.4657101202995 -0.808571425741067 -4.45531347505234 4.80413226927957 1.76557580895593
Cerdocyon_thous -5.94795621123146 54.4749564497853 -19.6692667222766 -13.2385479807674 -14.0927006628325 16.3246069411592 -8.50619429134169
Chadronia_margaretae 44.3260274107168 5.39590691291691 -11.5527680139641 14.5601841592901 0.644266445262342 10.8735755391317 -9.33978348293401
Chaeropus_ecaudatus 22.0053788274466 45.8084436419519 16.5118161538323 -5.66423576557784 -13.065397490553 8.17280535326605 -3.8223897083505
Chaetodipus_penicillatus 10.3754741929527 34.459432928837 9.65516151518104 -0.361846702670602 11.5611534819883 27.2270725383302 -20.1051970406837
Cheirogaleus_medius 18.6654038226752 28.9012037073455 -19.7037817347983 -1.27868956500334 -11.5564863287498 12.2629418176087 0.200528001563274
Chibchanomys_trichotis -10.2428889413797 -25.5473939891387 -9.63634306416879 -1.1211677693541 -1.7559905883478 11.2106394221628 -7.10353541147778
Chinchilla_lanigera 5.18687945234882 40.6001091521477 -29.3174879109809 0.296684558483883 1.58807176696709 11.4997071083528 -2.74689600953694
Chlamyphorus_truncatus -125.410104558556 39.887239485379 44.4183685174042 -8.38306578623274 15.1631255477434 13.3644737194851 0.938969945089448
Chlorocebus_aethiops -33.6011203031639 57.1966505830951 -75.3784459692625 0.118555803937071 -2.14352250998493 3.90353638536941 5.38705991090081
Choloepus_hoffmanni -20.4801568344035 36.3471577216885 -4.8446194310243 29.1427395958951 -4.7370380579566 21.7214698530905 -2.8402224290375
Chrysochloris_asiatica -121.056577361519 43.2108351020124 30.4456040779866 -22.5327884561056 13.6547523555719 -3.21435069649186 -0.226794153171983
Civettictis_civetta 39.3710371304231 40.5562136077143 -9.71238644494644 0.316161770160645 -5.67628967602912 10.2097093535548 -7.19410337475209
Clethrionomys_glareolus 21.4820569562822 1.0614877304002 1.31852774213841 -3.52908341805168 4.66687869661963 14.9205460864805 -15.3912639474718
Colobus_angolensis -35.3174450190584 35.3193478733816 -76.4083367399311 4.78309309280263 2.06381129026287 5.46239651586498 2.50062566780911
Condylura_cristata -16.8799826950423 57.0953129331911 8.9271614653197 6.62046523404527 -0.458608555453736 1.80894209393969 -3.61231302444751
Cormohipparion_occidentale -16.4542788314651 61.7309473324911 -13.7823682434227 24.1799842951274 -10.2383288030586 18.3373838118603 3.86186935515543
Craseonycteris_thonglongyai -55.5352174436676 5.56348303504848 -26.0737507303959 -13.3715033839292 20.0431656060636 23.6964248541189 11.9011462027417
Cricetomys_gambianus 38.2397276069845 -0.764431082904555 3.51401393638563 -7.3730625228357 7.05852282918107 13.482402801803 -7.16312293879035
Cricetus_cricetus 49.3769961953528 -28.9624180214631 -3.86749472314673 -7.43030071900454 1.66661117192901 10.7324691821074 -9.30061139244561
Crocuta_crocuta -6.0754346920402 33.8517265772592 -23.1474333641916 -4.44906913805786 -12.6444590848268 11.9028827375522 -7.48856953850772
Cryptoprocta_ferox 30.9666366659916 21.5684345713523 -26.5867673229822 0.24775849879077 -4.06315695559074 18.2351915634603 -7.04557567653755
Ctenodactylus_sp 27.7993787922736 25.2064682020153 -19.8452132249654 10.2271503594086 7.46203949681382 1.60711532512201 -9.90904695457366
Ctenomys_conoveri 42.7421785519213 -26.0835938407649 -23.8403433950502 -8.71189612352255 10.0526082752987 14.9278531405689 -1.90438876044447
Cuniculus_taczanowskii 4.76603651310697 -26.3471152742911 -9.18952698693877 0.00899595258136575 -11.3033634548953 8.98938787859465 -12.1618690255411
Cyclopes_didactylus 13.2217972088835 -0.796182511160337 -2.15715700920042 1.21219619092042 -9.55671180020644 7.56425218121018 -3.56239144275969
Cynocephalus_volans -55.8568794360944 17.8687040039584 -15.673284434649 -15.4862454309257 -8.68791650781284 10.6065338051088 6.65397918149165
Cynodictis_cayluxi 37.197602148407 8.57244387230346 -14.6847436198689 -0.945751906168904 3.97089402709117 13.2997264112746 -8.39310410225978
Cynohyaenodon_cayluxi 51.2180257636273 -5.83697256212646 2.21174676421142 -12.2389476589837 5.91665593211516 9.05811099674343 -5.08988279849364
Dactylomys_boliviensis 18.3754313587416 -23.5141675867339 -23.7582970755915 -7.83461281137415 -2.01149086355237 15.336791321601 -2.88757213754797
Dactylopsila_trivirgata 35.8081212480483 38.6087176009289 -11.797373089087 -4.05782134456361 -15.9105397355161 8.4086495620995 -1.5402199147086
Dasyprocta_leporina 35.6907529870883 25.8114321661701 -12.2707235641886 -4.94349306108916 -12.46212995574 7.4390435744023 -6.27973445135541
Dasypus_novemcinctus -26.2276453951276 51.9150960390001 28.9217854377928 -8.55570774938011 -3.03190820819822 1.23846726293069 -1.24925709551504
Dasyurus_hallucatus 56.2408964194499 17.5597494890245 11.8951003299139 -12.6685832003983 -7.68777752995295 12.5876696016643 -3.86468435328618
Daubentonia_madagascariensis -76.6007483038639 33.5385132495098 -34.4097602437688 1.17866620952286 -10.951623255899 -4.43242294477631 10.5242963641844
Delphinus_delphis -136.20664876402 -7.95288522581018 -77.9171293188397 -14.3810671910829 25.602444875426 -0.833687484780436 5.14311636949973
Dendrolagus_lumholtzi 17.1122013322668 9.50020603519801 -23.077007793688 1.54041048148757 -29.5628184569231 3.26603171924284 -10.7825105017146
Dendromus_mesomelas 5.35774399469016 18.2812339859263 -2.27811572174087 -17.613987546648 10.2487855124714 21.472998959668 -15.53412597438
Desmathyus_sp -38.0197942695119 83.8856953373424 -1.94342441880402 0.380608689541693 -10.6425642213466 -6.03626323327441 -1.71471073940833
Desmodus_rotundus -26.7900523592729 45.3826543426525 -10.9339757666517 2.89414776246423 0.286044015135806 -3.97025631015565 6.71269655728345
Dichobune_leporina 23.0590576569389 40.4279903049549 0.539894358836295 -10.3583780154021 -3.73785860516108 -4.91551393880098 1.79745258879401
Dicrostonyx_richardsoni 0.369788911136265 5.24162707675292 -0.0116292752466339 -18.1100685498047 -3.1008451900714 22.4232437178139 -11.6916534346401
Didelphis_virginiana 89.3866150384079 22.5239926754012 16.8112902015551 -9.43543938595273 -2.7161348057954 5.80164672097469 -2.38256598698187
Dinomys_branickii 1.39265773773967 7.6443363002735 -31.1871570543716 12.1656236121558 -7.55108026075536 9.48358976482961 -0.172376887320726
Diprotodon_optatum -70.7177254659767 -13.8348677014971 -21.4366094713647 -1.65988762333215 11.300871479033 6.89576889366652 -2.57382453976024
Distoechurus_pennatus -0.73865008538738 39.3595231286358 -1.02933278615585 -8.30961675227296 -4.2942619153607 12.6786466662835 -4.00165959640559
Dromiciops_gliroides -0.22665356526954 19.9277633458342 -4.38829032727422 -16.356117085709 -5.3147721324636 12.4271897343584 -0.182891319360754
Dugong_dugon -92.3087383886474 -8.84439094398566 -30.1620575461561 14.0868171262217 11.6265385371689 14.543822631725 5.62065714487054
Dymecodon_pilirostris -46.3908293053669 65.8478429570247 24.0633708865036 -4.70906622279359 -0.327141550221931 2.29660939317792 -1.95947167857747
Echimys_chrysurus -2.77333062523115 20.7964015950022 -6.33909252395842 5.17116658628845 -7.17325597558799 12.7313135281527 -13.0938410087127
Echinops_telfairi -2.3569759370871 -24.3823994790635 54.593094540028 -20.0499609562141 18.329088805181 19.8626253323522 -4.26753385838814
Echymipera_kalubu 5.48281507807357 52.9224694208199 44.845791166852 -19.6805266576534 -3.05556980556229 10.0190197324264 -2.38356557695903
Ekaltadeta_ima 27.0929598809512 5.60472157762792 17.4397982558648 -19.6842797096718 -11.9947055907392 9.03416661961409 -3.22943653276524
Elephas_maximus -99.3965230766229 36.7268997469586 -9.99966754955991 -8.13817362952647 -10.9611274761566 -0.734087003300863 16.5408448019938
Eliurus_webbi 12.4614635560748 -12.8278289481471 2.32216418689005 -16.1287343173146 2.8281301435727 19.3118531871188 -6.26507676042622
Ellobius_sp -4.58800791064826 -36.0146529802371 3.04830791634919 -1.45682342641478 4.22220739202733 9.52831621644583 -8.73127033954107
Enaliarctos_sp -33.8350683482524 13.2338600930387 -39.5751895268832 2.29754695601777 2.42723540471414 30.1957258901478 -17.820470934994
Enhydra_lutris -15.8000090059991 -6.62942642249929 -32.001805408788 10.0997038599258 -7.41294735112603 5.54422287012171 -6.22881075849009
Eonycteris_robusta 6.06198092960063 50.4670423967435 -2.75843458730547 -10.2843223847576 -13.7751271670217 11.8511183365596 -4.4167519507687
Eptesicus_andinus -54.7778111293825 -30.2299136252195 -1.8466055723885 17.6460562321982 7.68942438559675 5.16475912373448 -6.98054262827458
Equus_quagga -47.4570514476556 38.2630153564939 -18.3105833502367 14.8249661076951 -9.18464898410736 16.289123398369 8.49668465025998
Erethizon_dorsatum -56.5060231325129 -25.7375209657329 -14.4112941025707 15.0563161933764 1.37691282791361 29.1898521586353 8.59320143256752
Erinaceus_europaeus -11.3556668401202 12.8762019940809 47.4217145690156 -16.9118027265572 -4.57126687666298 20.2138322990238 -7.06344493977892
Erophylla_bombifrons -36.9897844158533 50.7514713438543 -0.408489199433937 -0.810903346395503 3.44493484673649 19.6449904061228 -7.38859238713694
Erythrocebus_patas -36.1877004520876 58.8931425709366 -77.7317191863093 3.37706074698958 2.08706005395859 -0.190814594173528 2.55438157768599
Eulemur_macaco -31.2300876441597 48.29594788282 -36.3676731080284 6.80243696099711 -13.1536194576295 -2.41795694807904 2.03295103274908
Euphractus_sexcinctus 1.27782846207087 20.7600874027315 33.0222836056278 -12.4822805287016 -11.4558329895392 0.918513225421504 8.8288066276737
Euryoryzomys_macconnelli 58.4430528333049 6.85520246392536 -10.5959314440019 -13.6715659977352 9.25977601732414 21.1766383627834 -6.8043183525642
Eusmilus_bidentatus -20.908419488476 27.3430925709224 -2.04166560889593 5.0388510648832 3.72725880115922 9.99185504036376 -10.1451205620179
Eutypomys_thompsoni 59.7559586146259 -35.8716099563458 3.41825910443489 -11.3043038135723 1.82539551109609 15.3704780879418 -2.51244501521049
Felis_lybica -18.7883931706203 52.7774087329655 -32.7201568051866 -23.9038840214648 -6.18551422930922 19.5336335584242 3.27052385375037
Funambulus_pennantii 28.6342823729172 29.9933613752229 -16.3568026897606 -1.86681662013244 -5.40387662212089 6.46096679312837 -3.64448026654834
Furipterus_horrens -92.4057684970146 -6.52492439780421 -11.8344943680912 -3.74197336715377 7.66001359195242 7.69109738287865 -6.89284971129219
Galadi_speciosus 8.60625988702187 -30.2585904907449 39.4453388973468 -33.4307632650855 -6.37688498342297 8.34496334117085 2.46174707401382
Galago_senegalensis -19.6464177764871 49.4301076564427 -50.1900498984818 -13.7680639109341 -21.5043797920835 13.6506356001825 -2.94035366001496
Galemys_pyrenaicus -40.2227155515698 55.2251631112664 -10.9069770058569 0.68305167545521 -5.12893293984818 5.80235026985935 -3.41443443724161
Galidictis_fasciata 14.2237439692742 49.3297678072019 -4.70068250477618 -9.06614321988326 -11.8684823365096 16.8955279475741 -11.5505809471342
Genetta_genetta 33.7141350360674 32.8698331832533 -27.3336448668242 -8.44948962830332 -11.3504470790636 20.0324044956979 -3.98375754815668
Geocapromys_ingrahami 3.35561294127254 -17.8642423006302 -5.34888524874305 3.74055681293318 2.72788697853024 15.8791132055547 -1.4147856303374
Geomys_pinetis 42.5141722239361 -18.0441664270983 -7.07599088883656 5.41731149464213 9.56237622929504 13.4716054123428 -10.1230907678415
Gerbilliscus_afra 27.3765042199961 15.4971511139812 -15.3858937924675 -2.06218754175754 3.31447150219509 27.2071245595457 -4.21396870406908
Gerbillus_gerbillus 12.3141908472857 23.2606187504673 -5.32594220900857 -5.72014974623095 0.0302779403322223 13.1169294618213 -12.8248915828437
Giraffa_camelopardalis -65.9270722749614 7.03843365090608 -31.1818935820633 24.5070019787299 -10.292595865132 13.5471148990136 5.98137378788873
Glis_glis 9.38336390315264 -9.57921401706245 -14.4989622407445 -10.1341448322934 0.337403332121788 21.1479220043582 -4.35147777526442
Glossophaga_soricina -24.4142083944518 37.4766660279533 -2.55331574795668 1.63149918055307 3.93977458728008 6.27700076186965 -5.66854624475251
Glossotherium_robustum -88.9225195373594 27.5121112556836 -5.99261271727948 11.1468326376695 -8.64373273192767 20.4075774512492 4.93400077453289
Glyphonycteris_sylvestris -49.6628189239707 23.895138380712 13.7883474839097 -13.3178353582208 -32.5001551088809 9.99480000265024 5.76255609191066
Glyptodon_sp -69.5130796923842 5.93563834358312 -7.21689714416352 5.5110807702033 -1.68207589488912 14.0939199187203 -0.497610032601227
Gorilla_gorilla -82.8636851491794 68.3268646700413 -74.349836710117 -10.4048050024026 14.8126208813879 3.94055832932058 9.64496071515764
Graphiurus_nagtglasii 2.25274359861283 23.3489497759678 -4.00410213537181 -9.13096367228718 2.42919843414056 19.6548986211359 -4.78999278130923
Gustafsonia_sp 7.3340466766699 -9.63120742205203 -18.5864195447704 -13.6741986740641 -9.58974178086531 12.9385850717773 -2.27350432139335
Halitherium_schinzi -63.88924696432 8.33367398016351 -41.1457177074992 -4.84976108406267 -17.6780045138709 25.0752185945477 -1.334116604284
Hapalemur_griseus -6.50721844199872 48.6389295895027 -40.7990615578212 2.26896143434899 -18.0571392749456 7.66706289025446 -1.21049046035135
Hapalops_sp -51.5748387308064 40.6518426470007 -10.7015268984792 24.4698228298859 -0.125219771000451 -11.0295628517173 -0.512617492245151
Heptodon_sp 5.20259845068045 -41.3067850028684 -16.698788048544 -1.38621687816141 -13.0847283827035 18.2867141437587 -13.415882302766
Herpestes_javanicus 48.4752782136556 18.1383156474006 -26.1813681676206 -2.50367855386101 -18.754596377947 17.152192537811 -7.17251150398466
Hesperocyon_gregarius -27.4726511763249 30.7401981420925 3.80760234721781 -1.66025396899372 15.9581588191076 18.0069141303102 -9.45695052792655
Heterocephalus_glaber 15.6983429964584 -61.0332802077621 -2.55988395156731 -11.5150672314496 9.855937334069 14.2380049411716 0.043343111871713
Heteromys_desmarestianus -1.76382415305032 2.86617150984259 8.05522276468981 -10.0979545351944 8.8723154014196 20.0537333560518 -11.9128650752042
Hippopotamus_amphibius -45.9689510487197 25.9691348418525 -21.7576381473761 20.6199618769915 0.721710602395895 16.8148606055451 -6.87950533865487
Hipposideros_turpis -8.85340238195541 29.9047991025662 -36.1972727363879 3.0124566520396 3.63583847618385 10.9573086343692 1.26374270066628
Homalodotherium_cunninghami -32.8493477757201 11.6018714978247 -13.8704575982712 17.7782663793773 -6.6138301020887 8.35800991496656 3.20705375217569
Homo_sapiens -150.060488326683 31.3072070867845 -77.2704979401796 -22.6557945103105 24.3618551496415 -9.32366686440395 9.15608207701765
Homotherium_serum 9.48923728885114 24.3082528530533 -34.111159930263 -5.23731278146441 -5.39313088763363 10.8129830205777 -0.722679456786845
Hoplomys_gymnurus -8.0257708359928 15.2161190784977 -2.2436433976585 -6.55390924675007 8.25879879825966 24.8110511340321 -11.5232968484933
Hsunycteris_thomasi -54.2975534514461 32.2660607982442 -6.62120248897044 0.737170584538856 -21.307611714695 20.3532914070707 4.77266793704877
Hydrochoerus_hydrochaeris -3.5722474880561 4.30351618629635 -33.1706837954121 6.88481347217853 -15.6432543883101 18.3316112371982 -4.34934091659586
Hydromys_chrysogaster 7.09164592031413 -26.2088810597784 -16.4813691869439 -10.456519159774 -2.9952425602125 21.1318160568373 -2.15768561293369
Hylobates_lar -65.2530968578046 33.6526866078538 -76.8466804521706 -1.79590442912544 6.91190986856453 5.69337116628945 0.449727504130961
Hylopetes_spadiceus 37.7377752894341 47.4595239984364 -19.6766702942633 -1.28297677079918 -5.69705264804984 14.3018713030866 -5.43207353259662
Hypsiprymnodon_moschatus -4.37074835236142 41.0985926061695 4.71168112227793 -11.1893806158226 -15.6374575734516 8.69974272258729 -5.11591377927179
Hyrachyus_modestus -30.7264107028472 1.26285832408845 -14.9055544589365 2.65895328833077 -9.19248451343871 9.86242493836849 4.87813344310977
Hyracotherium_sp 24.9558135931018 19.0563919360751 21.7032358707767 -14.7495600680328 0.380455654609949 0.302776514553378 3.76679978670327
Hystrix_indica -50.6241279113025 -7.75036225902135 9.56419227319924 3.76284282827531 -16.5949367841797 15.9162822696696 3.37820758416338
Ignacius_graybullianus 19.2796318722517 -38.0718973228654 -13.5792564213872 -0.356524929044041 -1.47238640528865 -3.78278244990327 3.3022811142373
Inia_geoffrensis -105.707528551247 0.461287084606336 -48.3397291865203 -5.26719077476736 19.4964651307692 15.666426602771 2.35086519828698
Ischyromys_typus 43.3615257332907 -16.2280203552649 -21.2566064275547 -15.3472596132022 4.57030491963955 4.57877657203716 3.58230656054588
Isoodon_macrourus 18.686223791204 20.7859743534759 32.6713413766062 -24.9411444251267 -3.58367069515155 8.79804556129115 -1.03942331572275
Isothrix_bistriata 13.4884767008183 -8.3793767624939 -14.1500005766068 -11.5317904353989 -1.64029722684216 14.3650693948259 -12.0318022182929
Jaculus_jaculus -21.0206538779522 29.9353769765946 -27.5952351705372 15.0879790320877 17.0902378463156 21.0275386612287 -15.956321343504
Kerivoula_pellucida -83.9962489818771 26.1518558144274 -18.5974526861942 7.00646928864884 15.1281283131383 15.2587892720038 0.682931257159822
Khirtharia_inflata 96.7998641500011 -19.6032560751607 -23.8986835721153 -27.9354617070678 13.1692251677005 -10.1956097737005 2.73773052598056
Kogia_breviceps -86.8305699627865 -3.4025311079556 -78.6396290738046 -4.15556198322306 14.9046055623706 2.32983119862975 1.07131560065514
Kryptobaatar_dashzevegi 14.5579099931152 -2.51312282073047 5.04239784443976 3.20519443694097 21.9910680371921 -5.46603569402289 2.45664840813511
Lagostomus_maximus -28.0391687546579 29.5824608663757 -54.790679591862 -2.06426163743675 11.5036783180633 6.44397652080675 -2.64559731818166
Lama_glama -50.271499501251 36.0433162026535 -24.4644606009377 11.3451832330201 -18.9472872558891 10.537167948129 2.14531144162178
Laonastes_aenigmamus 11.693630498314 -9.06348907112291 -6.54797810756234 -6.60720396263895 8.33354261309398 8.36939844858971 -6.61330453286473
Lasiorhinus_latifrons 18.909773372222 41.5062622849387 -12.2164928163961 -7.43682991499962 -5.79082003912618 8.59085499920757 -2.04582204009137
Lasiurus_intermedius -73.6463075276823 -44.1117696126244 -3.56890234113325 16.3113621839637 8.6133755516444 7.83591930278526 7.97523094007935
Lemmus_lemmus 18.254975102431 -24.1606461262048 -14.2187286844622 1.67266428808515 9.73263201605735 12.5097021553948 -11.1042596583095
Lemur_catta -37.2121692576929 39.6125571333573 -40.9353736836751 0.583322774390679 -16.2537999124529 -0.0945820537909555 -1.30131346679688
Leontinia_gaudryi -40.3672041935155 18.3183190560204 -20.7721505347863 26.3125377513709 4.06079678135984 4.6416915251057 -1.21128600526959
Lepilemur_mustelinus -12.3549495118304 24.4307644895388 -34.7760791865131 -0.431980412755309 -22.8156113195672 4.50239294947695 -1.60800579741854
Leporillus_conditor 41.6448256661376 12.4251301836651 -13.6657248198161 -7.26414348162353 5.30799896654171 20.320288490068 -6.04080640660013
Leptailurus_serval -21.1910704110332 48.9161115782485 -24.5974611996534 -15.2516384538423 -4.19985226942674 14.1390931356109 -5.32404611483127
Leptauchenia_sp 40.1572652907553 -7.1456010106694 -9.12419312748449 3.88119892390538 4.39885477959169 1.5923014674784 -5.84372992291612
Leptictis_sp 34.2353249360891 -12.0117992357518 5.32632140877314 4.37405090272139 1.64836207755099 18.9468949358497 -0.168017762720532
Leptocyon_sp 35.7238942237416 10.3466907884516 -18.8043394737673 2.23906492008077 -8.22442888712683 8.97882099586483 -7.71280816581206
Lepus_europaeus 8.70506290509821 38.680287470754 -26.772555104699 8.95302600497244 -11.3471977946546 2.35117997491244 -0.376754548409893
Lonchophylla_robusta -43.1123177055531 5.6336296892718 2.08278052523434 2.63119424694421 -21.1712669172263 11.0050197563653 1.9087791464375
Lonchorhina_aurita -55.6197100667374 15.4489007601882 -13.9423794985092 2.91009179287539 15.5195387075958 14.0019824306207 2.8394561797802
Lophocebus_albigena -44.3631859176926 31.0575307252938 -80.9433237460694 -0.534079028963313 1.69340484678697 -1.55776616887595 1.29593175151785
Lophostoma_brasiliense -53.0168464057554 12.2403389651747 -17.1699564666392 -9.79542412188796 9.37129873245677 13.0662152538798 10.0899428444426
Lophuromys_sikapusi 14.0331410999764 16.2461802775279 15.6246240964242 -5.14396707879337 3.10270146970479 16.9805674748766 -9.54548551455993
Loris_tardigradus -47.7126353746736 93.0174437902854 -43.7025676018263 -24.5682835933027 -8.798072643947 3.30087311593698 6.79339065963705
Loxodonta_africana -98.9748205238282 -13.6687130819483 1.47504257505072 3.64172466492125 -15.1239160208892 -1.66605221438267 15.7731202347531
Lycaon_pictus -3.69408143778918 67.2044524714593 -32.0313841176727 -3.9189695407451 -9.80635741196207 7.42796516018742 -2.83689450770539
Lynx_rufus -4.34224928003372 49.3893866405224 -33.9656314870585 -12.7852067406364 -5.66680593416587 18.205480974696 -1.09518564605815
Macaca_fascicularis -35.3752040829152 45.2201829461482 -76.1870485988195 1.28016607133175 -1.62361971845867 3.87220075440984 1.15460489124859
Macrophyllum_macrophyllum -55.8818855452916 0.95877283529441 -20.1366845560721 -3.97087595647589 0.233694003794477 8.03726585190048 2.13562024567038
Macropus_giganteus 20.9432537693085 8.71231936333819 -15.3281389922422 1.95375387516475 -26.1822432129575 6.48523314163564 -3.45639259890653
Macrotarsomys_bastardi 34.9446305609796 -8.30474503215103 -3.11216091870125 -9.52053936301718 7.55472804619777 21.3559118549234 -3.00754878907239
Macrotis_lagotis 43.0150159359217 20.9299672218061 20.2166806818227 -9.00525711625944 -2.56531208205892 3.4949683378817 1.42455573122879
Macrotus_waterhousii -55.3021149667337 -8.55981169991557 -9.10462126526269 -9.4804186376505 -5.85566829985172 8.22382997285624 6.49083965425532
Mandrillus_sphinx -44.221472566725 26.3666026280281 -80.2110540034807 4.2862553951372 4.57836868587373 4.38187722167226 -0.612051739264486
Manis_javanica -52.5766275246899 -45.4537493257576 36.5113051574677 2.5909782087254 -1.14072438815343 13.0552139890148 -5.41230316353855
Marmota_caudata 22.655193544645 23.2801873345665 -24.9307839473214 -5.47687488629032 -14.5184704933108 7.38651610099582 -3.60034655404655
Megacerops_coloradensis -57.5878771436828 38.9505701439876 -5.66484024607183 16.3295599033916 10.4512220307478 13.8995723157658 -3.49654737937293
Megaderma_spasma -39.3032181095771 -4.99206998545778 -23.4531618118862 -7.53712726620773 -4.9343375871528 10.4869362504265 -10.3860497178135
Megaladapis_madagascariensis 72.3086739726845 36.3231467044722 -41.5174115522442 1.68713187524605 21.34034915874 24.2842126073843 5.67443702730012
Megalagus_turgidus 39.6369832223632 28.4049226044595 -11.9507644175099 -4.5086773953587 6.81220809733619 1.15292138496515 4.02772855908139
Megalonyx_jeffersonii -72.722436718124 46.4692551471131 -8.67636849639571 24.1943838781197 9.81831218523443 8.93702319240287 11.2731187292067
Megatherium_americanum -64.1592976145166 32.9078755550117 -9.39555948998093 12.4995981098461 -4.09105001367813 7.45934566133219 3.16545143710969
Mellivora_capensis 5.15054092548888 23.1648498186943 -23.0840056038679 14.7822179006273 -8.59038285404549 9.06855404152067 -12.6609804815163
Mephitis_mephitis 55.9800474440331 61.7252290229294 8.51732145355598 -1.8016098185008 6.90247769172421 34.3801270106121 -15.5500166787683
Meriones_libycus 32.1169912662023 18.0878254223005 -12.9918782499127 -0.773397720199327 -0.508057591816146 19.4841451985372 -13.6198623616082
Merychippus_severus -18.2329005206574 48.7200379530207 -18.9239361171082 21.4821267252658 7.41849108237215 18.9232421144951 6.33632830733936
Merycochoerus_proprius -7.24387754952618 12.1914835745882 -19.4390304332639 1.15750552508916 -1.27932213124208 7.3329930072407 1.48271123515818
Mesatirhinus_junius -55.4344393575029 -38.0430466170141 3.3601609395189 6.08751403404615 -3.61434368997819 0.870048272738173 -0.397125190174205
Mesogaulus_paniensis 6.9733398212327 -12.7643088510522 -6.88424306522883 -3.42490223406959 0.8079818920715 6.08891924262194 -2.81381185000972
Mesohippus_bairdi -9.52974136376605 31.1659924867552 -25.9827891390591 0.94792328692296 -11.5859335672629 18.187526424831 2.58762152869456
Microcebus_murinus 9.87980280455564 49.073805162918 -22.8642269853133 -15.1668749749675 -8.42212407950669 12.4708296849606 2.14127552064853
Microchoerus_erinaceus 18.296676222828 30.8397408428373 -37.6224943523266 -11.4571641998328 -4.37674353545804 11.0175815433883 3.91915985942733
Microgale_drouhardi -18.7615574386498 12.6491871477498 39.6572431142149 -4.78533512847533 14.7980032376182 10.9535345536808 0.859550782009669
Micromys_minutus 5.67764383028552 25.8250191961058 -3.04425162484245 -3.08603108781592 4.5391586355428 17.5185755229496 -5.99732449655466
Micronycteris_hirsuta -27.8182927486149 34.5293111221251 4.65115502225536 -8.45821250300765 -6.8985666293373 4.15711336007608 10.1487192457733
Micropteropus_pusillus -5.68821289461312 2.1589766032104 -1.17280208743483 -18.6756845547704 -5.49034263736035 20.4989080224024 -9.44706134325787
Microsyops_annectens 19.7475768668102 -15.6787658968259 2.87920098530165 12.0013715628728 0.385986188828128 0.337956171867723 -2.76758486499918
Microtus_yuldaschi 28.4351920027563 -26.4803065615349 -12.5253332670487 1.60007361254475 7.80154551626582 1.46873517734739 -11.524256337933
Miniopterus_schreibersii -53.7050897106592 -0.889799015500802 -8.54977581846298 7.39144890010612 8.96771655715295 8.58463156365865 5.54451389877426
Mirza_coquereli 4.46796358062906 55.9528761263955 -23.7132874927894 -2.79402446703875 -4.37981432485682 6.96079942085896 0.0865500905658686
Mixtotherium_sp -33.8673713732127 -13.815921229716 2.23631605392535 19.5815269177213 -2.56783044860948 -0.357878118859479 -3.3566965376433
Molossus_molossus -62.389241857137 -24.1660819907189 -6.04959889071516 6.03301666204877 -3.52625156991104 19.5595127218834 4.33435599344627
Monodelphis_domestica 55.3254692754221 -31.4751356067531 8.81842556365619 -16.7404301278138 -0.907187232081008 14.4338454306947 3.88900861053697
Monodon_monoceros -136.929346129129 -8.1414590556516 -73.1608701318727 -12.3115496143688 25.8219434247371 0.149871284900673 10.5541328450146
Mops_thersites -37.6395221070765 -6.25839995475422 -1.62298591643272 8.57591355223593 11.8376086195521 10.7273161667261 -3.80464102055427
Mormoops_megalophylla -122.477958379095 -4.818639870386 21.4194808186427 -1.86544874285471 24.8168327150115 40.4482599803977 -11.5181180070823
Mouillacitherium_elegans 25.3818283588131 11.9272909468017 5.34262179734654 -17.9072144063443 -8.37289426223097 11.6037605233969 2.56391606932514
Murina_cyclotis -71.1062696021351 45.6339380134971 21.2691277009501 5.22402378150175 5.02855108409719 28.1729892977544 1.54633236268927
Mus_musculus 33.8069889296656 2.58050112216746 -0.528143158978652 -0.998324304158035 10.1549072460477 16.051414470194 -6.50626442950993
Muscardinus_avellanarius 9.61749336836387 37.2496170522533 -9.21384315916298 -14.4341553488186 -1.39134000237541 26.9336247753716 -0.926856381872876
Mustela_nivalis 29.8954293372715 -3.17557113134049 -13.8506618548826 4.45868337297783 -18.1473478733097 23.3913960003164 -8.8465886974749
Mylodon_sp -102.405673333931 46.8214283358862 8.27003688399796 9.37925306846894 -10.1066392398871 -0.482127409921867 -7.21988353145838
Myocastor_coypus 42.883180698196 -13.8004501340922 -19.7358246046699 5.01849440852161 -2.56152039676692 10.5089236035919 6.60429720958036
Myosciurus_pumilio -19.7357458787157 53.5467313432676 11.094218421571 1.93136840161028 -6.71651743284414 5.07527344736607 -4.89873129329121
Myospalax_myospalax -21.36293718322 -1.43508760148525 -4.68236887686903 -5.26204772982701 8.51007221452178 13.4758879340443 -7.45752049478798
Myotis_adversus -70.1749894575908 23.9816076105075 0.476059869722854 8.12341352513832 5.84684750502966 19.4660473582956 -8.95541570192796
Myrmecobius_fasciatus 8.30026096312919 32.6919978758966 15.0532718356737 -8.34952526036873 -11.0614330987475 2.39046997111348 -1.88501070773873
Myrmecophaga_tridactyla 43.4620206345348 -23.128266193892 9.37756071521181 8.07532325071478 -27.3721028907538 3.21680023046112 -3.82994090146718
Mysateles_prehensilis 36.404774667844 -2.73387110472507 -21.2165208643206 0.63612425971023 -4.18043656748395 14.1735922974355 -7.21861644919375
Mystacina_tuberculata -83.571883823804 5.72365504961729 12.6228293121453 15.932617099437 1.98684078720765 13.2219280929145 1.81194195202896
Myzopoda_aurita -65.5716679041825 -14.0247185677767 -15.8037561068572 0.696536204306838 11.5548609171061 9.6759789379059 -0.0162394610015865
Nandinia_binotata 41.3657517173221 47.2975279828065 -22.7958434583681 -8.83823723682062 -10.135765805257 17.800836006005 -3.09198347571972
Nannospalax_leucodon -4.29820990344157 -2.89268556750621 -10.8473709671325 -10.8120747347138 -6.01447168167335 20.0995340288264 -13.0222810670816
Nasalis_larvatus -25.0610389761199 34.6213223737871 -74.1164585352922 3.59126570714527 -3.96986852634844 7.25600597668069 1.38227274254488
Nasua_nasua 6.78710001735426 66.364950000817 -23.534429438279 1.83587809143939 -8.42257711159731 9.59403497988168 -0.789236851875537
Neacomys_spinosus 1.7463991752951 10.7816510288399 0.799051093284143 -5.71260854431143 3.64003822555085 20.626875814519 -12.2873764172561
Necrolemur_antiquus -3.981453999782 49.706285374366 -38.7625527178528 -15.002032165822 -3.08884672391085 4.83327585192247 7.71016443048233
Neofiber_alleni 27.2569738454598 -5.79255261077675 -6.3508839051763 -10.8560289368969 5.22027398551614 17.6851767202762 -11.476605089716
Neohelos_stirtoni 23.9794069451495 -24.5268863098532 -8.1635984599228 3.95492833779928 -4.63588520033649 19.5961631118756 -10.3328502353218
Neomonachus_tropicalis -72.789898978252 -33.287594737289 -51.8106087969654 4.188902711955 -3.07680125205114 27.5073177484498 2.75149612887182
Neomys_fodiens -60.4913287459687 -14.1754430099191 21.1886577888474 -6.67606073461671 1.33539597225358 11.3673011898286 5.29586582119402
Neotoma_lepida 14.0061732828016 27.3764773455799 -5.59962854520268 -4.20744763374142 2.54489827510259 16.4254751139109 -7.13440461071928
Nesodon_imbricatus -10.1726006197962 2.50409191380588 -29.1035236353467 -5.6445804088785 4.9559520068744 18.7280546146557 -9.84243476225339
Nimbacinus_dicksoni 72.9266818851834 -28.4841764255422 14.6062306209454 -5.42193857715268 1.79833664348115 4.47294637896757 2.3853373912977
Nimbadon_lavarackorum 47.780710045571 27.8734933779589 -2.11816037189823 -0.737176617507937 -1.45715551920256 8.41920525949207 -2.33508173989542
Niviventer_rapit 20.2624919089542 13.684909050709 0.70349094370618 -6.58794784083045 3.5174445321098 20.183575502629 -12.286873829719
Noctilio_albiventris -94.9626192226615 -21.5922925809481 -6.60536834784913 11.4885824405149 0.740786909067097 14.1175693713109 4.05948017957923
Notharctus_tenebrosus -12.7868209365628 -21.9032901111271 -26.6172838306225 -5.40342165329161 -14.1127530782851 0.141613405853456 4.91804051629438
Nothrotheriops_shastensis -58.9922204966281 36.9284187115806 -9.8271557985269 13.5519810785454 -2.13203167582854 17.1384740995286 -1.24444547353467
Notoryctes_typhlops -53.5109820705008 -4.72337533555158 42.788312414386 -22.6100387823912 6.42689983989477 4.63274604783444 11.8872481487655
Nycteris_thebaica -58.0855240046054 53.2580630139653 -29.5352640657849 3.68902035704343 14.3994412540674 4.25836600267359 -5.7070868876146
Nycticeius_humeralis -75.4009235526221 -28.966563205204 3.82270655304457 7.97032307316826 13.286723768413 12.7078924655575 -7.70977587484856
Nyctiellus_lepidus -25.879823604597 11.5966427352828 -7.17986827434501 -0.0813488654188061 19.1564018872748 1.43406768778095 -1.03391615186816
Nyctimene_rabori 16.832863466561 53.0659172717415 6.69772363284719 -16.803897547664 -8.1871225208024 31.0931316719071 -14.8632052569774
Obdurodon_dicksoni 16.2381821459646 15.5994741784736 -22.1212593188045 -5.64438222543541 -10.5261380611737 1.03635663994334 -1.56622356309693
Ochotona_alpina 43.0956398393413 3.20274660263 -30.143335005268 2.36585581908595 -3.61973371568546 4.15641714596485 -7.96966538687489
Ochrotomys_nuttalli 13.5862448501492 8.04185920846461 5.30866953881495 -7.25118364489036 4.02302064419451 18.8092139458221 -8.07961517606195
Octodon_degus 30.4063813259637 4.28181784592323 -11.8452781793816 1.02353001472844 0.2261445777365 11.0265699735047 -9.22665840470623
Odobenus_rosmarus -123.778873901413 -24.7749734958653 -37.1694983058648 -21.8623134432482 -2.59069754243881 24.8263038819702 2.37501187950288
Odocoileus_hemionus -12.9131064553803 51.1047033877747 -23.6756866616494 19.519648729234 -17.4110820106399 10.4569401373978 0.997489000029648
Okapia_johnstoni -30.7502755883755 -3.77199912220415 -29.6701351190132 20.4637375368347 -10.0953080815285 33.8851759915427 11.3705327598139
Oligoryzomys_flavescens -10.6818909478674 24.8360701068408 -1.25527863610264 -14.2028999702093 1.93274051962278 18.3706442273292 -10.362422951288
Orcaella_heinsohni -113.36706823899 -36.0369186241097 -72.1113717303187 -8.79797828947376 17.3267691757567 -2.79806341770683 6.82172278354135
Ornithorhynchus_anatinus -0.054331579918564 2.8140450366261 -23.3751588781306 9.43993143390854 -10.5307443777317 3.83827698417895 -2.10955740538911
Orycteropus_afer 38.2321637039375 16.6789744398412 2.09640568473937 4.292749985734 -6.21037363438662 -0.67473022626692 0.294404182552786
Oryctolagus_cuniculus 12.8378438525984 30.5768100830591 -46.6049057444502 14.2179023643298 -9.55600035663636 -12.2448152578549 15.4680371147796
Otolemur_garnettii -0.0850519122984158 63.5451309595392 -37.4706804720066 -10.0495158619501 -15.599458865556 3.6632994546011 6.05177211429469
Otospermophilus_variegatus 41.0641479730354 8.86362312048485 -16.1181420864264 -1.46972782728267 -9.5097747562241 10.1622060382472 -6.8935130132691
Oxydactylus_sp 5.70541805937722 32.9760894604633 -26.5998047586342 16.2337950606055 -4.27876625292058 3.37333608728756 1.73919173977774
Palaeolama_sp -25.2321157658589 -17.9607579201917 9.47588693010139 27.2212391503872 -0.0551354215524365 5.09017927055386 -3.59655223486767
Palaeosyops_sp -27.1025330349309 -25.991259470751 -20.0433895268485 1.76722854310482 6.26988237370854 6.08861432177615 4.59782766824656
Pan_troglodytes -94.2835673010664 41.0116426185969 -76.8430222143107 -15.4396686386936 6.50345933555453 1.59106955656106 3.67333851849389
Panthera_pardus 8.71470081921152 31.7997143241363 -33.4536984758974 -6.22873753611159 -1.23454490697217 17.5956683227314 3.08427701513887
Papio_hamadryas -48.3933995456845 16.4880073549135 -77.1260386453084 -5.97499092531563 -4.66437601573327 0.963855714673987 0.53334892488105
Paracynarctus_sinclairi 33.6621761018351 33.8485253114218 -19.3744168014176 -7.61701779701528 -5.76397906325849 12.755006774507 -10.7780578787126
Paramylodon_harlani -59.0700877107331 6.51223748539576 -21.4640262749015 15.0344325365286 -5.76906698894417 9.80159443373631 3.34058435183436
Paramys_delicatus 42.5131960033622 -21.6311537270426 -7.18887467234791 -1.33240090582654 -0.466216760726569 10.3454186669649 -8.87128913974089
Parapithecus_grangeri 15.9019481468336 38.5373712100939 -50.6006329153286 0.965284061608602 -5.16607470607365 4.30545278794966 6.08672403762089
Patriomanis_americana -48.5821556914166 -47.6136446439518 55.3649239403281 -20.6222394103548 -14.9322768855251 13.3230384854248 -14.0027278588582
Pedetes_capensis -12.7849900226543 39.3498850693519 -22.218389686344 -5.13220119668791 -4.09580020692834 24.195041402565 -2.80810893538002
Pekania_pennanti 36.9662372709016 36.9674704904973 -21.1248908338522 3.38055130922075 -11.8460073868649 19.176206161693 -3.99875289140317
Perameles_bougainville 16.9768297791137 34.5318530863355 28.9063675217855 -19.227002993253 -3.58855412652441 7.92589486962889 -5.83500456054451
Peromyscus_polionotus 20.4988178103612 2.56169590608187 4.73876623102531 -10.9515031836549 5.74165168626257 18.8446012976122 -10.4955538578439
Petaurista_leucogenys 21.7048610940862 29.2066097278234 -33.191560219685 -4.06951707036716 -5.49279709941747 11.4123583984881 -1.91495865903397
Petauroides_volans 6.45540099529371 -1.02520843418765 -6.56134121584732 -6.84910032838004 -13.4713993782627 13.2667951331379 -6.28252769219705
Petaurus_australis -3.90199892730982 8.3687375630654 -2.08344345624675 -10.5260104631633 -19.6625102842272 11.5668955174527 -4.39668852220683
Petinomys_setosus 31.3761375744403 39.3207200392864 -16.2136045847011 -5.92198188938772 -1.68623125829453 16.6331122705785 -7.43360259404622
Petromus_typicus 18.5215929155656 -8.04933332102005 -14.8512307361452 0.471603095793458 4.87110301058267 2.32802224187497 -5.33563775783648
Phacochoerus_africanus -102.357764092279 41.7007958041841 -19.0872534837268 -0.174808104982039 -7.11186057355853 -12.8573776270056 12.5664534140371
Phalanger_orientalis 49.345256088473 13.5102605631575 -9.91672601038752 -11.5880245640057 -7.32332931233342 15.8512692535178 -4.54102534026151
Phascogale_tapoatafa 33.0021014340129 34.8124442788974 17.9149059139071 -7.54832660752625 -3.29976062338658 4.22366759190793 -3.4943317090291
Phascolarctos_cinereus 8.22817784915398 21.6170110669051 -16.3332690049544 -3.21853175385999 -25.933461893529 26.2028275629042 -0.988057792902129
Phenacodus_primaevus -25.8687308097516 -35.9767541877492 -14.2865639079166 -1.32697337747533 -4.38563097236285 -8.65331968395996 5.47409027547222
Philander_opossum 65.7681986926087 33.4013313503394 18.2603609120088 -17.5864443470088 9.94351866065302 13.7413405935312 -4.58697604668396
Phocoena_phocoena -165.025251869602 -35.5272241111237 -72.0759751519745 -20.4361599610448 27.7951493717655 -8.4203736192095 9.26876724603688
Phyllostomus_hastatus -43.9993623998814 -4.16987547465551 -3.8645924084345 -8.57747682118054 -32.8559353048571 1.11560602126545 5.56554355330968
Pipistrellus_hesperus -57.949152807819 -44.1793201482475 0.570785602055557 14.0984295749195 10.1119329881706 6.29602622295229 -5.13465244338726
Pithecia_pithecia -52.3762408762759 54.3910983360359 -74.2387735128781 2.79878272354978 8.58681563977111 0.666606034396001 2.09530067899184
Planigale_ingrami 4.51775912167196 -30.3179764974948 23.1248682881532 -1.49020245506991 4.98803205953205 6.83362596857971 -10.7366847368569
Platacanthomys_lasiurus -2.65758291331796 11.0035199357748 2.42338108885956 -8.80262521557955 2.07281589105779 15.5205654939065 -6.11646747968702
Platygonus_compressus -81.3322528376778 42.0711978466157 -22.1113349450523 6.79386436465304 -11.2093432818304 -13.8258896014734 12.5805485458002
Plionictis_sp 39.9175163453211 19.9113487882464 -14.5485881333883 -6.61214024714431 -14.1354591039157 20.7060879120974 -12.6996047873233
Pongo_abelii -158.157249602136 53.7938407995851 -85.2535451935705 -26.2850346867208 23.1983915102559 -1.01172016792026 12.9748349883619
Pontoporia_blainvillei -109.757942307893 -30.0126530793668 -76.4704342764947 -10.1742273319638 15.1361196998878 -2.44019039191879 3.59996573415452
Potamogale_velox -11.4411581861332 -25.4562151913608 -9.5774151491205 -5.8553825572391 0.744420155174125 19.7265932481853 -4.68274789878824
Potorous_tridactylus 9.14300414044273 58.0608754458206 13.2835408235628 -11.3463871928926 -19.766948448838 8.06057644264732 -7.00256176313263
Prionodon_linsang 35.8014528128032 9.1494758673958 -26.1794298961108 -5.73859239349115 -7.37351335775656 19.096758372523 -5.78971939894224
Procavia_capensis -5.60370208919842 15.8277564013962 -29.831408520586 3.11402634632732 -20.3383429288566 10.0082214804914 -12.8695729185015
Procyon_lotor 13.4457676155213 51.8019974342214 -22.1600744162816 -0.845169295947034 -5.49698510353883 12.9835380323798 -4.82825316115196
Promartes_olcotti 4.5002430998545 62.2660117651538 -9.75593591332468 -11.4994214011751 -2.04239254899178 25.2193878490328 -3.41742835087344
Prometheomys_schaposchnikowi 17.4563775363176 20.9560105909051 -7.18781614442849 -10.1944202537185 3.61629693461205 16.6479160678185 -7.96132335860916
Pronolagus_randensis 37.8844008140747 20.5732996033721 -36.7847543043949 -1.07222641930066 -9.36228626931654 -0.984882792144326 -5.11439050835923
Propithecus_verreauxi -68.1362749557427 58.0985051364187 -46.5233431769594 0.47170243884 -0.0878325859852318 4.49680194996929 2.20181779634016
Proscelidodon_patrius -54.4256528285453 28.2586944851977 -1.64137960127213 24.2705577322234 -6.93002358447377 9.42642987262754 8.07872855132473
Prospaniomys_priscus 21.3235198390818 -28.1510716056553 -15.2546384302282 -1.3679073006024 -5.65114616069893 15.5801943466416 -5.29460534227106
Proteles_cristatus -7.5975432765206 3.3253000659693 -18.9995292129182 -11.7594805142359 -5.57717303211164 15.7510146597015 -2.07728236352052
Proterotherium_cavum 0.586954282846973 18.7722389929515 -36.9459118943031 7.01670061817673 -8.65388556377703 6.63719498719206 -3.01963159748683
Protocetus_atavus 109.84761957043 -15.1302863376187 -51.6902902441138 -29.6366199123055 34.006367672797 -16.2960017699243 3.1788470859939
Protosciurus_rachelae 36.2273850189542 5.32418676700584 -9.30166991699992 -4.14392598863388 -3.25514056991248 12.423516828726 -6.90322694474203
Protypotherium_australe 11.5423112790493 28.6725374158983 -15.7169379714115 -0.810154749126348 -1.20364269225371 3.07931821320873 -5.08841118411402
Pseudaelurus_validus 58.4571253722185 33.9844063758542 -33.9631577583002 -10.3034242009834 -4.84436337780691 8.68742251703229 -2.10257213700033
Pseudhipparion_gratum -40.5826847053845 58.8820274755257 -18.6941603061128 21.5257473142084 -2.76991880141971 9.92268762675283 -3.34576878052007
Pseudocheirus_peregrinus 17.1794029282366 -6.11264067437994 -14.1295757109628 -9.99016316066497 -12.7785015466306 12.8459615553737 -8.3945085233137
Pseudochirops_cupreus 12.2446992579949 20.5535255498682 -17.1758092191659 -4.6093772467383 -2.90327874139118 18.0129535929101 -5.63896646646316
Pseudotomus_horribilis 60.3860050036451 -12.9841605593781 0.773385271523034 -2.26237371161283 3.28168549856871 19.649516453877 4.64129534666066
Pseudotypotherium_pseudopachygnathum 27.8087416320292 -1.05904674327636 -23.339492794803 6.3207458307364 6.29055613258812 13.5381454315748 -1.16117378406552
Pteromys_volans 7.89392420364409 20.630015382224 -22.9548031149741 -5.12884175734427 -10.9326325122877 22.3340931489957 -9.13067366705311
Pteropus_giganteus 26.1380305211399 47.8381942076701 -18.0993207542407 -4.47021373594409 -10.9555736958149 14.3163821215014 -4.15458334499149
Ptilocercus_lowii 29.2318725230049 24.9897853873284 -0.515245329789214 -0.147496674945444 -9.34241149012367 13.1430967616737 -0.671052600926956
Quercygale_angustidens 21.8239790736236 -16.1707135191116 -4.51624651631816 -7.29721229682136 -8.68449371830705 15.7616916293268 -9.20325387162786
Rapamys_atramontis 40.4052878165905 -1.6211625537555 -16.0932055586384 1.5336292435817 -0.788917815919079 3.68243584675668 -5.99447958288933
Redunca_arundinum -33.8487261084234 11.1757111094359 -42.6251257133521 8.58841717634418 -22.8482871142229 3.9418622016271 -1.92827066069607
Rhinolophus_affinis -9.15307254467074 24.2855485027714 -41.2839823486827 11.6371842521561 33.2749281057838 12.07092579465 0.157578206646898
Rhinophylla_fischerae -38.7354864789048 37.2809163952016 12.4765309941427 -9.77691766504159 -0.0811725202822327 7.29327593726717 3.06940929269176
Rhinopithecus_roxellana -66.8532075175496 51.570876229323 -74.6340197946603 2.57707641886592 9.57394488569394 -1.04652678971682 5.99843504214931
Rhinopoma_hardwickii -9.16381744848894 2.97704636788638 -22.3411591940021 4.99209646959369 17.9440905496682 4.95854447729242 -7.18777235188411
Rhipidomys_fulviventer -2.60561053823161 1.30304144974339 -9.29588931714875 -11.8621447598805 -4.9906100206097 17.4917294427642 -7.6573541065379
Rhizomys_sinensis -1.73884279551898 -43.1983306732589 -8.59135156334208 -5.41056983930563 -1.2778780549854 7.15526614186778 -4.04821378504056
Rhynchocyon_petersi -2.8229415816951 51.8509512062141 17.0656417642705 -8.41090509540741 -9.93443729180939 2.50456168734878 -2.2455853387595
Romerolagus_diazi 51.8545185137484 47.0433060720036 -28.8879249702633 4.14015294845898 -4.07115278806308 6.54055685109055 -0.0415655122233485
Rooneyia_viejaensis -0.776186432876788 42.6977923262146 -38.6462138970491 5.40914215877555 -12.1214556949996 1.80529722693295 3.27772429156602
Rousettus_aegyptiacus 8.32169755136804 44.3766607457372 3.92956716505131 -3.34847040753612 -10.185454073776 15.8629317002867 -6.52039449542726
Saiga_tatarica -35.2490921295392 24.4470761186012 7.1778311770947 12.9201636737602 -19.4419739515705 19.9659805239182 -2.10336451453453
Saimiri_boliviensis -67.5900964633593 51.9441674750516 -76.9620617044961 -1.82795369001539 3.16201690355933 -2.86116486092301 6.13069787763107
Sarcophilus_harrisii 27.8112954168115 27.1380884466808 29.6661293702294 -13.0147679926152 -3.73793604972825 12.8369736397546 -9.23464431507834
Scalopus_aquaticus -0.130739639346135 0.73424089627309 1.78369313811921 -1.54904945127844 2.92866894768641 29.2629645958059 -18.1473637864043
Scapteromys_tumidus 30.7988821772459 -4.38225950698399 -0.118144790342236 -9.76051480832505 3.4445727445421 14.4419597552983 -7.79016055403106
Sciurus_vulgaris -8.46362924293428 15.961738799514 -9.6843458608173 -4.28009112598409 -14.1815935235844 5.98561050197537 -6.35423052359168
Scotonycteris_zenkeri -16.9222933930119 45.6644491158778 12.5420270372075 -4.92159312072173 -8.86606571940549 16.2175927770857 -16.6936014000582
Semnopithecus_entellus -25.6046607857006 29.0008045823721 -67.8933832142841 2.40629268986942 -8.74817724040231 3.45866073741615 -2.50705537136818
Setonix_brachyurus 26.8062402426799 35.2990190808279 -18.3768534257247 -3.72037928454422 -21.9974057236875 9.98181072835501 -4.74833313315566
Sicista_concolor -10.0191765652974 19.3180518951302 5.61012115295256 -8.92048037158908 1.68086470304867 17.5849112664151 -13.0623277348876
Sigmodon_hispidus 34.5554162786648 -6.43096279318125 -8.35891576005696 -22.1831756700471 -1.60054821818338 16.1066799966449 -8.80761869668974
Silvabestius_johnnilandi 47.3705809556283 18.2943216594099 -0.356022732803053 -12.7595160624429 -6.30424663375868 12.3735470183763 -5.41354070330724
Simosthenurus_occidentalis -19.6645158192972 20.2521106951058 -8.16543935325952 7.60325366885364 -3.14162396325661 24.1971786024903 2.76557821397234
Smilodectes_gracilis -12.7835010485019 20.7156607527408 -22.1156346471491 2.7141918354506 -7.12126657799771 1.74591470620157 6.92755724457898
Smilodon_fatalis -54.5312547248063 -5.54433381129877 -28.245252307119 -0.376966779620855 -1.20862796359111 15.8793257359439 -8.30010128366837
Sminthopsis_macroura 15.3881170291475 1.25395018405902 18.6096133749016 -16.2746771476571 5.23364891074242 12.4791509443852 -8.67721033519559
Smutsia_gigantea -69.9024484687337 -30.8350774970532 0.406191661655229 5.6088708693514 -14.4976698322478 17.5973751980908 7.10711933059365
Solenodon_paradoxus 38.1712925310006 9.36380608837757 28.8783825856553 -3.11150731509879 -3.0955498171996 3.57934921560692 -1.66814933818222
Sorex_araneus -32.7464453885328 26.2679391248125 35.7743406223716 -5.24366201318863 0.503091605640456 10.987038802029 4.85931183877199
Spalacopus_cyanus -14.0179648743948 -9.74475689890767 4.03595146580101 -2.74099123801836 7.5820461938271 26.7356108943207 -19.3702676732156
Speothos_pacivorus 5.91515923139596 42.4393446466557 -27.3270672723094 -1.32299305336141 -10.4040119579107 16.0757992189242 -9.2900433958413
Steatomys_pratensis 19.7558731303408 -0.602534829791948 6.34264490043403 -0.846076280488054 18.2812438271536 18.8135804545439 -10.9865620559709
Sturnira_ludovici -46.5920831976509 28.6354386759183 8.86469465971377 -14.7575051280507 -11.9228056162171 2.71483640241629 2.62746603069744
Suncus_murinus -15.9982872822667 -25.0521423430057 43.3054239718214 -8.22948354779358 -2.7710054473089 7.97445110801662 -0.815323374629978
Sundamys_muelleri 29.3605715141323 8.77467236348991 -4.12498971871502 -16.4572991720456 2.43866943629193 20.4437293899665 -7.07040849582684
Sundasciurus_juvencus -4.90006448717203 48.978322188218 -3.16170652521 -7.29116391829048 -13.9042244609987 2.15601263137115 -5.44423668647934
Sus_scrofa -76.5865863431722 53.9254883107977 -20.6791178003252 -6.17233602584375 -14.1561883779963 -10.762611799504 7.46142652735241
Sylvilagus_bachmani 8.84091514392261 53.2424790016173 -27.5560925473061 5.04345764267331 -10.6225582721844 0.573962310404277 -2.52018467066174
Tachyglossus_aculeatus -70.6861373279574 -28.2716290189981 -5.7822806724205 12.3531556217305 -22.6435064830063 -18.2428571522332 9.60266591402716
Tachyoryctes_splendens 0.72286910548358 -43.8819456714455 -6.37839760128303 -8.77709218735016 5.77234429356419 14.0938713431899 -11.9050172214479
Tadarida_brasiliensis -54.7681121700122 -13.8321462078417 -2.70232893680241 7.4380210695942 3.70296069388663 15.6913029577213 -2.08940005309057
Talpa_europaea -23.3266717116619 25.6658556463107 27.1418074401989 -0.796022960835276 -6.53683215979855 -0.873003473430696 1.1402529491783
Tamandua_sp 24.1812604822617 -9.14503849086406 -1.14099337840934 13.2638814033082 -20.3652934951926 8.55921207591441 -7.75664115672642
Tamias_striatus 38.3069624226448 21.9462829848219 -13.2641685984392 -4.51467442909983 -5.64484389527335 11.9315640762807 -8.48813182063929
Taphozous_melanopogon -60.4701314423957 -30.0777272507106 -12.6899154141348 13.1829835519217 2.0595480621638 1.64551237918455 -10.9125042083054
Tapirus_terrestris -53.9783604395527 -15.6272887945232 -20.9569883744671 20.2655670667498 -8.16512290748965 25.5464367463481 1.01018723499693
Tarsipes_rostratus -3.31194758030647 -36.9068696942586 -6.09889523643597 -22.8032610079138 11.4839229482508 10.5445405652416 -7.61526752314108
Tarsius_tarsier -39.6224687652336 54.178516370707 -55.4167454451257 -17.4956635048803 0.401830217111594 7.04951140077316 3.58456507592228
Tayassu_pecari -71.2547009888595 45.3772353059111 -27.1188651354663 7.2316063990171 -11.0564461822854 -9.3774870479659 9.51601933393994
Tenrec_ecaudatus -13.5967462755835 -7.33773197095274 45.2523609360208 -28.1548923451694 -6.6404557149037 -0.377097602451636 8.70800403673815
Thalassocnus_natans -17.6061045572962 30.5368136763397 0.463840312535554 21.6189031934816 -11.7876281764373 23.933593849854 1.57237743132161
Theropithecus_gelada -55.0398438662842 41.0992467244369 -80.1686121587563 0.253784045666138 4.70908304711603 1.34745372332703 2.9602610557816
Thryonomys_swinderianus -3.25552160057945 -33.6701623792754 -31.5614352860427 -14.0418684838108 -0.541669962831089 15.4993046668935 -3.26354792401096
Thylacinus_cynocephalus 25.9421583377944 -7.84712050239123 -28.8831077057036 -14.6990831497542 -0.0418619460947499 14.7844798329599 -5.6349308225826
Thylacoleo_carnifex -17.1684995651473 4.28257600320505 9.99231760239871 -2.7691235346877 -13.5881407924709 21.4223312071718 -7.54477417947553
Thylogale_stigmatica 14.567145379183 32.9211567074629 -12.1381534377637 -6.38433770582555 -24.065831495983 8.59575891517283 -10.1984021719363
Thyroptera_tricolor -67.4233091525689 -6.2764724818508 -21.5753257990515 -7.39324538246608 10.4209898354156 14.3587674020857 4.05759365959273
Titanoides_primaevus 33.1563997357382 -14.1972595186331 5.11740584972695 -6.28586098229275 1.24668735460261 3.49435094384974 -3.08174178998172
Tomopeas_ravus -65.1896811087793 -8.31353320384283 -8.43914917411901 14.6609775528585 13.5529570991587 5.75552865657253 -4.03970895814193
Tragelaphus_scriptus -26.9991811571725 40.2662274043314 -39.8559460566965 17.5563800488652 -12.4802845204119 8.66353679206905 -6.14992806703556
Trichechus_senegalensis -162.519605688098 -5.44277152240489 -13.257168978684 -16.4570846943535 -3.23511638694304 44.8769566194273 4.03658475831332
Trichosurus_vulpecula 20.7586591368985 29.342676869982 -11.8719596456436 -10.7341531607066 -11.3450396898754 14.8341368394265 -4.41694085116986
Trinomys_iheringi 12.764107179634 13.8173277892302 5.02204713637836 -3.58082696772437 5.80427894441198 27.3860510496909 -15.9555087399813
Trogosus_hillsii 12.8519413976261 20.3335172222443 18.8648112983884 6.45277989696903 10.8043864670963 -2.82673568404164 -11.7332812298515
Tupaia_belangeri 26.5696438418274 43.4958657644995 -4.73827732187679 -6.00283790718072 -14.2962231239816 6.90312182884637 -2.36512859503674
Tylomys_nudicaudus 14.0271739449307 22.0093174787268 -6.36789537623054 0.585825471381503 1.19236900927764 18.0650378675886 -9.77727109424677
Typotheriopsis_sp 13.9561098224249 -30.5341172259122 -43.7744708969031 -2.05493966099556 -11.5140590035141 8.20344685802036 -0.0544629709678926
Uintatherium_anceps -7.67103119123263 29.9441574310563 3.11072482292726 -28.3945139790832 13.6472328742304 11.5292963873994 -7.54163345198956
Urocitellus_columbianus 15.3607503588072 35.4076471190915 -17.5150709100894 -11.9952371562642 -9.8829233469225 7.17047412247527 -4.18449957438982
Urocyon_littoralis 1.70447619019676 57.4812905403 -30.7347464961631 -8.32230680251273 -19.3285852953298 17.1147883191179 -13.052790495916
Uromys_caudimaculatus 48.0845254731315 -0.894829439810216 -1.94472655963811 -7.56417971739712 -1.7276519767683 18.6533670062814 -7.80939903776674
Uropsilus_gracilis -53.55979874247 30.2532617990066 30.3499120337564 -14.3736197067789 6.24776864215125 6.60903604639387 0.330996573624861
Ursus_arctos 21.9185357513461 17.7218420626697 -30.7479557788198 4.27063750122013 -8.3530458183348 10.5314185131932 3.36355201364928
Ustatochoerus_profectus -64.1987520891342 2.0953230011315 -24.6096312259822 -13.2782489602126 -4.30373765196552 4.67852597955871 -0.416073558608801
Vampyrum_spectrum -9.04694862889483 12.4579455911331 -7.60983395991367 -11.5250487680747 -4.13896203022697 12.8518902145389 1.71832176795788
Vandeleuria_oleracea 8.22531745522412 17.5299936538768 -8.0792955725759 -16.4621709407533 -8.18276460573571 18.8612688478177 -13.7148138108592
Varecia_variegata -35.7258141446429 30.935255685918 -28.9829404357295 2.68811155927687 -17.0609466529631 4.8517308790872 -4.8114910876114
Vombatus_ursinus -9.9000954392935 8.51014581170162 -7.29702346187896 1.1164819420525 -11.1820016048027 15.2053908501253 -3.1176971843346
Vulpes_lagopus 11.0636496572605 71.8222509887382 -15.75047811443 -11.5433323560581 -16.1937833390454 19.8304304739797 -13.4913718658062
Wallabia_bicolor 33.3371270903108 8.69859800992266 -6.68577698106557 0.692820677902277 -23.827012040445 12.5928465002297 -10.2461521884597
Yalkaparidon_coheni 9.41844761664672 35.8379576455656 32.4648723456032 -15.6892141962234 4.84228084724649 19.3744521302314 -11.9174410845391
Zaglossus_bartoni -78.8927610659548 -9.67157594569712 7.18485190788058 7.87520224159288 -19.0827534303395 -17.3602867799024 2.33407014433559
Zalophus_californianus -39.9872449432142 -6.61221738255698 -44.8618108305955 3.34168593106085 -15.0291884153532 22.2765129310156 -5.35759121743817
Zapus_hudsonius -6.95912825122836 24.7207354522407 10.2769667574442 -14.2837658781332 0.151906062602545 19.9548125777464 -15.5932461827912
Zenkerella_insignis 33.6953946416596 35.2279879754372 -13.304409725594 -4.02253750782613 6.00425561944083 27.3929662131852 -16.0771881294882
Zodiolestes_daimonedlixensis 37.0185696151382 -15.9084667709004 3.18161245763566 12.8570954061524 6.93988597811404 21.149666022061 -3.93523679865641
Zygodontomys_brevicauda 10.7106632597708 4.63354779243985 11.5873750029976 -10.83654128256 8.30527117433304 17.3753902707823 -9.8153550480646
Zygomaturus_trilobus -5.41231693209573 24.460590440442 -8.21099220671517 25.1569244749726 -9.48526955027436 12.0629439559726 -7.73650383754922
