Abrocoma_cinerea -0.254704292677632 -9.82949453237562 -19.1340433824913 -2.55828561088796 5.60210691635677 14.0411678995425 -6.02448017592364
Abrothrix_olivacea 9.91906127154337 -16.0252184497528 -7.47220585409388 9.12741448805975 17.2957123229646 23.9661811558659 -6.20315900616274
Acinonyx_jubatus -22.8171637918541 38.3129229945459 -39.4939486938888 -17.7381944934204 -3.78993821478118 -0.264498755072496 4.48871172028208
Acomys_cahirinus 20.2097874660027 4.95320686804617 -2.68618715457905 -1.35217973712486 17.0981835144002 18.9212401850458 -2.41014714615781
Acrobates_pygmaeus -28.0925827447561 3.58746545094875 3.66870070883804 -6.27330133749987 -2.59927067911745 13.5327514749067 -11.6600164931684
Adapis_parisiensis 28.8423781272814 -2.76461416941516 -23.8337813052269 -1.31680708435126 -2.30969848924177 9.76025162884051 -2.06769400127524
Adinotherium_ovinum 12.4845989770448 18.3206843116487 -24.1924507688366 -6.28049780756074 -1.93300676882998 18.9401137366177 -2.09457620096313
Aenocyon_dirus 35.5352133910948 38.5975822260644 -24.1756418090812 -2.8687863245991 -7.67023966508541 18.8119481985941 -3.59451078781536
Aepeomys_lugens -4.02874824865752 -3.61109001835177 15.943136403232 -7.15686429463435 5.1439434656733 21.0131330532078 -4.71888377825876
Aethalops_alecto -7.44597831407185 56.8811128170263 14.0107070713264 -5.0315907847017 -3.77868828004737 22.9997429311585 -12.8158342263844
Agriochoerus_sp 18.432745581977 -30.5600962748522 -12.0951890671168 -9.04917337614504 -7.75478917678864 7.70686933860565 1.60121940652299
Ailuropoda_melanoleuca 17.7401108875912 31.1690046724263 -35.0011499774405 -8.90721641879065 -6.47855172218371 -0.437313459837702 3.87771951894702
Ailurus_fulgens -30.8947943571072 34.9577726486597 -31.2436627109591 -6.67175842234726 -10.2829545715413 12.4033722159114 0.892626243167742
Albacetus_salvifactus -54.1221947461061 -8.58020593287799 -32.7466471125799 -0.164562256927433 30.0175671647544 4.98899332185652 -1.89566332798581
Alcelaphus_buselaphus -75.8219784347813 9.30146941106007 -15.443505322454 -5.94177062309396 -24.5235717207315 -1.87479151216537 0.160491965306379
Alces_alces -12.2252747349279 28.1411478141252 -19.4554761005267 26.2631126958131 -17.5945795602386 8.03353643047229 -5.05828878534622
Alouatta_palliata -23.4489881614627 38.6031550101398 -75.7488606817687 10.3796483359412 1.25371209373339 12.8118549523831 -0.734159398294741
Alticola_argentatus 21.6601731887761 1.59104980606392 -3.31954664795216 -2.69558957307951 4.75712682163705 12.3258781100612 -19.3942180131265
Amblysomus_hottentotus -118.936806831017 46.7416372551485 29.486927446044 -32.1941297920214 17.1578093029643 -5.68802702050201 9.58254871029968
Amynodon_advenus -57.9742395165254 21.4556347128803 -28.7967106636606 7.19028047863654 -0.151057065820873 6.69202567151977 -14.7922035677906
Anomalurus_beecrofti 7.98963655696606 19.6725508421935 -19.3715402082481 -7.38042577190409 -7.57393486663071 16.8493506101295 -6.70826529817259
Anoplotherium_sp 23.6764484798733 -7.66295835244318 -25.368161536197 -7.82396089967947 0.122661223593218 4.63106675051556 -2.98217879009203
Anotomys_leander -2.3896032450647 1.69495102485281 -18.7047265943642 4.44807200266274 4.3340560719349 12.7646114244222 -9.16769481634313
Anoura_geoffroyi -24.990527929668 28.5680709166478 -3.37478840607542 6.90430590412488 0.492493015020299 15.1007987832206 -4.7760339573728
Anourosorex_squamipes -38.8473806868256 21.9447872447687 43.0046114353175 -5.2860198833499 5.6734643698117 21.6669734761929 2.31907704621219
Antechinus_flavipes 24.4484201543958 15.4294042262464 18.6570291696764 -9.27531831072645 5.00399255498386 9.27712429145179 -4.80402113265368
Antilocapra_americana -55.9299458633887 60.5922850627415 -23.5636616407703 22.3321299198169 -3.95049102917158 -10.514659812355 1.06371065496821
Antrozous_pallidus -18.973592859937 -0.0691116281661702 -7.50275778013324 18.1246635512896 10.1233033014594 17.3701155079025 -6.19772884359474
Aotus_trivirgatus -24.8231989581261 59.5148380320577 -62.7466640097541 -1.30124500580768 3.91798371982048 8.95651978987071 5.62686341667559
Aplodontia_rufa 30.3098993079828 -8.89180833174704 -15.6838710101888 -0.222553389879144 0.815539728439169 5.8278088056834 -4.46866903145215
Apterodon_macrognathus 1.37226527465443 -27.7456164175157 -2.52414771367209 -10.5787447358526 2.33009977304683 4.88916734905236 -0.693668677150198
Archaeolemur_sp -21.9745542448563 48.1323400544099 -42.307970053838 5.56395458107951 -13.5770574857301 13.6138463174466 3.06230494284103
Archaeotherium_mortoni -7.399963780274 12.9008922286762 -27.6459331657616 19.0423844213877 2.97865615190654 15.0082074921833 -11.5615118465204
Arctocyon_primaevus 55.7183238474322 -23.7713449305004 23.2785551926382 -8.27379118253767 3.19836797643437 4.85846228434692 -4.0862528073714
Arctodus_simus -11.2312801316183 48.904680563088 -14.7934824703509 10.8099452051275 2.47761026731623 2.11976876942609 4.58935349182436
Argyrocetus_joaquinensis -92.5860339657772 -92.9221738998528 -50.8552558994944 -4.97435258592339 11.0501833322415 -8.40251743333322 -3.98978198450947
Artibeus_planirostris -28.5567114757863 35.854675896586 8.26841213527647 -5.15928007118865 -2.9510230238287 2.39745593707406 2.21008877835838
Arvicola_scherman 13.5891999395569 -23.7148292077453 -7.6070633566974 -1.353474139615 2.64937777050771 13.744258324972 -10.1769267887575
Asellia_tridens 5.40267266930209 37.7091896675875 -26.4235800703784 0.056045290810626 13.7494253782749 13.3017074061055 -9.70273031384772
Ateles_geoffroyi -68.0639992202252 50.3279340948299 -72.2146260941577 3.57479630467142 14.0201722858395 7.69631542616855 3.94603338620974
Aulophyseter_morricei -157.115568575483 -59.1927076555668 -69.8943769748935 -23.7415145264978 22.4672750425112 -2.80775039960619 3.95765316707357
Australopithecus_africanus -114.743650518033 52.8057911777727 -81.0014631959717 -15.2059802948027 16.2919963523077 0.487109426006706 10.1771024257765
Babakotia_radofilai 23.9101569161541 39.8321482954752 -46.9538258389199 12.7102729004203 -9.5631599108868 13.3617609837661 -0.912111986168677
Baiomys_taylori 22.1763294663293 12.7676544804651 5.59875857470359 -5.12423425954855 12.9240059096944 16.4902857855129 -9.28969981732637
Balbaroo_nalima 36.5177034435426 25.2059560856182 5.08448055811659 -2.60048000843162 -10.1090810940767 13.9254145955974 -5.17592855301387
Barinya_wangala 68.7960422010194 10.2365897658961 15.2800343055781 -13.2310274329766 4.77751730314072 2.06988615296052 -3.79991751707951
Barylambda_schmidti -49.3218718449047 -47.083408907529 -4.97634343732788 -16.6227217418109 11.5839201778736 2.30891080109937 -0.0397493310068074
Bathyergus_suillus 0.343128599314159 -5.33448116220398 0.107856533918013 5.74288083424734 10.3165827598901 18.0038479487039 -4.65209495129028
Batomys_salomonseni 23.5753913566157 32.037177226855 3.26940852666566 -0.361118137149014 13.3488658640122 24.0253486542754 -9.15950255827084
Beamys_hindei 50.0132478472346 20.9183845999965 -2.60398850072793 -13.0748477088787 8.03650733217707 19.4059895937011 -2.84061395064453
Berylmys_bowersi 30.0296609662127 4.23057772477279 0.138182309803156 -12.0177996670576 6.25523245114975 18.8343243104437 -9.57233099651184
Bettongia_penicillata -22.3863206274404 33.0261514898574 -5.12049861874278 -15.0582966453618 -23.690991247873 4.29444615498612 -0.92474544852274
Bison_bison -22.4114710851434 32.3791384369757 -22.5246313518637 21.3360223571443 -4.54715212496711 8.03930157248944 4.34063697065762
Blarina_brevicauda -22.7359484763657 19.2659979599118 38.4612870727051 -4.37970380793155 6.1334407624727 9.0502904661817 -1.57945712507088
Blarinella_quadraticauda 10.4693495653165 24.6896553858911 40.1237372617836 8.14527455497165 9.78236911698136 22.5392265553845 -1.93489273936438
Borhyaena_tuberata 42.1816264336131 -16.939631540988 2.49740001614308 6.19903690383119 -7.34489250304632 -0.766414762470818 -11.4102239029154
Bradypus_tridactylus -37.2820244557365 13.9866337554318 -12.6180935027593 19.0344865908602 -7.74564672843312 7.564253383352 3.74052999202191
Caenolestes_fuliginosus -22.5955071638482 4.80378409364745 34.5560739021625 -10.1449158577057 4.29777536337131 11.0072443873128 -4.99126311182955
Caenomeryx_filholi 27.1295017955715 34.0321551424971 -17.2070159320935 5.04636555907117 -11.1215982097117 3.63721616166338 -4.32206859315585
Callosciurus_notatus 9.28561963861088 40.0004471465782 -5.07318968301183 0.194231280018483 -9.2328237522674 6.42454247965928 -11.7561386706004
Calomys_laucha 8.96152708700232 -8.47070100822625 0.777686748933507 -18.2586530330045 8.97565071484548 22.8395806485614 -7.13294837823538
Calomyscus_bailwardi 25.3147610465097 10.7225601133891 -7.41499581109023 -6.98382935550595 0.539940451210996 19.4216564881469 -10.3500701951756
Caluromys_philander 55.7310467809232 23.8922642397524 3.31124355561542 -16.6980206316568 -15.1228792694154 6.99484453348888 -1.81647860268591
Caperea_marginata -4.10381970903008 -56.8697956411708 -26.7790576151042 -11.6451412738766 4.64764300136345 0.108209587807786 3.27614143832002
Capreolus_capreolus -30.9442739514438 38.9995203225287 -23.4413460033466 10.2266448001996 -28.3326494267144 -6.04861519465321 4.64466738372785
Capromys_pilorides 5.63686817026989 -19.6683912035018 -31.2222303500051 -4.62322024309744 3.96644071833007 12.9351714225899 -2.2975899425097
Carpocyon_webbi 57.4515772031754 64.1255308760988 -19.0593984534296 -19.1499758689145 4.79593894251383 16.1112213773351 0.565465427672174
Castor_canadensis 38.082626887319 -11.3611859657087 -19.992171660937 7.38724370923997 -6.38641693395748 15.4638153362992 -4.50259539746444
Catonyx_tarijensis -49.7427913123594 9.92996775568886 -23.5115032107178 14.7794447119172 -3.36134723086068 7.03125033596111 -17.1027203395466
Cavia_porcellus 41.7033300707674 31.7560790264499 -35.2783866010998 2.51383946067019 -11.5019605321732 12.1724101506262 -8.69919695430945
Cebochoerus_lacustris 41.9926021899435 -7.95849491772204 -7.71964954590858 -6.01282812175187 -2.49757001546894 12.8529414371115 -4.70262455253966
Cedromus_wilsoni 27.5433582597263 9.78784642424086 -19.8690883285335 -5.3613653199565 1.34947470183754 9.43457344158607 -2.87911585807082
Cephalophus_leucogaster -10.4100704332598 11.0829504557752 -27.9118243917776 10.0302838096931 -26.2667511868264 7.61312496601231 -6.91759982424476
Ceratotherium_simum -3.31734934693076 -17.947379686001 -40.4365538303909 27.8464428965753 -6.91506273719038 15.90626445844 8.17296139799155
Cercartetus_concinnus -6.13397054501157 0.741910580588625 -3.51304086526919 -3.94837382425972 -5.87284736348207 12.1183966154311 -11.2078764309081
Cercopithecus_ascanius -39.1279145267603 23.7991072793383 -78.4977024901922 -0.64084147434135 -4.16710258597171 4.70416044457779 1.87971577178025
Cerdocyon_thous -5.94721686832715 54.4016725608368 -19.710852928253 -13.1003651247529 -13.9413384136374 16.4755648956615 -8.81582533324327
Chadronia_margaretae 44.4078276510727 5.41679020505652 -11.4949531668808 14.6326178951656 0.983704265441876 10.714719131322 -9.32595855072985
Chaeropus_ecaudatus 21.9966258706303 45.7807327826767 16.5118195531604 -5.61093614689772 -13.0645104221538 8.34302030228691 -4.07048139008774
Chaetodipus_penicillatus 10.3870122771616 34.4153608035973 9.67157340452079 -0.302933465809829 12.0318412868243 26.9311389480531 -20.0942738107815
Cheirogaleus_medius 18.7181051098697 28.877167386253 -19.6988030106619 -1.18162010368441 -11.4513297189614 12.3975247625939 -0.031553601999239
Chibchanomys_trichotis -10.1181837716401 -25.6170979489321 -9.65140868673006 -1.01538191616575 -1.48958500967405 11.099721355699 -7.09870991975985
Chinchilla_lanigera 5.23019075661937 40.5618782553402 -29.2985722837561 0.366911102969596 1.8254960457047 11.388756375407 -2.7152200819623
Chlamyphorus_truncatus -125.40989114642 39.6457107671492 44.3612149652505 -8.42188080628677 15.2590908238215 13.1802937871967 1.07279024237428
Chlorocebus_aethiops -33.5399733948009 57.1099755333265 -75.3862672055863 0.231499235280896 -1.9593052355167 3.84557533476585 5.47005881581476
Choloepus_hoffmanni -20.4491334302 36.2671550895734 -4.83865573580341 29.265025138687 -4.25315634020931 21.5602573359393 -2.8010595980525
Chrysochloris_asiatica -121.045362725113 42.983203299288 30.3922374486575 -22.6156695951279 13.4872230035902 -3.30776579224597 -0.109182348413663
Civettictis_civetta 39.3986895619449 40.5647394757708 -9.68132489859254 0.368507684366232 -5.55698256195886 10.2349186735853 -7.33392788892739
Clethrionomys_glareolus 21.5527913087471 1.03852230487989 1.33650553698129 -3.46569922731564 4.97679368264516 14.7356089515603 -15.4006874041456
Colobus_angolensis -35.2222987710502 35.2308873882782 -76.4129258390457 4.9071306463384 2.3549951201448 5.30236455313227 2.66307307834474
Condylura_cristata -16.8782301957103 57.0272961009433 8.9531998702281 6.6105091823712 -0.421949914741935 1.77657503182941 -3.6318853867495
Cormohipparion_occidentale -16.4464958445919 61.6607961166329 -13.7722223011212 24.2826099240498 -9.93852584215557 18.3407043142346 3.78081259329662
Craseonycteris_thonglongyai -55.426179679435 5.43528654261068 -26.0860024661683 -13.3483670814002 20.2619893018471 23.4834336118664 12.0547628369893
Cricetomys_gambianus 38.3125872406438 -0.760999959425729 3.54664477508114 -7.34197540489764 7.27531706731872 13.3324368393398 -7.12153399262729
Cricetus_cricetus 49.4928205716701 -28.9431214044956 -3.83960161672068 -7.35907872005291 1.90649999302112 10.6149931989485 -9.30546370730649
Crocuta_crocuta -6.03697123039579 33.78409293953 -23.1773851892372 -4.31125899648881 -12.4509742501203 11.9778133602589 -7.67934337477332
Cryptoprocta_ferox 31.0320661169441 21.5617542251655 -26.5726967319614 0.355277764052377 -3.79783085273226 18.2209886101946 -7.19420663977796
Ctenodactylus_sp 27.8732431369781 25.2151221787241 -19.7788678695778 10.2244118777531 7.61622476328445 1.44593459976322 -9.84580709066639
Ctenomys_conoveri 42.8815097060836 -26.0661258578253 -23.8001492501824 -8.6643440429755 10.2889340756161 14.7571333457086 -1.83522013457948
Cuniculus_taczanowskii 4.88436060439712 -26.3962602312753 -9.21067123399297 0.14713821309011 -11.0678796098788 9.01723274285462 -12.3393724900244
Cyclopes_didactylus 13.3082461376216 -0.826232810189087 -2.14871186850344 1.28560868023236 -9.46934368725962 7.65986719243838 -3.76424755990848
Cynocephalus_volans -55.7913416941313 17.7311841054165 -15.7322928632895 -15.3879763668115 -8.6558296550463 10.7568949864505 6.48279740308366
Cynodictis_cayluxi 37.2770620631798 8.57966027790252 -14.651420931866 -0.895666186049914 4.1780790451906 13.2197812085563 -8.45205124113454
Cynohyaenodon_cayluxi 51.3063452127455 -5.81252559435238 2.25371149442461 -12.2354062556103 5.99274327687447 8.9640022822394 -5.07893221787632
Dactylomys_boliviensis 18.5010041163242 -23.5418666243178 -23.7627546864953 -7.71451953593304 -1.74644188334987 15.2839624258726 -2.94179101140628
Dactylopsila_trivirgata 35.8290313635173 38.6049505211523 -11.7901632873033 -3.95506917060397 -15.8154105052169 8.54285427361279 -1.7367829227172
Dasyprocta_leporina 35.7347876155092 25.8106254959996 -12.2588075593604 -4.85330645305498 -12.3704090172073 7.55491839441634 -6.50363853308073
Dasypus_novemcinctus -26.236213372776 51.8225714930341 28.9238845910748 -8.58278903894735 -3.13544373919525 1.27845605992272 -1.32127124252211
Dasyurus_hallucatus 56.2753236905406 17.5829273833634 11.9146665265543 -12.6230950136098 -7.64727207098781 12.6854820860417 -4.06042899662918
Daubentonia_madagascariensis -76.5345375005822 33.381634423052 -34.4574621398875 1.2785576134518 -10.9260844411742 -4.36161666549638 10.5781297965784
Delphinus_delphis -136.039829421948 -8.1856368473932 -77.9811461677704 -14.3117648753994 25.8838123015964 -1.2574575218443 5.6730450401663
Dendrolagus_lumholtzi 17.1779823932237 9.46266816555623 -23.1145000894573 1.74497119068771 -29.3978898929354 3.48931706534026 -11.1025829988364
Dendromus_mesomelas 5.3962862049463 18.2272728286688 -2.28480043593343 -17.5457663684405 10.5772654552725 21.2872411452066 -15.5770957327339
Desmathyus_sp -38.0662672709514 83.7805425870332 -1.96457377586777 0.419115907252359 -10.6769638702899 -5.94115794355163 -1.74318164623571
Desmodus_rotundus -26.7514835802007 45.3043873044825 -10.9110314293393 2.89059968270257 0.26620473617076 -4.01191203877708 6.82012141657603
Dichobune_leporina 23.0881505444543 40.419168721573 0.569571672982486 -10.390037243941 -3.9469644246336 -4.76670245498275 1.68232051910704
Dicrostonyx_richardsoni 0.417778763970015 5.17141748465719 -0.053064008240835 -17.9763895248584 -2.77881436043533 22.3664211235172 -11.8195979842503
Didelphis_virginiana 89.4141499933378 22.6043942694749 16.8794467862833 -9.45154583048371 -2.75449095472295 5.87021114058657 -2.51278551220625
Dinomys_branickii 1.49204422387776 7.60295872565819 -31.1738947715517 12.2807527120944 -7.29895065235426 9.46426732427046 -0.230232796793313
Diprotodon_optatum -70.5824589699047 -13.9805542256912 -21.4627284324925 -1.6166023177784 11.4884412545513 6.70178733588627 -2.437255446035
Distoechurus_pennatus -0.721075638074815 39.3026133534927 -1.03656219344071 -8.24988448325292 -4.18912951213129 12.7325667772143 -4.16399291992461
Dromiciops_gliroides -0.172379610691926 19.8711479750443 -4.40339528551611 -16.3006089379029 -5.31254686141678 12.5580065237152 -0.410522851240841
Dugong_dugon -92.1726025326905 -9.01788884169296 -30.1885361775813 14.1674730583677 12.0072785981843 14.263087419737 5.86383914708628
Dymecodon_pilirostris -46.4183457863101 65.7290229938938 24.0586037777129 -4.73069168493047 -0.356509867590948 2.28998839517944 -1.99144145029952
Echimys_chrysurus -2.72592293758735 20.7360412577928 -6.35196494860252 5.28539628019285 -6.89317404908712 12.7026358050579 -13.2205720072974
Echinops_telfairi -2.27517912594748 -24.4426986839824 54.6097023812588 -20.1217898595875 18.3821363420336 19.7314177779633 -4.30985036780942
Echymipera_kalubu 5.44501518633809 52.8675557182174 44.8461955770048 -19.7110021245049 -3.16983196615864 10.1436658068987 -2.59822003550361
Ekaltadeta_ima 27.1363284406214 5.57936851271229 17.4245391327626 -19.6148644827086 -11.9982030436292 9.18809195768943 -3.45902420934088
Elephas_maximus -99.360520199409 36.5242842633824 -10.0753545994488 -8.04719311750916 -10.9679306655 -0.669517927560746 16.6423652267203
Eliurus_webbi 12.5529649626375 -12.8680682762954 2.31538838132529 -16.0657596803233 3.01159674561725 19.2690376110921 -6.38965195805048
Ellobius_sp -4.45596450473873 -36.0722838615539 3.04954419164722 -1.39390226869367 4.47178055904 9.36066473836884 -8.67566554795609
Enaliarctos_sp -33.7593869656971 13.1214383089595 -39.6226892700789 2.50144428228699 3.06114735694942 29.9589422265819 -17.8602248854522
Enhydra_lutris -15.6794715988067 -6.698137431458 -32.0034687832389 10.2314741379938 -7.12879001283071 5.46640722716453 -6.25185023289147
Eonycteris_robusta 6.05751044490405 50.4141239495505 -2.77757905609085 -10.1865456536882 -13.6859789322633 11.9901001072252 -4.66018550151482
Eptesicus_andinus -54.6313144272376 -30.3454488300931 -1.84165126885894 17.685597198431 7.96875926916619 4.94681501062895 -6.86782606459382
Equus_quagga -47.414379463044 38.1423949809661 -18.3362496375014 14.9496215675975 -8.90575530671159 16.2832131748293 8.48343535646478
Erethizon_dorsatum -56.3660635103178 -25.87051921539 -14.4466394672265 15.1888583211727 1.79733165576209 29.0953933910507 8.58006188339125
Erinaceus_europaeus -11.342567518584 12.7855699831984 47.3842746504775 -16.8652382645263 -4.48149470631859 20.2769062136638 -7.28856943891234
Erophylla_bombifrons -36.989975788012 50.6377180949105 -0.428599482478227 -0.731562336388114 3.77987178464439 19.4768908196409 -7.36267260596914
Erythrocebus_patas -36.1287468667364 58.8047196152127 -77.7312362038013 3.48350681304154 2.33923822476386 -0.380676879873246 2.8038263025018
Eulemur_macaco -31.1906020302301 48.2050529488846 -36.3834328540396 6.91402995771218 -13.0449206946544 -2.36822254020619 2.02914801048863
Euphractus_sexcinctus 1.30576786492933 20.7045888367088 33.0164265623939 -12.4876014115324 -11.6737634526462 1.14889806350964 8.65278193654365
Euryoryzomys_macconnelli 58.5129042270217 6.88869587760453 -10.5557764499028 -13.6323641625572 9.49552189673509 21.0690065306728 -6.86982525017495
Eusmilus_bidentatus -20.8595744808358 27.2647628399599 -2.03369458083666 5.08068695078648 3.94520285268642 9.86844216839912 -10.1611501980019
Eutypomys_thompsoni 59.873127965676 -35.8433782143331 3.44154782536898 -11.2336597644773 2.05432023302149 15.2525914798668 -2.46440788669049
Felis_lybica -18.7762378522969 52.6863423270725 -32.7718976256655 -23.7815986758334 -6.06045640634488 19.6427083356063 3.09397025759511
Funambulus_pennantii 28.6857160618898 29.9890014118578 -16.3313947401577 -1.81598098112394 -5.33519298790234 6.50854687136645 -3.76638559494896
Furipterus_horrens -92.2994429383213 -6.71160744822482 -11.8902632532895 -3.66448071222673 7.92162350965713 7.47091462507249 -6.74284807474787
Galadi_speciosus 8.68090828880337 -30.3197454974076 39.4027179126857 -33.3874944034015 -6.44873241558156 8.44985296036382 2.36348699257555
Galago_senegalensis -19.6241907221249 49.3343839065379 -50.2621898342238 -13.5470948257687 -21.2789731040995 13.8108902074057 -3.17007159999747
Galemys_pyrenaicus -40.2140697101359 55.1147719729704 -10.9256034685618 0.754093982262177 -4.99345912306639 5.79389730173912 -3.45973535028458
Galidictis_fasciata 14.2180511314761 49.2855411402996 -4.72315157423063 -8.94876280711278 -11.6980128583289 17.0259819511093 -11.866456855372
Genetta_genetta 33.7541744402471 32.859725008972 -27.3413587488395 -8.31368518379376 -11.1486034927444 20.1524515836812 -4.25574139922458
Geocapromys_ingrahami 3.47329763179935 -17.9071086730809 -5.33475200668929 3.80484219144125 2.97175522047795 15.7852308775046 -1.43869633169925
Geomys_pinetis 42.6307083936473 -18.0251900657255 -7.01968987015115 5.45455085860917 9.887534952114 13.2186304035486 -10.0257737900762
Gerbilliscus_afra 27.4435764304911 15.4851433516383 -15.3651794444951 -1.97981921353356 3.63414810619069 27.1407630636932 -4.36290018719865
Gerbillus_gerbillus 12.3566340430677 23.22393306048 -5.31970190488979 -5.64833760494958 0.266830252717084 13.0358828387187 -12.9125867990581
Giraffa_camelopardalis -65.8311657722384 6.89263561428588 -31.2302621987586 24.6840027320569 -9.87064079477675 13.432051821526 6.12702058547503
Glis_glis 9.48134116531937 -9.62432602830087 -14.5088489923243 -10.0240926689012 0.634129996458483 21.0606923778925 -4.41659271643715
Glossophaga_soricina -24.3797454510088 37.3946478096789 -2.54325655747227 1.65383134873285 4.09720588372089 6.14035368288733 -5.60574615442018
Glossotherium_robustum -88.8860513722544 27.3202942625039 -6.07053263883556 11.3084280679487 -8.24669478350328 20.321492786481 5.0014808741245
Glyphonycteris_sylvestris -49.6514170007686 23.7462831740712 13.6910993781147 -13.1350194588872 -32.4434080073164 10.2777856819043 5.47761531087497
Glyptodon_sp -69.4406173014096 5.77423864317121 -7.27104067718487 5.64259628342517 -1.3234178677262 13.9411041312412 -0.38362240526612
Gorilla_gorilla -82.8143829213114 68.171183532847 -74.371761022437 -10.355790663356 14.9762422378155 3.72797970216318 9.93525715202225
Graphiurus_nagtglasii 2.29468371121453 23.2946304167856 -4.00732729881222 -9.06023155006776 2.67396075986897 19.5749422795245 -4.85176262284482
Gustafsonia_sp 7.43739018080937 -9.67775455764335 -18.6115939554982 -13.5578853275158 -9.48865848592275 13.0679574035111 -2.51460773180113
Halitherium_schinzi -63.8133216857308 8.16929428580115 -41.2463958960895 -4.5784838574843 -17.1882929541564 25.0705615426112 -1.45533836917986
Hapalemur_griseus -6.4755597999656 48.5756006819003 -40.8240163083321 2.42988615385353 -17.8717386883164 7.78156447565643 -1.36787482841421
Hapalops_sp -51.5230722217428 40.5440666955864 -10.6780663300142 24.4801245372492 -0.0158432416316648 -11.2106112923403 -0.247044594905264
Heptodon_sp 5.33598543615271 -41.3657962397422 -16.7443569626598 -1.173590642188 -12.6659829658636 18.2707855417387 -13.5899753085046
Herpestes_javanicus 48.5412149300459 18.1524879796826 -26.1787760380577 -2.35388833127086 -18.5815868021536 17.3416610123244 -7.55391119697859
Hesperocyon_gregarius -27.4300422917402 30.6562000726921 3.81992705065628 -1.67202781141637 16.166483337967 17.8559571767959 -9.49063538754177
Heterocephalus_glaber 15.8766277689359 -61.0589177114694 -2.54814953390983 -11.4800735790416 10.0325181214302 14.0793408033969 0.127689475524329
Heteromys_desmarestianus -1.69842015386422 2.80537290505762 8.05167488090439 -10.0515412578222 9.14824712192676 19.8732984829797 -11.9205037619811
Hippopotamus_amphibius -45.9099169554226 25.8516693292541 -21.7753814237102 20.7535192822321 1.21274409408846 16.582391691903 -6.74800758591806
Hipposideros_turpis -8.78068457435788 29.8490085870261 -36.1771233131956 3.08397975611783 3.89102421042471 10.7956648123348 1.37051603083731
Homalodotherium_cunninghami -32.7592643710046 11.5125837517491 -13.8693165544034 17.8576933094561 -6.4272445460685 8.34869580493933 3.17006534503457
Homo_sapiens -149.955189015715 31.054981628685 -77.3376947143724 -22.6196016652406 24.5070386794457 -9.71166672160136 9.74189455877138
Homotherium_serum 9.56135372062504 24.2744200332059 -34.1106139588775 -5.1454880662681 -5.27401039599388 10.8843108955134 -0.871615210186441
Hoplomys_gymnurus -7.97127423611704 15.1466987076938 -2.25451813711387 -6.48257116746616 8.59732995168637 24.6556143115864 -11.5751833502258
Hsunycteris_thomasi -54.2704823613956 32.1176183809596 -6.69436628839614 0.923887973350067 -21.0307371149258 20.4369638994314 4.6221781733554
Hydrochoerus_hydrochaeris -3.4849404137572 4.23948237329347 -33.203024723693 7.0893246128384 -15.2615224384603 18.3705003032399 -4.52039061040358
Hydromys_chrysogaster 7.21541965474188 -26.2589309641552 -16.5029288558428 -10.3248777213626 -2.70871098198376 21.0871437230402 -2.24857721636781
Hylobates_lar -65.1638558448138 33.5149794124155 -76.8812554049523 -1.65703506594531 7.29111512241044 5.40491178313123 0.773479297028658
Hylopetes_spadiceus 37.7545706938083 47.4631674550454 -19.6513515045407 -1.19726298768413 -5.47846534355873 14.2961759732613 -5.54858084534883
Hypsiprymnodon_moschatus -4.36658052720865 41.0288049379678 4.67505426882234 -11.0955961624738 -15.6291763662761 8.91955060719444 -5.41868268862607
Hyrachyus_modestus -30.6337387706993 1.16624214391562 -14.9345766006649 2.76804834052996 -9.0423598585551 9.91602302777501 4.80428650276613
Hyracotherium_sp 24.9929231924806 19.0431041630062 21.7283911455526 -14.7899513309213 0.225779730509902 0.384940520197289 3.71707718720486
Hystrix_indica -50.5497756458123 -7.88969570941652 9.4928372148733 3.92056206741882 -16.3770121819695 16.0502318316735 3.20090060244656
Ignacius_graybullianus 19.4370809872723 -38.0842930481043 -13.5529138901652 -0.320931256660783 -1.43227441933471 -3.86417072495081 3.44601983916041
Inia_geoffrensis -105.575681332424 0.265447923733227 -48.3875265099946 -5.19043293037541 19.8465403812223 15.3595397661517 2.60047081340433
Ischyromys_typus 43.4838446083441 -16.2078786579333 -21.21622674372 -15.3241516168893 4.62582443045313 4.50160038107113 3.65530724924331
Isoodon_macrourus 18.7013910085085 20.7490948870337 32.6653808720057 -24.9434491127504 -3.68533796169511 8.91061929142679 -1.20927181481389
Isothrix_bistriata 13.5791137049307 -8.41852576498556 -14.167180204854 -11.4208880303673 -1.38879857241057 14.311845531972 -12.1286300932953
Jaculus_jaculus -20.9540633815909 29.8636634132728 -27.5657889467746 15.1515989767748 17.6255853038937 20.619262859846 -15.7826447864553
Kerivoula_pellucida -83.9245863709516 25.9861667502274 -18.6166765789697 7.04929159240051 15.4544893152826 14.9860527438611 0.886867546176646
Khirtharia_inflata 96.949648797662 -19.4879210268756 -23.7927097508904 -28.0515889902882 12.8444319281554 -10.1885863285037 2.75526102945118
Kogia_breviceps -86.67017549163 -3.5628635442185 -78.672930679771 -4.05547564099916 15.2152109043291 2.01043187267425 1.41149949451641
Kryptobaatar_dashzevegi 14.6744775454895 -2.51098938306762 5.1419189014169 3.0638321116747 21.9168576610821 -5.69761282813898 2.68674898402101
Lagostomus_maximus -27.947509042076 29.5063517044406 -54.7767982434777 -2.01253233386049 11.7345527272058 6.22383427375936 -2.48502092051446
Lama_glama -50.2347690626264 35.9092376374826 -24.5237843256071 11.5333829504632 -18.6505658339961 10.5725251799638 2.11674759832781
Laonastes_aenigmamus 11.7970156192536 -9.09203070483992 -6.52628384984589 -6.58698829349603 8.48201239916 8.23305045136338 -6.56873590134037
Lasiorhinus_latifrons 18.9296973362465 41.4794981900741 -12.2110171109171 -7.36703192596095 -5.69239814788233 8.64207071259077 -2.15006434007668
Lasiurus_intermedius -73.4614752295352 -44.2505245183411 -3.56760104756192 16.3239810039941 8.76355774304945 7.7006526708119 8.06633738067722
Lemmus_lemmus 18.3855592940233 -24.1783893660995 -14.1847304338668 1.72896032567131 10.0702109632024 12.2476292814328 -11.0062902708068
Lemur_catta -37.1668296326148 39.5050974756757 -40.9789754941154 0.741581415930304 -16.0852570744108 -0.0414811965608911 -1.33056803466999
Leontinia_gaudryi -40.2779284766319 18.2226166866353 -20.7567524188382 26.3689117166056 4.34887493048389 4.4287642425918 -1.00413328063463
Lepilemur_mustelinus -12.2968552807163 24.3547010218052 -34.8197745302451 -0.245586886579839 -22.6492478931864 4.66546177388168 -1.7954385810241
Leporillus_conditor 41.7113168531173 12.4337052088686 -13.6350267327483 -7.20209735844525 5.58375057878278 20.1953380993148 -6.07666783189068
Leptailurus_serval -21.1760082068192 48.8244472625252 -24.6398526137292 -15.1437198840903 -4.04776522297252 14.1917399967365 -5.46736559070419
Leptauchenia_sp 40.2639802125413 -7.12540722248359 -9.06517404982199 3.89248527996234 4.52989902218644 1.45563826476565 -5.77117901014033
Leptictis_sp 34.335956943722 -12.0107400208832 5.36371727674869 4.41905960145507 1.88278121151225 18.8477487020535 -0.187872088758343
Leptocyon_sp 35.8073413688262 10.352999153067 -18.7782368814242 2.31911925452462 -8.09776057452936 9.05219700809085 -7.93136551873157
Lepus_europaeus 8.75246968220658 38.6508266648122 -26.7564039400993 9.0375118800809 -11.2458868835232 2.43516042695717 -0.48667149578087
Lonchophylla_robusta -43.0502519337511 5.50916634625136 2.02770366482788 2.78800506272559 -20.9646095352038 11.0916024871975 1.76876795515402
Lonchorhina_aurita -55.5320506048936 15.3264383357687 -13.9358072558085 2.92409558901002 15.7715573378984 13.7410103503954 3.03295764699164
Lophocebus_albigena -44.2631996241729 30.9553283218407 -80.9607117495971 -0.404928883236388 1.95896206687268 -1.752562117405 1.55376322263371
Lophostoma_brasiliense -52.9261284646274 12.1182200198805 -17.1885401972722 -9.77554626951554 9.43858769089036 13.021959456747 10.1242642869101
Lophuromys_sikapusi 14.0728910321946 16.2090797030221 15.6379054622942 -5.1040592752493 3.32935019159276 16.8631718436728 -9.59186677811111
Loris_tardigradus -47.7397126180527 92.8943403250225 -43.7511836490114 -24.49370210888 -8.89972187575068 3.49221779981325 6.62980193244261
Loxodonta_africana -98.8630139121667 -13.8681011317966 1.39608964389647 3.74368261692491 -15.1520086327057 -1.52236170662554 15.779157656534
Lycaon_pictus -3.69043257240846 67.1488037984577 -32.0378805917838 -3.82583305922231 -9.71749349193061 7.53709389720388 -3.01591559740995
Lynx_rufus -4.31872869806454 49.3241773883405 -33.9937123038584 -12.6640811444691 -5.48091933079157 18.2650891870097 -1.25070803982931
Macaca_fascicularis -35.3024739068153 45.1272726561149 -76.2028647423335 1.42181220218476 -1.33098802189589 3.72377377072601 1.32409449600577
Macrophyllum_macrophyllum -55.7849245760589 0.823735388756478 -20.1765771095788 -3.87459181016034 0.438781806260483 7.92120097073136 2.24678499149642
Macropus_giganteus 21.0085101950002 8.6815450369832 -15.3560963547367 2.128649538746 -26.0512738797206 6.70744686476848 -3.73191409223563
Macrotarsomys_bastardi 35.0418219148404 -8.3042407352445 -3.08351899840277 -9.48639325910768 7.74664821113428 21.2905477507585 -3.10584200517743
Macrotis_lagotis 43.0499757240204 20.9435688579274 20.258530477701 -9.02684562655832 -2.64527568355946 3.5700621452978 1.32330215392591
Macrotus_waterhousii -55.1980145833827 -8.6986927917822 -9.15805482481986 -9.38607550260697 -5.76218206270976 8.2101570193431 6.52499364207159
Mandrillus_sphinx -44.1135626282835 26.2644981115637 -80.2230300413465 4.42425495579464 4.94836097163246 4.1248201104987 -0.346456461568117
Manis_javanica -52.4626494137318 -45.5926883644509 36.4609025659751 2.6748388848587 -0.870542516954763 12.9420175958815 -5.37600626162499
Marmota_caudata 22.7101754089 23.2591460743466 -24.9369173396311 -5.35329753383723 -14.3926320777632 7.50008654466282 -3.78580848980386
Megacerops_coloradensis -57.546679329564 38.825741542391 -5.66265501652768 16.3595797955866 10.7655953305679 13.6792742699863 -3.36172039450134
Megaderma_spasma -39.2053103703524 -5.10707577939777 -23.4998501015643 -7.3942558382628 -4.64542041361739 10.4044113467169 -10.4354119205929
Megaladapis_madagascariensis 72.3894544483418 36.4037865685558 -41.3975769070725 1.65057037032286 21.5799603499965 24.0809974515328 5.70395921532011
Megalagus_turgidus 39.6964386146618 28.425942490656 -11.8863881532122 -4.54503709266412 6.7813839804758 1.10136477766968 4.09232065466527
Megalonyx_jeffersonii -72.6660713538821 46.334871697293 -8.65211239331756 24.1693225599362 9.96224308394168 8.77364088901594 11.4498681050293
Megatherium_americanum -64.1130212326828 32.7652797138464 -9.42602281805099 12.5845497264141 -3.87347530175761 7.3823173181865 3.26385451496863
Mellivora_capensis 5.21455891529763 23.1238507802519 -23.0721528364359 14.9095972652182 -8.26511446314508 9.00900943728118 -12.7566740825404
Mephitis_mephitis 55.9563312430229 61.7496184325099 8.5684775264975 -1.7621691788401 7.25741542144437 34.2916747196319 -15.8200383482491
Meriones_libycus 32.1706666848214 18.0783192798581 -12.9774016661137 -0.670677632726996 -0.154316796147553 19.3539099625978 -13.6875255169145
Merychippus_severus -18.182966746113 48.6579657864566 -18.8774386471955 21.5021664910442 7.6858250594559 18.7595250072569 6.40264647067614
Merycochoerus_proprius -7.15895525067328 12.1361083253501 -19.4325428250181 1.21686308730834 -1.14601515405466 7.28805832890759 1.50220497011955
Mesatirhinus_junius -55.2845252712095 -38.1684521980969 3.33351795399885 6.1465662223356 -3.52754987258722 0.851560966259634 -0.405046007985084
Mesogaulus_paniensis 7.08441354318082 -12.7996136287709 -6.86954221914542 -3.38495599675926 0.910917593613774 6.04143952961062 -2.83445818484174
Mesohippus_bairdi -9.48017862473267 31.0960112142716 -26.0075897097967 1.08852172655135 -11.3468599891483 18.2499101457083 2.45215912365483
Microcebus_murinus 9.8972717555892 49.0318656370687 -22.8789741610717 -15.0827298561719 -8.37953637150527 12.6079574497457 1.95482529220334
Microchoerus_erinaceus 18.3602475706706 30.818776521304 -37.6154257675577 -11.3778224472318 -4.30245252387885 11.0955698676647 3.79289778808522
Microgale_drouhardi -18.7077797409948 12.5758129152763 39.6909420969226 -4.87454998530709 14.7878417338591 10.8231805326879 0.905226526530274
Micromys_minutus 5.72089130719214 25.7811902079097 -3.03124865912123 -3.03742287003881 4.78356175754535 17.3996070848006 -6.01875657406562
Micronycteris_hirsuta -27.7844674719809 34.4383821918325 4.63966031604781 -8.43806878521488 -6.99118852675895 4.29530791194578 10.0411207051189
Micropteropus_pusillus -5.62900609240949 2.08043200956177 -1.22170417234493 -18.5468545711788 -5.25075274189502 20.5046333732391 -9.61336139703695
Microsyops_annectens 19.8583270319149 -15.6891622106601 2.92451113324083 12.0240532663035 0.538031994153767 0.207926654303045 -2.6595874286939
Microtus_yuldaschi 28.5715774842529 -26.4776389248963 -12.4749212450628 1.62681823890966 8.01105566113533 1.25264342054646 -11.4182660188539
Miniopterus_schreibersii -53.5971037905514 -1.00964897427836 -8.54857861444761 7.41736167459913 9.15950790655949 8.39742680352744 5.72256979109341
Mirza_coquereli 4.48564054850676 55.9132382185994 -23.6999842284095 -2.73868173337074 -4.30619841186581 7.01886977776996 -0.0206107659819003
Mixtotherium_sp -33.7455354805227 -13.9011288003493 2.24850874123606 19.612408970872 -2.45231640721504 -0.415712393999166 -3.34203044585798
Molossus_molossus -62.2679927426909 -24.3130460173949 -6.1053986851265 6.16695912342848 -3.20367342453769 19.5072065557463 4.32367652630123
Monodelphis_domestica 55.4412413773079 -31.451325091558 8.83545621333071 -16.7040429771929 -0.875460450696262 14.4836251174896 3.80553253103963
Monodon_monoceros -136.761094871089 -8.37178072708398 -73.2196085884172 -12.2630560506664 26.0431365854443 -0.20899902413547 11.0412755981531
Mops_thersites -37.5312124292454 -6.35598423399647 -1.61142221872645 8.5962234095698 12.0871754681764 10.4945409494111 -3.66546453340698
Mormoops_megalophylla -122.402828802633 -5.06046464119448 21.3431528068122 -1.79778557762239 25.3842466913307 40.0849568945643 -11.4511452766351
Mouillacitherium_elegans 25.4351684388533 11.9043355752772 5.33086199931742 -17.8570778844932 -8.43996508131807 11.8068378335551 2.31375937215609
Murina_cyclotis -71.1081071890017 45.4700360526031 21.2277123105118 5.28260675504868 5.33247270778818 28.1013207696858 1.48504781497738
Mus_musculus 33.8862080624399 2.58347007981917 -0.48278470053868 -0.980344735744475 10.403599992212 15.8705501996121 -6.46719288556949
Muscardinus_avellanarius 9.63794193756413 37.2018268821177 -9.22685672176559 -14.3405104010014 -1.15462263078759 26.9546439616293 -1.114004255806
Mustela_nivalis 29.9847188235724 -3.19281616018773 -13.8603913917421 4.6344092610007 -17.8466910076597 23.5305703854002 -9.23452180702884
Mylodon_sp -102.415074767904 46.6085129007376 8.18908395245447 9.51153386392256 -9.80827637977068 -0.614949209900597 -7.02618675263594
Myocastor_coypus 43.0125555976711 -13.7759878536326 -19.6862103546226 5.06351760095631 -2.46701233105847 10.5458850733956 6.51259050766317
Myosciurus_pumilio -19.7400085594528 53.4631700626194 11.0894218251875 1.97125411810148 -6.65393165254412 5.10533329663444 -4.98491289470824
Myospalax_myospalax -21.2750287969395 -1.51690199651527 -4.68491324141056 -5.21166755236416 8.77001153859285 13.2901724295932 -7.40052858224529
Myotis_adversus -70.1290894154426 23.8254601129919 0.441628468739991 8.21086495694088 6.25334091722949 19.2488478403747 -8.89781721060917
Myrmecobius_fasciatus 8.31684032321492 32.6477099158566 15.0453811529987 -8.31579544082839 -11.1496194739514 2.58043353794908 -2.09922504596777
Myrmecophaga_tridactyla 43.5575777439815 -23.1249193062992 9.37925228086035 8.22490251010442 -27.2343065469902 3.37647944153565 -4.04895353566501
Mysateles_prehensilis 36.498925424109 -2.73123981125742 -21.1915521765685 0.748824334874673 -3.87655594358011 14.1083269364452 -7.31065278581329
Mystacina_tuberculata -83.4966209162001 5.55191586832966 12.5907019657824 15.9960306965648 2.2725778797655 13.0642681986442 1.91849782324134
Myzopoda_aurita -65.4421224661133 -14.1635524119269 -15.821264154237 0.739894840929216 11.8005573786743 9.42673436871654 0.184690768442329
Nandinia_binotata 41.3828295621034 47.3015047955478 -22.7871578534432 -8.73395554914476 -9.98844885007968 17.9277146313415 -3.36124622439548
Nannospalax_leucodon -4.21880475721318 -2.96329555057333 -10.8801368490768 -10.6673032716854 -5.69117350784895 20.0569439622871 -13.2019525762929
Nasalis_larvatus -24.9753052548717 34.5410502324648 -74.1307626884919 3.75154204879597 -3.63982896314789 7.12535221630255 1.50956576349248
Nasua_nasua 6.78968321700239 66.3287177838698 -23.5208698019044 1.90510642981813 -8.32365195813268 9.68531224983227 -0.957439805877809
Neacomys_spinosus 1.80060976151323 10.7242582834365 0.791622010164232 -5.62688368521619 3.97695340497354 20.4733669973487 -12.3217285083784
Necrolemur_antiquus -3.93814611923363 49.6579953104797 -38.7630017757749 -14.9639124487752 -3.17167023861339 4.98502403816823 7.56833604964
Neofiber_alleni 27.3415198429462 -5.80855062377346 -6.33819192712783 -10.7835545828454 5.50783398491082 17.5417709166334 -11.5163579780656
Neohelos_stirtoni 24.0927117242221 -24.547791439597 -8.15948860328023 4.09132870099276 -4.25540113235324 19.5374966080727 -10.4793189738076
Neomonachus_tropicalis -72.6153152499575 -33.4461365031576 -51.8807348717769 4.39836633770365 -2.61342315910076 27.4478677951849 2.6527535654043
Neomys_fodiens -60.3969881728911 -14.3194098909465 21.15220988988 -6.64262420717407 1.41979498121539 11.3208580830724 5.30972949435023
Neotoma_lepida 14.0456822792205 27.344307933156 -5.58742511465665 -4.15022186066292 2.76847295833577 16.3606771158233 -7.21220856728233
Nesodon_imbricatus -10.0781651327176 2.43512715240362 -29.1184463483305 -5.53145933670458 5.31135659243243 18.5652890369867 -9.8449689266144
Nimbacinus_dicksoni 73.0435158428054 -28.4220567562668 14.6698717357777 -5.4422964269518 1.77703473301162 4.46471302652699 2.38534385140679
Nimbadon_lavarackorum 47.8137234794321 27.8933900732119 -2.07629375585365 -0.696020682771046 -1.30494291160733 8.376848180285 -2.34199956054551
Niviventer_rapit 20.3099692792758 13.6548186232211 0.709461256369177 -6.50816095874805 3.84781256820513 20.02844185916 -12.315777800379
Noctilio_albiventris -94.8311318048296 -21.7770310616 -6.65151386182755 11.5886187537901 1.06303164025646 13.9633411505855 4.14743769384696
Notharctus_tenebrosus -12.6524079575699 -21.971944003637 -26.6439656566536 -5.2828713884241 -14.0696761738364 0.25564775841385 4.83141876462277
Nothrotheriops_shastensis -58.9557495339613 36.7848177404062 -9.85796449261479 13.6709789323923 -1.7466805395784 16.9622166976144 -1.13553268179022
Notoryctes_typhlops -53.4416480859797 -4.85756341205377 42.7590570787029 -22.6764567910716 6.20185612320521 4.69563501314308 11.8848139154829
Nycteris_thebaica -58.0444973565912 53.137709193138 -29.526074357418 3.69569578610371 14.6155808943591 3.98414853182104 -5.48325723593018
Nycticeius_humeralis -75.2613679440807 -29.1186134829932 3.80737300069234 8.00396460075941 13.5998812831341 12.4365138901726 -7.58962571062403
Nyctiellus_lepidus -25.787453690692 11.525789750162 -7.13389432560192 -0.13659627033771 19.2680375012839 1.13238745483877 -0.763726673815585
Nyctimene_rabori 16.80366883841 53.0151817932327 6.65817496871062 -16.6751798740025 -7.92122660653746 31.2112882360767 -15.2622652060715
Obdurodon_dicksoni 16.3204970922413 15.5802927988621 -22.1050741737367 -5.58634444237889 -10.5627212924006 1.19011745707469 -1.79592850189569
Ochotona_alpina 43.2024504461205 3.22697758137534 -30.0988604847026 2.42623168328564 -3.49533421722427 4.14390299856487 -8.07341012263515
Ochrotomys_nuttalli 13.6449912038906 8.00427352242852 5.31686112128732 -7.19263460842387 4.27044077280301 18.7157135589692 -8.15395923642086
Octodon_degus 30.4932617025622 4.27885039739245 -11.8177482579673 1.08028024011886 0.407807495905673 10.9747565859794 -9.31415201400759
Odobenus_rosmarus -123.651692730966 -25.027339194023 -37.3135184470211 -21.6333391241957 -2.17420589208234 24.75156824546 2.36486925702843
Odocoileus_hemionus -12.893098914246 51.0342587424685 -23.6866076369186 19.6700129130276 -17.132085261003 10.5052886913662 0.919124129549155
Okapia_johnstoni -30.6396963760203 -3.87126244989057 -29.700813258655 20.6625118413189 -9.59727674384044 33.8756987364717 11.2569048268074
Oligoryzomys_flavescens -10.6518738158317 24.7567161454776 -1.28269496304311 -14.1147222681633 2.1954184542096 18.2795249907358 -10.4198167114679
Orcaella_heinsohni -113.158649572758 -36.2337289275853 -72.1653214732935 -8.7183105948972 17.5303169952415 -3.07766560889105 7.19631315379858
Ornithorhynchus_anatinus 0.0479642284405871 2.77104778701586 -23.3673363222578 9.53773380324569 -10.390224934757 3.88887275562629 -2.22463419280984
Orycteropus_afer 38.305731029275 16.696422013799 2.15185480673808 4.28022697270492 -6.31244289834587 -0.557012919534004 0.13438797040051
Oryctolagus_cuniculus 12.942454364055 30.5796831719436 -46.5415559302757 14.213821589687 -9.74745617923415 -12.0655665719757 15.4103029555619
Otolemur_garnettii -0.0726152202541066 63.4952658186173 -37.4816013713598 -9.95212424976902 -15.6202212091227 3.86107281975929 5.86247590070132
Otospermophilus_variegatus 41.1350383864833 8.8708300005594 -16.102925959182 -1.36427836890744 -9.32099547206744 10.199109213028 -7.04142213120597
Oxydactylus_sp 5.7772818929665 32.9510027407756 -26.559124877806 16.2740993701054 -4.18801472871309 3.3937364985901 1.67895246173511
Palaeolama_sp -25.1019352381226 -18.0321213735667 9.50842752574855 27.2417324171512 0.107777116150111 5.02280221006795 -3.63909549051175
Palaeosyops_sp -26.9365684911725 -26.0619488527748 -20.0241786554938 1.77295908490107 6.28935546755472 6.08418928194289 4.53174297069039
Pan_troglodytes -94.2080121924403 40.8274908326722 -76.9094268683173 -15.3089689392302 6.75660975886781 1.37242100309436 3.97857335851563
Panthera_pardus 8.77674401929954 31.7639659966921 -33.4476413863302 -6.14697703021468 -1.06945423891932 17.6166212492233 2.97215751279349
Papio_hamadryas -48.2826615863327 16.3711382781192 -77.1708481010564 -5.8026636362724 -4.39368357361838 0.849499895113763 0.687930147584369
Paracynarctus_sinclairi 33.6989278337581 33.8419472816215 -19.3656833529033 -7.52567890568747 -5.59725976636071 12.789563929993 -10.9697535561583
Paramylodon_harlani -58.9787755162729 6.37661135548307 -21.4973155437367 15.164907887732 -5.42509149027013 9.63520764408418 3.51743809161727
Paramys_delicatus 42.6271846475953 -21.6194311328718 -7.15791409954394 -1.25728758578232 -0.210610937151673 10.2087170602769 -8.85312211521344
Parapithecus_grangeri 15.9760962064068 38.5252336599472 -50.5712359484904 1.03019704754076 -5.12589593327947 4.39605285342733 5.98103042650332
Patriomanis_americana -48.5030307073124 -47.7754638473762 55.2583894703184 -20.4695091762803 -14.7097992327192 13.3111697355515 -14.096909897337
Pedetes_capensis -12.7635689294272 39.2677300554374 -22.2481274230213 -4.98060399490531 -3.7013848130466 24.1163633519248 -2.86066517379016
Pekania_pennanti 37.0033814104776 36.968393935233 -21.1066922992594 3.50060083452462 -11.6128526384342 19.2722927918665 -4.27363549518433
Perameles_bougainville 16.9806837891662 34.4964912666024 28.9095553981051 -19.2347564215644 -3.68657722169329 8.05223000913463 -6.06667514738782
Peromyscus_polionotus 20.5638783732886 2.53418724541815 4.74631278934969 -10.8990527528131 5.98275902668218 18.734220135601 -10.5625015591974
Petaurista_leucogenys 21.7647653484001 29.1892383281643 -33.178392029666 -3.97161864701458 -5.30771884947478 11.4116534974589 -2.00323741990484
Petauroides_volans 6.52723498735725 -1.08002066753489 -6.59396533232438 -6.7051691248614 -13.2676863105301 13.3446092427663 -6.47069133295533
Petaurus_australis -3.85168463861899 8.29501761011508 -2.13835736460527 -10.3714569061094 -19.5387485692616 11.755219989193 -4.66411672682527
Petinomys_setosus 31.402431270598 39.3134108435787 -16.1949222580707 -5.84531083289284 -1.46008234180704 16.5997108558735 -7.55170743116522
Petromus_typicus 18.6408021430798 -8.05994272685117 -14.8113435062243 0.480354909129287 4.94599634087881 2.23221393524599 -5.31068189607835
Phacochoerus_africanus -102.316847676757 41.5065267568959 -19.1393461021661 -0.114740401119239 -7.12696712183359 -12.8852502012995 12.8145329854001
Phalanger_orientalis 49.3982314992197 13.5237673772434 -9.90776228614925 -11.4933179916337 -7.16258314945198 15.9128545275889 -4.7246293559698
Phascogale_tapoatafa 33.0153017769093 34.8100053190993 17.9446739430619 -7.55564412673044 -3.34075950591294 4.30032345738593 -3.62370076899698
Phascolarctos_cinereus 8.26098817020233 21.5543845771351 -16.3947025018276 -2.98222177913576 -25.6043261765593 26.4099664808252 -1.33285456415161
Phenacodus_primaevus -25.6994475166705 -36.0510225722586 -14.2778417107555 -1.30627175485263 -4.44090023219139 -8.72543583403389 5.59892768283918
Philander_opossum 65.780310929173 33.4465581021707 18.3219544817916 -17.6341643093066 9.97898442947903 13.6731666556228 -4.63756950355865
Phocoena_phocoena -164.816366261785 -35.7983736007608 -72.1574323663108 -20.3946712034149 27.9506165221165 -8.81316545361398 9.83434762167663
Phyllostomus_hastatus -43.9233043431521 -4.30053988577388 -3.94929155984807 -8.39281353426258 -32.8395602587921 1.38811754752989 5.33436242479463
Pipistrellus_hesperus -57.7812845163069 -44.3000793706467 0.570946229545869 14.1277389082912 10.3616894167275 6.08040428445027 -5.01502866566205
Pithecia_pithecia -52.307230565442 54.2821869140232 -74.238857341141 2.8762596695902 8.8376421052142 0.419151289810165 2.39068515295687
Planigale_ingrami 4.63377395732432 -30.3605412528858 23.1461728366036 -1.48341287340408 5.12539995850072 6.69092839028787 -10.7307424970342
Platacanthomys_lasiurus -2.60216356181214 10.9412382794148 2.41427387405189 -8.73745623282501 2.29089730658981 15.4238441205905 -6.13415592989484
Platygonus_compressus -81.2806720402991 41.9119603219634 -22.145434642083 6.84639013644537 -11.2949311663895 -13.7629644985965 12.7227123741305
Plionictis_sp 39.9614368239369 19.9051532930868 -14.5628589716674 -6.45733314309183 -13.8850400608164 20.8369134930125 -13.0528453528144
Pongo_abelii -158.082729923783 53.5241990274402 -85.3406530668324 -26.226355533224 23.3641542083592 -1.35222905494476 13.5038155342785
Pontoporia_blainvillei -109.561335295793 -30.2083637319479 -76.5304780187519 -10.0682751318869 15.3917847143912 -2.74201313694038 3.98361049932242
Potamogale_velox -11.3162575770773 -25.5296111484331 -9.5969433756977 -5.75027802657289 1.03610764856707 19.620600059307 -4.72890791537127
Potorous_tridactylus 9.11031728384138 58.0071662134291 13.2516348267782 -11.2544259584581 -19.7761963174194 8.30309793788663 -7.3299772192848
Prionodon_linsang 35.8789431160586 9.14568562383699 -26.1729024064358 -5.60799614573923 -7.10119646938443 19.1055932687034 -5.9697270036156
Procavia_capensis -5.54083184046469 15.7568970230359 -29.875221228636 3.32219918742727 -20.0185495829276 10.0648719616437 -13.0585474146445
Procyon_lotor 13.4631038299802 51.7695057092151 -22.1499746702018 -0.756797248891212 -5.30633772447808 12.997836601595 -4.95773082772042
Promartes_olcotti 4.48920386800135 62.2122947485295 -9.76399987949075 -11.4218540819314 -1.85348555186827 25.2730589669328 -3.66268966177654
Prometheomys_schaposchnikowi 17.5032054474826 20.9258770185782 -7.17858323132833 -10.1322787478224 3.85623588218437 16.5340347820508 -7.99025632950957
Pronolagus_randensis 37.9657981946331 20.5890826825478 -36.7525339904635 -0.999061365429938 -9.32014918400651 -0.899149924771273 -5.26254047576466
Propithecus_verreauxi -68.1028715796068 57.9541400647494 -46.558282938711 0.569252773544705 0.12077453311098 4.38975579028023 2.33716793874882
Proscelidodon_patrius -54.3772429790676 28.1317827496643 -1.65520153868025 24.3619570761324 -6.65917574484905 9.34685259300559 8.19138184618108
Prospaniomys_priscus 21.4503033665467 -28.1741213197018 -15.2590448710016 -1.24202860695155 -5.37829232726757 15.5673734884619 -5.40997920598021
Proteles_cristatus -7.51450793639923 3.25623420649744 -19.0303049485043 -11.6447053232651 -5.4054098542549 15.8037291057261 -2.23720677161721
Proterotherium_cavum 0.667762789065989 18.7279386660811 -36.9447025653518 7.13851661357535 -8.41785277780752 6.61063609918176 -3.04357281913259
Protocetus_atavus 110.031617963335 -14.9778510141291 -51.5238778436198 -29.8406280219369 33.6870224252946 -16.5755466617849 3.51886250938212
Protosciurus_rachelae 36.3008709325159 5.32459675633026 -9.28170882308134 -4.06648281912685 -3.05421161190733 12.3863975982807 -6.98944008723918
Protypotherium_australe 11.5953768868955 28.6447455799252 -15.6922833046916 -0.76810184633993 -1.09350465009241 3.02793237848528 -5.0984133456121
Pseudaelurus_validus 58.5058464476474 34.0217169783861 -33.9270862133721 -10.2294132393893 -4.74342132674313 8.73905571313777 -2.23025688332808
Pseudhipparion_gratum -40.5678772725748 58.7799449391673 -18.6945271667373 21.610763293696 -2.45812408660174 9.80926533297909 -3.2822714053978
Pseudocheirus_peregrinus 17.2630448477308 -6.15046575464967 -14.1575786962295 -9.84181728478983 -12.5683027505723 12.9130503363776 -8.58799836542259
Pseudochirops_cupreus 12.2983611438152 20.5158312247436 -17.177746531167 -4.50343031957702 -2.62953569199505 17.9758216692467 -5.74752104637067
Pseudotomus_horribilis 60.4841490043528 -12.9452424830076 0.825566070792861 -2.22292270509728 3.5040785690657 19.548095640735 4.66311628752376
Pseudotypotherium_pseudopachygnathum 27.9167408407373 -1.05877776526866 -23.2922560905306 6.37240223566518 6.55750258074299 13.3900413776392 -1.11458975794459
Pteromys_volans 7.94196899814384 20.5763399654389 -22.9851942383707 -4.9512066046691 -10.5544204090334 22.3161822753588 -9.29233892631018
Pteropus_giganteus 26.148061405241 47.8189330389401 -18.099381290409 -4.35781973254725 -10.7674123095219 14.3897952937871 -4.33358103231871
Ptilocercus_lowii 29.2765071262217 24.9808633746934 -0.497686441692626 -0.0851715846774189 -9.25188688465173 13.2414127593522 -0.86700680278735
Quercygale_angustidens 21.9186511743309 -16.1995479939319 -4.53311477842667 -7.17168356213079 -8.46181075499328 15.814602750727 -9.41631488962904
Rapamys_atramontis 40.5000168903778 -1.60616236205013 -16.0535469830046 1.58853763371984 -0.621204093768783 3.59470030637803 -5.96597121964758
Redunca_arundinum -33.7633578390177 11.0696983981088 -42.6806517687716 8.80714162519938 -22.5598805537381 3.9954120818393 -1.98139714813005
Rhinolophus_affinis -9.03780695809354 24.2582098916523 -41.1869214091493 11.5590535015859 33.5446379381012 11.6519478565525 0.449643943554281
Rhinophylla_fischerae -38.7127564751888 37.1708693273574 12.4592891562314 -9.77073769770814 -0.0999904250776687 7.31757948749464 3.02426793863276
Rhinopithecus_roxellana -66.782857714217 51.4398556016592 -74.6436401879934 2.66152371600679 9.85138096552558 -1.33891863570472 6.3996433724815
Rhinopoma_hardwickii -9.05360133066912 2.93120234503879 -22.2924135563963 4.98586757752743 18.2022578621861 4.62117233325599 -6.93614376224963
Rhipidomys_fulviventer -2.53309502665462 1.23660353758249 -9.32702353127454 -11.739208849844 -4.74547322998012 17.4865909437648 -7.79971429095076
Rhizomys_sinensis -1.58585091797989 -43.2507807177369 -8.59691902806804 -5.32994890552259 -1.10652612053647 7.08051365576853 -4.05240665810042
Rhynchocyon_petersi -2.83699342827733 51.7912692635931 17.0624950628123 -8.38639387824428 -9.97727685393645 2.61297424007969 -2.38563306551608
Romerolagus_diazi 51.8993748938791 47.0832505317734 -28.8273856655465 4.16312436322186 -4.05173879051383 6.63420243121547 -0.212212067623403
Rooneyia_viejaensis -0.72443807474118 42.6544116862894 -38.6376915820904 5.50630962850285 -12.0268213998106 1.87760505525767 3.209229339213
Rousettus_aegyptiacus 8.32498552717928 44.328484924782 3.92367637607867 -3.25814737898888 -10.0144792509793 15.9366280759142 -6.74530175451038
Saiga_tatarica -35.2169060417806 24.3317818142463 7.12993084355766 13.0832403660627 -19.1526599561268 20.0879283945113 -2.35789229192958
Saimiri_boliviensis -67.5234045935295 51.8076635329591 -76.9907220764103 -1.7184997393367 3.38517364772136 -3.0629941099735 6.4588948688593
Sarcophilus_harrisii 27.8109120739707 27.1127561176872 29.6616218113243 -12.9757755735007 -3.65374498630995 12.8863438908907 -9.39252209561865
Scalopus_aquaticus -0.0683754115565838 0.669146265230459 1.76075335633532 -1.41860201407932 3.41034537235316 29.1040411247355 -18.266438426584
Scapteromys_tumidus 30.8843204982162 -4.38915568097965 -0.0965579422295296 -9.72061524841141 3.60417986057772 14.3832401785037 -7.88465727197196
Sciurus_vulgaris -8.40479437957842 15.8928241583902 -9.70820791415353 -4.16593892426738 -14.0671728978628 6.08137859904781 -6.54406028715321
Scotonycteris_zenkeri -16.9380834403745 45.5716717760935 12.5026679255438 -4.80738532918903 -8.60080999031048 16.2231324521859 -16.8875165664605
Semnopithecus_entellus -25.5228189283958 28.915102952205 -67.9208550235218 2.58788134912638 -8.42079882232321 3.35568025455916 -2.40166884229213
Setonix_brachyurus 26.8342684788844 35.2777210859155 -18.3936547950763 -3.57009554371131 -21.8768203282668 10.19214178827 -5.05584979536886
Sicista_concolor -9.97699785120795 19.2432597078693 5.59630898318947 -8.85197910983859 1.92759213085923 17.4778860886432 -13.150918865424
Sigmodon_hispidus 34.635941093802 -6.44174908926055 -8.36900703630798 -22.0966165302119 -1.45462590378623 16.1349306497984 -8.98519785650352
Silvabestius_johnnilandi 47.4053347142401 18.3031334896656 -0.346683826699174 -12.6791091251595 -6.16017598368 12.4110332854529 -5.54308937085075
Simosthenurus_occidentalis -19.5989851119279 20.1727108375861 -8.17673670214003 7.69046279839387 -2.91379947437223 24.2533497163461 2.56640565165199
Smilodectes_gracilis -12.7060617764485 20.6553327009307 -22.1091575656439 2.77251146504061 -7.10535751418483 1.84314395261442 6.84258678089334
Smilodon_fatalis -54.4231885434897 -5.68005812879627 -28.295837484111 -0.226207236049645 -0.839249719054478 15.752008396033 -8.31508468613433
Sminthopsis_macroura 15.4517097449326 1.22137122506734 18.6176286688029 -16.2744496980743 5.27938034721138 12.4645323834655 -8.80722090394602
Smutsia_gigantea -69.769452147473 -30.9966467165376 0.336065459912897 5.75973952811732 -14.2912836252052 17.6881707613539 6.94420456907795
Solenodon_paradoxus 38.2132170582274 9.3669706482643 28.9147529038002 -3.1152607233256 -3.06996379435381 3.54940237372075 -1.65555411168449
Sorex_araneus -32.7228104365252 26.1660834700959 35.7799265882453 -5.25801949630596 0.541749634179971 10.9404453357689 4.83505707312099
Spalacopus_cyanus -13.9389367161413 -9.8277475272791 4.01079327264797 -2.62887294765445 8.05923846737496 26.521270246006 -19.4282038970126
Speothos_pacivorus 5.95015159356417 42.3931369420958 -27.3389171179907 -1.19631734144346 -10.1932579270438 16.160980118121 -9.55305051759385
Steatomys_pratensis 19.8390822190661 -0.618563818829868 6.39255070429536 -0.854172444183317 18.5911747082111 18.5222468327719 -10.8938638836549
Sturnira_ludovici -46.5642220116283 28.5058226547549 8.81256441702433 -14.6911089167866 -11.9753311966249 2.84606271268716 2.50823841300156
Suncus_murinus -15.9138899772944 -25.1360641666044 43.2900578773958 -8.21080355248094 -2.72819726260861 7.95339270338226 -0.840986375113358
Sundamys_muelleri 29.4196416653632 8.75738627559764 -4.12083502191343 -16.3857084926005 2.66441473957828 20.3727896773478 -7.1600646332559
Sundasciurus_juvencus -4.89998307316037 48.913012863202 -3.18232890667329 -7.20680953054774 -13.8609772217813 2.25707253302481 -5.57552841451855
Sus_scrofa -76.5664364931359 53.7650605403361 -20.7340002538801 -6.0992890328262 -14.2597440627033 -10.6210813705269 7.46892750442593
Sylvilagus_bachmani 8.86846313318269 53.2137087492611 -27.5389877593941 5.11037592456613 -10.5798526770125 0.681380719100135 -2.66186418538275
Tachyglossus_aculeatus -70.5388756754914 -28.4184526461432 -5.82358388845516 12.4456018244474 -22.7598944915781 -18.0862047008064 9.60974455991066
Tachyoryctes_splendens 0.869958474409566 -43.9343552566908 -6.38406026958287 -8.69340166841354 6.06984685209503 13.9128240314963 -11.8953574079414
Tadarida_brasiliensis -54.6558183234175 -13.9615342347009 -2.73019685870631 7.51685831754215 3.98854213577134 15.5633077469695 -2.06045678971111
Talpa_europaea -23.2953019142992 25.5830641095444 27.1468789294851 -0.802781518012043 -6.60758614668313 -0.80521550651109 1.06046822795863
Tamandua_sp 24.2698652428021 -9.16521917965445 -1.13998845052713 13.4111930927644 -20.1272359565147 8.64754119881219 -7.96705585000026
Tamias_striatus 38.3565472789968 21.9490403074265 -13.2476631465744 -4.43079372145442 -5.46583334887117 11.9446627545397 -8.63279520294941
Taphozous_melanopogon -60.3190771812512 -30.2063113400128 -12.7090707322117 13.2589159538298 2.31263054292838 1.47040146996489 -10.8331244263195
Tapirus_terrestris -53.8614211782487 -15.7638186064979 -21.0069482193781 20.4669292906111 -7.62705777979674 25.4157191093639 1.02504921600073
Tarsipes_rostratus -3.16940108098766 -36.9625566675577 -6.1018004046755 -22.7789864279724 11.5908249722808 10.4227682557642 -7.63613307002653
Tarsius_tarsier -39.5768135071449 54.074895682907 -55.4458020016912 -17.4150967170573 0.472072629796313 7.05680682958607 3.56923290348064
Tayassu_pecari -71.2146863398556 45.2289944430641 -27.1539533011307 7.31789317098076 -11.0096814049601 -9.37585360334433 9.68904280469261
Tenrec_ecaudatus -13.5343830139864 -7.41611516898084 45.2303628551514 -28.1995007278615 -6.98875861282132 -0.109996128350098 8.47526917826526
Thalassocnus_natans -17.5763006307067 30.45284086141 0.454371033426529 21.7691217703954 -11.3437092380154 23.8642823091325 1.52310645397076
Theropithecus_gelada -54.9523640799664 40.9818316601869 -80.1874965399622 0.370984956137621 4.98761302570228 1.12619659289353 3.24243266060168
Thryonomys_swinderianus -3.10823390666802 -33.7282379405032 -31.5808426899833 -13.9097333744894 -0.255262072469201 15.4177349493974 -3.31571727924491
Thylacinus_cynocephalus 26.0493279268693 -7.86410836240732 -28.880185507342 -14.5953268069161 0.180642168620704 14.7289598817554 -5.71316014069092
Thylacoleo_carnifex -17.1109190704582 4.19048071483352 9.9417305173412 -2.63232313819175 -13.3753826913647 21.5541673714814 -7.85527052044541
Thylogale_stigmatica 14.5874877799355 32.8767747607356 -12.1776981978353 -6.21771599873997 -23.9406274381298 8.82639407891298 -10.5440407786924
Thyroptera_tricolor -67.3065999707399 -6.42476646288186 -21.6094015755723 -7.32756157868816 10.6530721098125 14.176152900229 4.19355704881461
Titanoides_primaevus 33.2528546464853 -14.1938579458592 5.15703126807894 -6.26831387202204 1.3409396083719 3.42069244603286 -3.07369579217498
Tomopeas_ravus -65.0666717109923 -8.443216216956 -8.43278185457602 14.6748224523382 13.8154217047962 5.47512350657725 -3.82359150262045
Tragelaphus_scriptus -26.9538327822089 40.1760318317756 -39.8757303279684 17.7335940291577 -12.0752764201508 8.57069978362151 -6.11276023630474
Trichechus_senegalensis -162.449770716987 -5.76566303065348 -13.4435662620605 -16.1851357910153 -2.59134090253987 44.7498726357304 4.00913239112562
Trichosurus_vulpecula 20.7896037762238 29.3102433768896 -11.8901915808677 -10.6164945602859 -11.1948406852031 14.9374457049961 -4.6252761574333
Trinomys_iheringi 12.8098080454441 13.7740264141101 5.02242509985153 -3.49337006979592 6.21335181955639 27.2088864350158 -16.0396540954767
Trogosus_hillsii 12.895489433151 20.3159372351059 18.9272509464402 6.40187466710429 10.9116324602586 -3.01381782785271 -11.6274986251296
Tupaia_belangeri 26.5836729406454 43.4798402172893 -4.73583927698453 -5.93183289560768 -14.3018515279887 7.09672643570506 -2.6255600226229
Tylomys_nudicaudus 14.0754338101511 21.9770881223824 -6.35430384464745 0.661669998523712 1.49207426156349 17.9578874664296 -9.84458515306225
Typotheriopsis_sp 14.1156530017042 -30.5623036422682 -43.7817642076412 -1.90100530944701 -11.3060103179912 8.22911040029726 -0.145950637335832
Uintatherium_anceps -7.64555561476009 29.8724822467881 3.1110482683508 -28.3912099045404 13.7663925542624 11.3510372529003 -7.4806121623104
Urocitellus_columbianus 15.3923012197762 35.3754277951743 -17.5229117876166 -11.9081804638678 -9.81841863918107 7.27862199712984 -4.36558917935759
Urocyon_littoralis 1.70731795608951 57.4197563242496 -30.7770742946464 -8.14611514508557 -19.1172868683932 17.2918562094624 -13.4375692116239
Uromys_caudimaculatus 48.1535560433386 -0.883385769249081 -1.92852645608083 -7.47547407659536 -1.4650989805272 18.5997658380303 -7.90812393093457
Uropsilus_gracilis -53.5371342825438 30.1213739735721 30.3335596469907 -14.4112212583124 6.20425799712658 6.55986615869902 0.330230631850539
Ursus_arctos 21.9987522655392 17.7075113976027 -30.7286969093914 4.37303285754209 -8.16221966044255 10.5357180483935 3.3205658431952
Ustatochoerus_profectus -64.10455575929 1.94668313868034 -24.6731498037376 -13.1691596810396 -4.19504107232437 4.68821692117231 -0.437796940287784
Vampyrum_spectrum -8.98448923538366 12.3871734400151 -7.62924991383787 -11.4425157671263 -3.99669100485294 12.8394279477414 1.684162148426
Vandeleuria_oleracea 8.26227593872603 17.4731290343889 -8.11726017299539 -16.3181375042753 -7.90554241373127 18.8726068575639 -13.9148044529567
Varecia_variegata -35.6809469554811 30.8250496706555 -29.0320903590431 2.86191004249403 -16.8180016008586 4.89508050732748 -4.88553000096138
Vombatus_ursinus -9.83435372607546 8.43701651653997 -7.32505036085976 1.24781275955137 -10.9557954955843 15.2751360163199 -3.29867197012734
Vulpes_lagopus 11.0324182078213 71.77205453302 -15.7828907558086 -11.4025757255771 -16.0219564995691 20.0205424795467 -13.9103961718636
Wallabia_bicolor 33.3904568235604 8.68151772254464 -6.70920996428074 0.870347855026205 -23.6079018939945 12.755967627694 -10.5498243345193
Yalkaparidon_coheni 9.40774159523615 35.7875892910277 32.4655021032574 -15.6738739123357 5.00980548035864 19.3109942990611 -12.0449628161234
Zaglossus_bartoni -78.7879287007269 -9.83458691590419 7.13217341234982 7.94412242158251 -19.2101492922663 -17.2234868426778 2.32392415413243
Zalophus_californianus -39.8759929625532 -6.7305066401015 -44.9295032903733 3.58335986078048 -14.5827721409934 22.3118069799358 -5.56985149094542
Zapus_hudsonius -6.93711923808214 24.6451777608698 10.250411375241 -14.2035030557705 0.401606277459185 19.8907760133134 -15.7475018700774
Zenkerella_insignis 33.7150301420778 35.2173923920427 -13.2877726336594 -3.91638282529336 6.48943089895615 27.1638107191038 -16.0952891295525
Zodiolestes_daimonedlixensis 37.1328385723929 -15.89881212036 3.23302872911256 12.8905035924155 7.23043630850848 21.0080864234251 -3.95708831001493
Zygodontomys_brevicauda 10.7683515747185 4.5927152156029 11.5950394177523 -10.803934909856 8.53805294167771 17.2258122577421 -9.82164165033667
Zygomaturus_trilobus -5.36247291496731 24.4043095661888 -8.20135157428585 25.2812427650267 -9.09554317721166 11.964388920616 -7.74779467808876
