Abrocoma_cinerea -57.8658844565882 -25.7299049532374 15.8741786365179 5.6565519538743 -3.39074645006223 -27.6964274590499 5.31426721245093 0.617177206563871 -2.01895924412142 9.97957848902483
Abrothrix_olivacea 13.7509323868573 -11.4233537814225 -14.7155725398565 -4.97981801545679 9.38748599827882 20.0729664681933 -0.89582044112306 10.7703253626498 8.43003975618696 11.9385349157453
Acinonyx_jubatus 9.38928700607416 2.95254157019963 16.9544168067799 25.985019926106 33.0940355213242 2.57799456432485 -11.0868200871945 -11.7098408631139 -5.87298300072781 -3.44061250122388
Acomys_cahirinus -0.657129066464257 -21.722240542674 2.11689429279736 4.12811661656941 7.12723445580507 1.04462495042239 3.03438818095243 19.8602385010235 0.904407151096969 3.93208113760208
Acrobates_pygmaeus 34.7425449181631 -28.6355646769667 -4.65256752071137 23.1012690182366 -23.1886705017977 0.742914153577158 29.4162677045756 0.306830182619356 6.76222965155504 4.83082066336186
Adapis_parisiensis -29.2073561823302 -22.4609229904246 6.39541875645039 20.3624923464759 9.59414020770468 8.95322441277275 -10.2814355939081 -3.28227253996495 -5.49040762553564 11.4095200965998
Adinotherium_ovinum -66.7197470999601 13.1387005241078 -22.3653907509924 -0.199780091308441 13.8063780696904 -8.82871723214393 3.05988499592103 4.0483808474012 6.30801013021415 12.9892291821016
Aenocyon_dirus -24.584356871612 16.7798558063722 -1.69647925492897 20.0982511532126 26.0416970146436 10.0828088247899 -23.6827036040598 -14.0744418834808 1.0777976448041 4.72690096296592
Aepeomys_lugens 20.80125573914 -10.50733604579 -0.0184895350959114 4.13640580617609 8.70521621793296 17.205704402277 2.37768058916351 13.1557279754697 2.18611216305777 9.26765831373009
Aethalops_alecto -6.87529621772502 -9.88873893371092 -5.37699517395781 8.96510875076002 19.6126339477723 -13.9420064575009 -1.65729258868587 8.0974732088764 0.823439727437108 6.21201119976382
Agriochoerus_sp -6.56908610409141 -8.91788289525169 40.6169493214837 -14.0832547676811 7.58648569069543 -15.1303117859335 -8.16374147530682 -1.54785028867731 -10.2222676003167 -1.01984267577345
Ailuropoda_melanoleuca 10.06103684083 8.97803629683289 8.05622077025085 18.2635173872589 29.4122782643247 3.5218293857871 -5.18315932230069 6.18564229525509 -2.53317647447934 4.76331871504306
Ailurus_fulgens -10.6898698061062 -9.80423077176145 21.2795489112988 38.9125639388768 18.0466246074816 8.97869050692388 -11.0663498819357 1.82363430734834 -3.7649077383489 7.91802715877978
Albacetus_salvifactus 72.8730789746109 34.7150894593555 9.6018745219393 11.5080869257803 -20.6388636092651 -1.3400462607912 -16.0744148955523 -2.52578105962141 -0.0498346199769877 -0.624305536740736
Alcelaphus_buselaphus -9.27916200434528 22.9851510783231 -18.2980618524177 20.3042877740765 28.1131331099769 -22.8852497374982 -3.70661578363364 -0.362641366799997 -1.11992843502975 -2.74852927651743
Alces_alces -43.6402004028566 17.8247397877994 -0.412536983152741 24.5415905571605 21.5355061930037 24.540741088912 -11.9852281915661 -7.96159628665486 -11.3237968575167 3.30145314410046
Alouatta_palliata -9.3334576122407 13.4272750839648 3.01317306719163 51.5593931602895 27.0427891444862 25.6759119301319 -20.7993387977485 -7.70066534672449 5.21863360380843 5.8254527001732
Alticola_argentatus -5.03262932367467 -14.7102474492228 -4.10001954604821 2.53370414396271 -8.06531942826571 8.64634039644905 -13.0490732652843 2.4710845397093 3.10295831663382 6.2794339315696
Amblysomus_hottentotus 43.6365810431318 49.1096545518234 -11.1469498560906 -4.27266048804117 3.8781860722364 -0.564808130820498 13.8211112599157 15.5139396554975 7.58382079255351 -0.350309606957243
Amynodon_advenus -57.0916849426277 -1.26238594273566 12.2866902352775 1.37746442934387 -3.57271777673343 -31.6457618864854 -12.4966992567101 1.86548361118105 -5.92411029191218 10.8259260170391
Anomalurus_beecrofti -34.6816489083821 -18.2988182469779 11.688910178802 18.9164090966302 -0.582920560297344 0.264433328248261 -6.93642631989995 -8.67380464050393 -0.8599673759812 8.17477317506845
Anoplotherium_sp -34.6046778712418 -6.55671266370586 19.8560406568498 -20.5508135732937 8.7332583902247 -20.7426017850849 -13.5571295669818 -4.61651724318069 0.101356225023023 5.15770249078028
Anotomys_leander 29.8252910319692 -9.45293411890008 -2.07053129214269 0.446266936148068 -0.247031393420416 23.2180530620715 -12.3395185053029 2.08783732652396 -2.03150253069942 5.04417442228077
Anoura_geoffroyi -26.3347805589713 -8.94666714764477 -20.6429810276648 -11.9549008781343 56.4486912330402 -5.34244539377629 75.9677609418379 -7.47931924714224 -3.87789689044988 22.466885194266
Anourosorex_squamipes 37.9015263431598 17.9804995011198 -33.6199757353293 -14.776778983402 -1.70410994327762 10.2461708170811 2.89566345599183 22.7061217924973 1.63892503708387 -1.35471985389732
Antechinus_flavipes 14.991143458384 -7.54090138073454 -13.3738570446996 -4.78767004091039 -8.46480097121202 10.7297743182293 11.793684655329 2.9542219089371 1.92116938081228 7.36921539370881
Antilocapra_americana -23.1809326762162 10.148930186771 19.2513170678594 44.5444384000042 40.2131824512475 -0.0704390128093064 -5.52241335747851 4.69747047871487 -12.6023051607492 1.49888100745988
Antrozous_pallidus 5.83029978320338 -44.6496434239748 2.88893907921209 -22.463159600491 4.5212120816029 -17.409051963596 -2.20343052740876 20.351293852841 1.79078570770397 3.87585567598782
Aotus_trivirgatus -1.89373118388759 28.4440208026067 14.969971027753 33.6390693141313 33.6899795084314 34.5611643750139 -7.99510592085065 -17.2318954814543 8.18503052758935 7.46180108532865
Aplodontia_rufa -4.32711727990771 -21.5658331719665 -13.0836634115056 1.00685741830731 -8.76555075509975 5.69399649696134 0.99291944240053 12.1638839911415 3.21794810755051 13.7336248672466
Apterodon_macrognathus 30.6682519966443 -16.7069237480715 -0.91359315071458 -6.39516968375002 36.6675022965614 -20.2332885082461 1.99830521939535 -11.7039495032988 -12.3692408659297 3.94357418094881
Archaeolemur_sp -13.6214822413105 7.57198728820516 -3.63329359431874 51.864140491429 7.89427617105978 7.04481692328976 -9.58354797203341 0.0626075090914348 -0.0441126784305306 2.95591750430741
Archaeotherium_mortoni -47.3848567163452 -28.4148189008965 15.9358029636863 -9.9059423057783 -1.54229911753451 -8.52756354973559 -10.8861211221395 -13.5233764733258 -8.34043739140253 12.7716030720327
Arctocyon_primaevus 6.96642052707745 -11.8651704462397 -21.5821632083598 -12.1403664505511 15.3857436795632 -11.8622858073539 -19.6549392356503 -5.65546316525477 -0.381606684280591 10.124425059661
Arctodus_simus 10.1772867490159 16.2698553824568 10.4319688413501 16.7288205228334 9.24566801578283 -14.7978836606476 -26.2615447986226 -6.42058266586301 -6.41847715309058 8.65990194891783
Argyrocetus_joaquinensis 63.409945535633 45.2592693417411 -11.3402091291812 -12.5587153260801 -51.3388109164896 27.3054364926467 -46.1819634020225 -10.7124964910115 -17.6266338877127 7.45413962081851
Artibeus_planirostris 49.3945566624813 -37.8492686855011 5.28062723665061 12.9048698067154 7.88683625492853 4.54506909711083 4.79413385703265 11.7180717426805 -8.3192565016962 13.6610179300916
Arvicola_scherman -8.07507682264831 -4.92713714827738 -18.9360043351549 -9.7887689601656 -12.0437126198638 9.88742784763853 -5.56892021568223 -0.736306755092175 8.43668239563694 13.8716324012357
Asellia_tridens 5.36323853225104 -43.2473005987404 14.2445497648729 3.53982610456291 8.98382762626273 -25.0536282279763 10.148021235324 14.6286640648428 -7.07333468461325 -1.60754165118336
Ateles_geoffroyi -7.17305699181509 39.3282649723707 8.01361109331601 59.9807137648422 17.8578078143336 24.6248985361644 -14.1743991269326 -2.50604626214782 9.93428940756236 -6.69531985031606
Aulophyseter_morricei 58.2009152949271 83.0382384690795 -17.6788592976135 -10.9707234633878 -83.6462804314807 18.1486768109164 -20.0637524447516 -3.9140658610766 -13.8396115873779 2.18016805104167
Australopithecus_africanus 8.26040610501623 30.8620144615014 2.29516520967395 66.959225575973 14.2076912042322 1.58831362803236 -20.9167137640123 -7.83797003649198 11.4551077265801 4.76577686260928
Babakotia_radofilai -29.9502120866373 -1.38871768273759 2.84094745580601 42.3030125384669 11.3024254713665 12.8000463139917 -19.9896314945729 -8.31750043853567 1.78565725421454 6.6337813215198
Baiomys_taylori 5.19912477625154 -13.6983328796373 -3.92378037441939 -2.07109363045949 -0.744684434273603 7.7780462193601 -6.72880414976491 8.52364987238964 1.89722136171894 4.87995241533525
Balbaroo_nalima -17.1708848249522 -23.2561186716017 3.18702723001195 8.89114246153936 6.61839409721238 -1.35586783970252 -7.5409749449819 3.60393495901477 -0.846839032840925 5.24743934440572
Barinya_wangala 2.11240485766371 -12.4276428706351 -5.69540975736947 -13.1686087617276 7.77985807156882 -0.464906210710113 -6.15085744310641 5.47954815731601 -3.42541924395663 6.66844507395921
Barylambda_schmidti 63.5962190427097 -37.1507743959932 15.7404283225416 -16.1943948157188 -14.723611993783 -7.86157524784376 15.9391587975122 -18.4892618721603 0.859478460298387 20.1300808923215
Bathyergus_suillus -13.9044472808085 -34.7568489536557 -27.2267559337906 -9.241516973921 -4.66532436539256 -2.42279866123351 -1.86006781248505 5.22763439673513 7.10679460368651 16.7714243360378
Batomys_salomonseni 6.1162160573882 -10.8946823037938 -1.83073337576198 7.58481120519699 -2.71880893380238 10.3022330851561 -7.29688395499302 2.08268156167277 -0.749745273251619 7.75084693587046
Beamys_hindei -9.27234250128301 -17.4434065227756 -0.29216912737257 6.92574716603225 4.21479344608395 -3.07366171058283 -2.85107979293365 13.8946774507862 3.88162842731788 8.10861453894233
Berylmys_bowersi 7.59660472614982 -17.0698713068984 -0.805821417692684 3.16398715766546 5.86640754719469 2.98528343391278 -7.1690128155568 9.99915634307277 3.01729998136334 6.13218579552201
Bettongia_penicillata 46.3253449590934 118.090184210948 51.9881251338007 -24.5221869978986 69.3408397044354 -42.6167442262435 4.8066671892089 3.825134094518 -32.8518667018955 43.1753162770287
Bison_bison -8.0314380135558 35.4425110865173 -0.15297700378577 16.3881820775902 26.9294840170039 -5.32843177266664 -8.28463116805395 -3.88913094215382 4.54024843943657 1.05496313385073
Blarina_brevicauda 36.821861976252 30.0751170060874 -42.2030962840506 -17.8905923242677 -6.50383001093506 12.5239667484247 1.65186960577889 23.7221579951976 1.16789110559223 -1.59423023123517
Blarinella_quadraticauda 27.5835592869884 16.4689451933811 -39.3755885021559 -21.15077711468 -10.1376469566804 16.8563414545994 2.7223306140411 8.82094194656712 -5.87943980676271 -0.280297975728276
Borhyaena_tuberata -17.304788270951 -11.2107048643718 -18.7926384747397 -2.33203252726672 24.6162778195911 -12.088823813154 -0.551943959498946 3.59916806300741 -10.681030533346 5.20493787024031
Bradypus_tridactylus 16.8016268524682 10.7283763045349 24.8150636931858 14.8819236544525 10.3147493379272 -13.3573970493908 -1.41247644164931 -0.899078653042024 -7.57543012912726 -1.41991513217279
Caenolestes_fuliginosus 17.0802354508182 -9.07884550808042 -18.2687944746863 -11.0320803704604 7.50056442949019 12.5208440998523 9.885330269659 17.6157006496752 4.96678230091538 10.0267950363923
Caenomeryx_filholi -54.3896010299294 -15.9721832884494 13.9941546926893 26.7858444338424 12.3148030204495 -4.23943919717363 -1.50066586723599 -6.1728154909216 -5.73868603621018 7.14787447119006
Callosciurus_notatus -21.9651955744264 -21.3301725322559 3.70099160823828 30.2941449337703 9.36657792989236 0.233138516622981 -6.95414692803783 3.83186423874242 3.58061640759078 10.5319615534625
Calomys_laucha 10.4276668401671 -23.9265787521077 -9.58177280862292 1.91998242381176 10.667370371413 10.8599712478506 -2.54297458910151 6.26149935699691 8.07844279416891 11.862546604402
Calomyscus_bailwardi 0.497189305468569 -19.6443734499708 -7.57257049810677 -1.01827917284027 1.25342606273627 12.2972818552875 -6.73770138827307 3.31744893681643 4.36108300773103 7.44349753872206
Caluromys_philander -2.81474824387386 -7.41257655261927 -5.75997137380436 6.49067910191606 -1.3859356915496 12.2780314848467 -6.91442873950837 -0.207707547286611 -0.728637462773638 -1.4415509284818
Caperea_marginata 41.0105495621694 37.779394690965 -18.5961643884406 6.6081442383477 -46.2588985701812 9.65474753793719 -24.5117930736006 -6.22684344390771 -3.24494764675683 -6.7694064838007
Capreolus_capreolus -37.4174656237475 14.2749325355755 22.6911144699437 45.1281848879807 21.0981475599438 5.79059913939447 4.33481281628525 3.32737503829464 -4.47314412756651 -4.47369180110498
Capromys_pilorides -18.5921144835768 -34.4645133897949 -3.69651609893558 -0.275391737476386 -10.1616794831694 7.3435347392547 -6.43674120439838 1.86167815726567 -2.14800212156271 2.63570962531009
Carpocyon_webbi -7.11801292967716 -9.5074433830655 3.46929451006333 20.6050029787907 26.6127634756884 5.08375242973933 -16.5406547995543 -8.26490559808319 4.55538493151681 9.19504788911532
Castor_canadensis -16.9155661655871 -14.5313748181902 -7.19974272909082 18.5591093798387 8.76075719016553 2.75892212402114 -12.6079095709241 -1.80021175447603 -0.730127575328085 13.0659040934365
Catonyx_tarijensis 34.3510954566097 -36.5636600944635 -2.83301431298023 20.0086633484315 11.6192700660146 -10.5587476781814 -2.58365958649505 10.1307865971206 -0.0741539387592009 7.27232969646795
Cavia_porcellus -60.156038568994 -25.517313768233 16.3946969088079 21.6474927480745 7.58022571201615 10.3524909667419 -10.0223136144475 -3.59305411347593 -1.33541767026878 9.60687427974832
Cebochoerus_lacustris -24.2205952918834 -4.8265468297163 29.2668696580397 -22.957712343813 6.59434709614517 -17.7120409683675 -12.2940651896467 7.52479448798082 0.0104469468323361 1.56941468857047
Cedromus_wilsoni -41.9752302728617 -31.0716603312078 10.7381632266521 17.6133152218077 7.63016934533955 4.4221962480434 -8.9815791526307 -3.55602978238112 4.07423269311891 8.45208270195983
Cephalophus_leucogaster -32.9491671447286 -2.08288297222595 1.98539792939516 24.9910894220548 16.5802887226199 5.57730623630362 -7.56950327300662 4.96531331631926 -6.38147609392576 -1.79151196469761
Ceratotherium_simum -52.7247779873596 0.918680712649877 -9.07156834510273 16.4875480103341 5.41955320776327 -4.5532863415042 -5.33304670554513 -5.90506569594332 -0.59633388081416 7.82483281705635
Cercartetus_concinnus 3.63762074860885 -21.3805227036944 -8.71439724247836 -1.13745038683061 -4.83902519189485 -5.45184674808352 2.11042927045036 2.73277033388331 1.37090150052898 6.91107380657888
Cercopithecus_ascanius -3.52035295842374 27.0676119319699 -14.483068989015 37.5789388190592 22.6316233851289 15.4231041487782 -19.7301419167595 -6.53903628457015 5.85879166357792 6.14033849218571
Cerdocyon_thous -3.66270996330477 11.7757697734193 9.97634968368863 27.7839570739684 26.1042843508738 4.89923551335419 -17.1969098512671 1.41620891204353 -3.87401520011387 0.586375907850731
Chadronia_margaretae 8.10355727767705 -5.9401469770191 7.30229361166437 4.63761188036199 9.49194577570778 11.5906905268269 -1.7520190647044 8.77155079209426 -9.87169478384565 5.41789918408783
Chaeropus_ecaudatus -30.8424812172919 -5.31559744107547 -17.8946441851696 5.82730581795004 11.3176284386765 2.52920297479566 0.447831422706677 18.0255165935668 7.50227085206874 9.07520359854924
Chaetodipus_penicillatus -55.4222676127193 -19.3950447518969 -14.2405552151252 8.02413875241726 1.50601625369135 -9.94938969454376 6.8948423227158 6.09765895578549 9.72569526670665 16.4181151427146
Cheirogaleus_medius -4.64513754416898 -5.53283917891125 3.1179842975811 26.6649058293467 9.41508367480514 19.4612181548754 -8.39009978636399 -3.41542968912277 2.84563002343771 9.24282907284918
Chibchanomys_trichotis 20.6211564123264 -15.6783806275199 3.66878915508615 3.83875247238621 2.4013979997365 19.3222026408112 -12.7040556053769 9.21163489856895 0.813556363406597 2.79164274973281
Chinchilla_lanigera -90.7068140155503 -15.6885931041275 -1.09367161994794 37.2360654171528 13.5039250093777 -10.6051419568527 4.80754188167317 -1.46642710096074 -12.3863378540453 6.86970388162427
Chlamyphorus_truncatus 66.0971456393429 37.7674704839446 -25.2808009441219 -4.9350341965043 0.89561272175681 19.421630101694 5.51165851517204 35.5457961134619 -3.56337700432397 -2.4296593607101
Chlorocebus_aethiops -8.50507492412718 31.4529869860131 -12.8849481264194 38.4442255117859 18.505848343525 14.5335549503925 -22.2158212572177 -11.8440570500152 6.64480682675519 3.9023443759373
Choloepus_hoffmanni -3.65424433807806 -4.63006460791614 -24.5425274134467 18.093713475924 0.0528383687012608 -16.7943942670776 1.26104807760222 0.985030390821358 2.15749591586916 6.3358717607752
Chrysochloris_asiatica 37.2754108291728 51.718784837179 -28.460995651668 -14.7014791620664 -3.51947511744928 4.08338711909536 13.8496928365811 16.3903482310492 8.77894777884037 -3.23550551755784
Civettictis_civetta -16.4467334914682 -6.24186139296943 20.3812780315184 9.34505119999118 28.6320454545458 0.275067269032771 -20.7357477815617 -12.0887949227754 -6.05722996810161 8.30944278701862
Clethrionomys_glareolus -3.11409479224451 -7.5742233334334 -2.90740696073145 1.73334319425862 -13.087776566104 6.03559373558713 -11.7791333521348 2.97559509331868 3.65782816535888 6.21755961405326
Colobus_angolensis -5.73962414184049 24.1115471479605 -4.17685958694087 51.1260674108445 25.5415551896419 31.1812290586294 -12.8684372124747 -10.1870756992286 3.49864391989985 0.447874725676657
Condylura_cristata 11.7866275484833 -6.71151728369962 0.0172783471620671 4.49017110316349 -2.29616068595344 19.8349416987531 10.3109722571246 -1.42050058127217 0.815709967757072 -0.871246579063266
Cormohipparion_occidentale -39.6689816675953 -4.72555319744225 6.36625110554548 19.7091598493543 29.669347695338 15.0549334349749 -11.4480372850193 3.39422181358366 -0.925953227007714 10.0120814945007
Craseonycteris_thonglongyai 50.0843739378803 -50.0212197643734 14.184984872486 0.675898997814286 9.77286402422681 -17.1886082621801 17.6247638398056 27.5444624620322 -12.437466432546 -0.910150752481258
Cricetomys_gambianus -5.79309666365616 -27.1170876465413 -4.12467423862481 1.24907971643606 5.42607457674662 2.44232333986902 -8.30099160777134 17.9911361612517 4.43425622452915 7.25800875118632
Cricetus_cricetus -3.34931647142997 -6.61053438673654 -23.879420276033 -4.78162876174068 1.98845470874175 4.49607297715959 -13.7203688622365 6.25910066336322 4.11573682401717 12.1173402985569
Crocuta_crocuta 3.6684621703417 21.6103820098073 13.1807845848061 23.2820216970185 34.7420948440575 0.200705493283529 -15.3965690367412 -18.4508829057349 -4.59888443847212 4.68825105848723
Cryptoprocta_ferox 1.80774398251849 -8.90714129681321 21.5882795518774 17.2506364437182 14.5099009769437 15.096033574655 -16.9250889643321 -4.26559083080786 -2.29676456221402 5.48794061461804
Ctenodactylus_sp -34.8471266365056 -33.4652587759841 2.00390211430668 5.14585919096393 2.47953686011386 -20.7037419163126 -5.77783271226353 4.94184041508936 3.93252466673737 5.97877563082279
Ctenomys_conoveri -32.6724727415994 -27.5106658770731 -21.951937467721 -1.50198019716684 2.15800949203516 -2.45970732891907 8.13982597950837 -1.7556815426253 -6.8647324159207 8.30639629571129
Cuniculus_taczanowskii -35.2922529830464 -27.3394078385332 6.43715769348416 -2.54635160915701 1.57766632941528 5.05139660970186 -6.94483619169781 3.64434231720224 5.34839895157775 15.0583247139383
Cyclopes_didactylus 14.2514603160907 -18.7912801254938 0.953206110497453 10.3587068829294 -7.5425873797003 -2.78217597631219 -8.60644544322385 12.4578868005721 -1.72533220379047 5.16762517965008
Cynocephalus_volans 34.783146685421 134.483302483308 63.8625424550712 -52.6543966470943 82.0980823972293 -69.7903003664181 14.0273463810746 -0.631022264055294 -34.0586925834757 39.9806593257655
Cynodictis_cayluxi -15.5479422282491 -15.9670468995357 27.7097591552565 -2.97340391028163 16.2999383841441 -6.88831023188717 -1.36490550277007 -16.3928990228531 -8.39511859597025 3.90389587135556
Cynohyaenodon_cayluxi -7.7646021286283 -16.0736662612973 20.3797504493158 -24.0905713832814 13.6536972124444 -21.2553265641304 -12.3626248202705 0.15875545593282 -7.61849884658872 6.63506493667397
Dactylomys_boliviensis -33.9580451131805 -40.6340826257573 15.9711939385736 14.4032212597185 4.36771649860409 -4.8802936523666 -11.7453571950627 4.489688933638 -1.49778285044337 4.02630839231328
Dactylopsila_trivirgata -16.9830004639277 -8.46684580755668 -9.53650978731332 29.0164712976649 4.52595241033719 1.8310357600896 -13.5973905023169 1.59427229178169 -2.16039216576562 5.1009953957024
Dasyprocta_leporina -47.6048620547353 -23.4802804697892 10.1637015125069 17.35958185635 20.7168962522886 14.5080936874749 -2.91056410533728 1.21101537428087 -3.17637794366017 15.3624122213757
Dasypus_novemcinctus 0.0357155232543718 -15.6653496141493 -8.32217660417934 17.2903094132471 25.2340162184728 12.4909703250572 20.0597665504777 28.0084894583794 -1.89846771137265 9.68457530465995
Dasyurus_hallucatus -13.9405611938639 -11.3570784276698 -16.0321455541349 5.34066885450604 12.5921769061417 9.10018117261405 -6.04017146610982 2.65061761337645 -3.52304422425703 7.87596533166457
Daubentonia_madagascariensis 0.239886719553487 1.80843949278181 12.5999976313288 49.2514148811105 23.1092896304749 14.4404807875233 -17.1658128370989 -6.5657700464683 10.3464782233881 12.9959691623961
Delphinus_delphis 80.241890929154 49.6424309766189 33.7736648961658 20.5392487962536 -9.02044727445282 -1.63889059611395 -15.5985642805118 -14.5872767612605 12.391669444598 -9.97301161990755
Dendrolagus_lumholtzi -24.855324125357 -33.4293665054343 -0.361393066035804 23.804926636253 11.5471930549852 5.68201868051454 -7.22747492694312 -3.62289230585645 -4.89132182319559 3.9817020221373
Dendromus_mesomelas 5.60620319341891 -20.159235523273 -1.43246082977896 8.25731183341538 7.60817052002241 3.72123962675525 -6.40118078007041 -0.787898572361398 -3.19774687841396 9.51116590820065
Desmathyus_sp -41.9577621329972 10.4498350500934 10.8990999321744 30.1699782388495 -1.14624379321407 -25.8445362500512 3.75641121654843 2.35411651603553 -9.10021383046573 11.9442096418412
Desmodus_rotundus 41.8240870733598 -16.5181263343055 12.2503486841508 26.7268626248295 19.1460369090792 7.98140899295813 -1.59511984767375 7.03594686252862 -8.69164384201343 9.80601907883816
Dichobune_leporina -35.3646880213297 -35.0720000180529 18.4633775417062 6.10525146671824 21.605767319127 -0.607449280172982 -10.3021757049141 6.12280875429111 -2.44140262440655 13.8021189448921
Dicrostonyx_richardsoni -7.63757685008093 -9.74838805034561 -9.68592352507956 2.33513450845218 -8.91685257644205 7.17113514145142 -9.30562269808134 0.0800323286136131 7.09975730033132 13.6870909819079
Didelphis_virginiana -16.3375963761827 -5.86425732200111 -15.0627119287313 -12.4513753956462 10.8721949430565 4.05503892654446 -2.64551587598296 4.23117916403625 -7.61332913001474 8.01669293530207
Dinomys_branickii -27.8425008889491 -26.6986440836538 -2.32702732369334 33.9628884653521 18.6032404688595 14.1979103022662 -8.25250267261837 6.79177115494132 -1.66447641816135 14.6573313879793
Diprotodon_optatum 43.5655504799231 -6.23613849654163 -25.0042406206531 -2.55577695183756 23.296235333345 -20.407478462119 -0.741434119697155 13.4845698249359 -1.49467312402522 3.84630163884484
Distoechurus_pennatus -6.50308755144878 -18.7524208617001 -23.6601321705408 10.7562925291569 -2.31091604227899 2.26508978566115 16.3060679234887 -2.49588799866339 -7.0511537601673 5.68397187933107
Dromiciops_gliroides 18.9984377782803 -16.6370691389011 -5.54138001808692 6.67568702989328 0.303285023963133 7.94847922685739 7.44155069776625 7.08479878030122 -4.26293534815165 5.66116394621239
Dugong_dugon 5.71503297806461 -32.2179095917589 -29.8891655094659 18.3719771475652 3.13766052148865 13.2643435277495 -0.717980940186024 -17.9046760477765 6.49540646643666 21.040277327705
Dymecodon_pilirostris 38.5384143512873 35.2595633164893 1.60264858727058 24.0587997878675 -25.4765563301302 26.6365460352379 12.8371825124331 -1.86894296072545 8.05116590183689 -5.81385102158571
Echimys_chrysurus -40.1027546826652 -36.8774595414601 5.87324439418583 23.4487913866606 23.2905615109305 -8.53914692545225 -12.9615380240181 3.61391213049185 0.460619693107697 8.82730400519493
Echinops_telfairi 4.6488652369302 3.27056038586671 -33.086440616599 -32.4780785442845 5.12981983804392 -1.09056617782259 4.45333481636427 11.1373878950768 5.16584891194043 7.0030489200323
Echymipera_kalubu 2.0383429015416 0.397240799508525 -21.0545606496842 2.55749763336071 11.9736434164283 2.03571278559995 15.231853798036 20.3244682928167 0.582036317885068 3.87137470193594
Ekaltadeta_ima -16.0848996521164 -25.6542692395239 -2.31015778519323 3.11441721023591 13.2584767497048 5.85910402616915 -9.45256565387318 -4.51368780114685 -8.04490525074741 7.56316106819623
Elephas_maximus 37.0101887418173 25.3360754392526 11.7806573262811 58.0117281659407 -4.52958421299645 -11.1849741407119 9.42732790243826 20.5441180976426 20.476993209623 -9.45574886897928
Eliurus_webbi -2.01913824156165 -20.5384312314809 -0.279158010602952 1.93951474816984 -5.4821508280713 13.1634179690883 -12.1870933640278 7.94959148484637 3.36655590257714 4.29079895904895
Ellobius_sp 6.2273635610901 3.72723030756242 -19.5384843605722 -5.85197270954044 -8.81254003555421 19.0861681050712 -9.96844024112109 5.3691764382467 11.3367247978194 12.4432497634808
Enaliarctos_sp -29.3352983109251 20.40620910949 -8.85945219326986 12.0280602757652 8.72221844351945 12.7108219579665 -26.5157909571805 -8.94328168486246 -5.51903553022998 6.30221905113124
Enhydra_lutris 32.4211109093829 25.3818018727937 12.6512372378573 17.5079160165885 14.9477370007836 32.9894417707856 -12.9482861262287 -7.83244530500529 7.89091301503664 -6.76453596107363
Eonycteris_robusta -1.19363515766914 -19.2393106688353 -4.03782071160468 7.51853662673912 14.3236814879463 -8.48180463108339 -6.48220777226304 10.0015739204603 0.0691924628207648 7.86246337505786
Eptesicus_andinus 41.7681051136979 -43.3572449509121 -5.79601996651605 -37.3896354679158 -4.56452869712218 -1.19260193251323 6.80626417473623 22.400727279998 1.81709011681994 3.02877902776344
Equus_quagga -53.2835195671421 25.9413039271577 9.71922610704568 30.5450080582768 15.8805906440992 -6.15505346329895 0.788084450004855 -1.20112686794077 -4.34896659414957 1.01779481726264
Erethizon_dorsatum -4.35339745438783 -38.0191536379202 5.42602585136582 14.8407577262719 4.31229739504929 -2.81661014712102 -6.53346546834657 2.23794493954701 -0.798959231640319 16.3689351222339
Erinaceus_europaeus 18.3138563678377 -5.91081503359405 -30.676510825789 2.33524778822725 -5.29133186139741 3.1962854790666 13.9858287328139 2.57554386063821 6.85459092905329 21.499382015192
Erophylla_bombifrons 24.5138024725554 -31.2017064590165 13.3610021721102 26.6975711209471 9.43847124815921 -3.07064098472297 6.98028353020738 6.10727808139001 -3.26411335276626 9.65398178883705
Erythrocebus_patas -12.6804170728136 35.9908356863385 -5.09315095410444 39.1455393278588 31.6996145348375 7.04769349353209 -25.2029404280653 -12.6089717675308 5.86373564380517 4.3734482738965
Eulemur_macaco -14.6134216560106 3.47771412726394 4.25743905622394 38.907025081436 20.3672127124508 18.0797849670034 -29.5173966783731 -7.81444837314393 5.78849341352593 9.18067674371346
Euphractus_sexcinctus 22.1256887551183 -14.0843102100547 -0.742535498802327 24.225269493654 0.514779231246247 1.20059558479345 2.24023780625232 18.5933855297662 -6.93644677560693 18.5371092011594
Euryoryzomys_macconnelli -16.5614509158571 -18.9892135383228 3.95926362602676 2.50223078338368 9.03483361386154 -4.52938792942739 -7.26228834143504 8.97395689637951 1.40989392058214 9.09143554655548
Eusmilus_bidentatus 4.19753915098789 4.07482372867657 3.44884927563421 8.75225760492236 1.7855772904774 -6.5504456512511 -7.78290620032655 3.25065933201516 -1.43958891463007 8.61461248282219
Eutypomys_thompsoni -25.1250170076628 -27.7863987765551 -9.02548656018963 -11.3867337318323 4.02475589849429 2.50396545236463 -21.6807665705047 16.0547407573029 -2.0919064039369 8.28592792864525
Felis_lybica 1.81965753277387 -8.60398413902763 23.0459797723475 20.8326082428628 24.2731767608224 4.64844569899073 -7.63225418428901 -2.95729729089559 -2.79693824077 1.87147262302318
Funambulus_pennantii -26.5663543989791 -19.431240086437 1.62484535682533 22.1788899934544 7.82483099716495 11.087712748508 -10.2942931761874 -2.43706297867932 4.15100680628866 12.5589115667575
Furipterus_horrens 49.1714507710962 -51.1074725032438 19.2502183312986 -4.58927534455271 26.8100992479058 -3.25427826974607 20.9960917061273 34.1749095931073 -5.91730633168156 19.4801427748594
Galadi_speciosus -2.50655166741839 -12.6794379809989 -28.8076324416772 -20.3858106949247 19.4458173359264 -0.986498335655833 12.6335200029679 11.8441639102719 3.20550671696953 9.40999948945642
Galago_senegalensis -16.4065766256323 6.70994833215217 6.51644315009025 53.7509561428523 28.4095953493568 21.1425857879766 -0.0505126441925277 0.602770529048848 3.38391379833237 5.0083550672413
Galemys_pyrenaicus 36.5397928818044 17.9964407797101 -5.25584052710921 10.5100572191946 2.29652010737202 24.8925906913477 -3.29726413371274 5.90647179468946 -8.97295932860953 -2.29487114203929
Galidictis_fasciata 21.2529748070792 -6.27766536755015 19.169771850504 22.2948085541636 20.6158116914059 13.9986573879618 -15.7364411549854 -3.9500076713861 -4.96963059435798 7.58200670960856
Genetta_genetta -8.40976609373129 -9.92636832070182 29.9431020466564 15.3220707328355 20.8255589654805 6.82088277563734 -16.6502505587286 -7.7649430465507 -9.47231032694161 4.68222301998819
Geocapromys_ingrahami -45.6682724205532 -35.9877780212619 0.274445016022194 4.80251783827243 5.64399615210072 -0.921040637707138 -4.33430839143278 6.72163476083441 -2.78925646404026 3.44772116432416
Geomys_pinetis -25.2291073364698 -19.6194394359436 -23.4701297710036 -5.83679619925023 14.4765845493923 2.14460507840627 -2.94403401397507 14.0657616583665 13.6600692826727 23.4858774780924
Gerbilliscus_afra -25.4285736405062 -15.9319686685456 -5.60361992493802 11.9963360075118 12.5714428938338 13.6478252113004 -6.57457993151773 11.9394720083907 5.822649211049 7.7078809530793
Gerbillus_gerbillus -16.8617266053896 -10.5021047701978 -12.2028310756161 8.09335499015044 -1.59017318732686 4.22542131988657 -11.3883915433887 2.24062828652893 7.2463965560392 1.47118206478607
Giraffa_camelopardalis -40.9913807343112 3.63968496628116 16.7936599996707 28.0762258630517 18.613153992458 0.945538678507948 -5.55981423015589 1.81596895346726 -0.735162720890527 0.0463716016786094
Glis_glis -10.4535902018058 -30.8713280962917 -8.43864112240126 9.53836105621315 0.0653396483505388 -0.199047714293188 -8.87424267731942 5.59549274860035 5.16482060105275 14.0226412095472
Glossophaga_soricina 34.7250946600132 -33.4546052824282 12.3481353322875 12.247552284476 7.32464684859546 -15.3930596578926 13.1009861166598 13.5710792570958 -7.82239419236369 6.99719731179547
Glossotherium_robustum 56.6594646128414 -4.42690143583463 21.2589698568089 24.5114709503899 2.5976948760469 -28.8916894548049 4.8357778800587 -7.96974193657703 1.99006505391504 3.511510873734
Glyphonycteris_sylvestris 43.1561953722016 -29.8690198622134 29.153525059741 7.95559694014471 10.4476232846632 -7.3355071113139 10.1012784585 22.2554877495979 -10.7206079692336 -1.56138190741215
Glyptodon_sp 31.2457894858718 -24.1802022161032 -49.4853665472866 7.62339798676143 20.393152740833 -21.6402344472407 4.58292426823027 2.3907695098281 -5.55764914037266 5.17103565456308
Gorilla_gorilla 25.0685801983108 28.2533745686673 -13.3018465754815 64.8726598935542 32.0266343850886 -6.67489238846458 -20.5762647038429 -7.40892695415349 14.7960229804325 7.16040124600364
Graphiurus_nagtglasii 7.37313543642699 -27.5948048368794 -2.31738836516601 16.9841377896205 7.64966099648757 5.42468581186143 -6.16430039325799 1.61155553768647 4.42721791690583 5.4798538373871
Gustafsonia_sp 0.90811983571913 -27.1888725110456 28.0006931390601 -11.5301692210549 27.2873947021462 -1.79716789202037 -9.2882172742092 -2.06048255219146 -9.72835826293512 5.49033550737312
Halitherium_schinzi -0.952289006833518 -23.7838680474553 -20.744514778301 36.3209268266339 -13.2674793980329 -35.7679200621669 -8.62437826088137 -5.04985254474034 -3.7113405466092 7.9267295471809
Hapalemur_griseus -18.1886560647452 -11.7490276955793 10.9713431327205 43.2671840778782 18.5144794818429 20.2661953941492 -16.0451772950378 -4.87377880373908 4.73951231144333 11.3417980122886
Hapalops_sp 0.472175279707118 -22.4379689694731 15.4515129786709 33.6024960880497 13.2541562369783 -17.4009766201819 3.35587531072825 13.334642605224 -1.17664665765203 10.429633859669
Heptodon_sp -61.0697045619005 -10.7261171934471 12.2616394231001 -9.87439016702064 2.0206639164229 -0.268858942546943 1.52313812632669 -3.93688917021066 0.890320241821761 16.369446624012
Herpestes_javanicus -20.661269628451 7.85127479206309 22.5025020768629 12.0233646643517 12.8178382250284 23.2594386029359 -21.366110119977 -8.54908056523481 -6.97701343684269 3.63875927196649
Hesperocyon_gregarius 30.3547668406893 -5.94134678407538 -4.73528927788588 15.6422568120749 2.1741682739419 -0.652344937571998 -18.5034841906407 -31.4662885892807 5.97869259359196 15.2037352041519
Heterocephalus_glaber -27.2494020063111 -22.4722001603662 -25.7949671175826 -14.5654166809304 10.609969937559 4.2309478602038 -6.86060202947726 6.74379083984522 7.14254668560373 12.2040144222931
Heteromys_desmarestianus -13.9311611572395 -38.0425801226251 -1.03162903786114 0.254861074165783 -14.7080159102165 -15.2352544509407 13.7936264318398 6.84243738424136 3.19297009991535 3.42234156492997
Hippopotamus_amphibius -0.0902160743523485 10.4154997218574 -3.93262535550826 35.5697330063777 14.9896125004584 -14.9489293667652 1.11953052167237 -11.4778907227808 -0.235024289825197 10.3305741282012
Hipposideros_turpis 14.8867207696075 -48.9752707312203 19.7001810657239 31.7889378453319 21.3330322659344 -20.6365107746766 6.5227921839803 18.6534999698955 -13.4324534743971 5.04271592739238
Homalodotherium_cunninghami -29.6520883215309 -45.7601118309232 11.0771969349371 33.4106559503147 13.9713997486424 4.33100554544183 21.0087906657255 -14.0221451360178 3.24001241043505 18.3810337841567
Homo_sapiens 27.181690560969 70.0170094869808 20.6225478267776 39.0329114191048 63.2296528626402 13.3622352758606 -22.2191500172609 -17.3899573804044 21.4188605697017 -6.56929815925043
Homotherium_serum -20.1547750571813 14.3550232066846 10.879952766866 -4.24134389134572 19.4608851882627 -18.1331467120529 -34.7360863931027 -12.7601665022716 -1.66673061041799 7.41886831836359
Hoplomys_gymnurus -31.5618946198293 -40.8862381661315 2.88876200482866 25.3605690633448 22.9302688783188 -1.0257416013339 3.60433198190389 19.3458807074779 -0.390352028706421 10.5134788773026
Hsunycteris_thomasi 42.5176628563043 -32.6134523237617 12.911143135451 20.4936783313479 9.51233513284419 -6.1705695219181 11.1115207098707 8.75769661344152 -7.12383444026717 4.52220901830503
Hydrochoerus_hydrochaeris -64.8049213145673 8.51123469470523 2.60687113181674 10.7999557333817 -2.32634303304636 22.3443391065457 24.4986630053026 -0.550330115480862 -6.02600932362304 15.3890561359689
Hydromys_chrysogaster 31.1810592898332 -16.4866055639176 -1.13794563984434 1.79176335717547 17.8479941561001 17.4183495468963 -9.4126383555173 13.427249405758 -3.42735398065455 8.3344069027914
Hylobates_lar 16.4702717386485 7.91284622669672 4.1694497854426 55.7878705470725 27.9895731467044 13.0404429966748 -24.7745097759581 -11.4990886508844 10.2760632859264 9.55763192034923
Hylopetes_spadiceus -33.430145556707 -10.0155755335413 -4.86185102198808 29.2649165179989 7.37393078335869 10.3959010888839 -8.19159703354747 -7.29117861558652 5.61226817971821 11.7082575488956
Hypsiprymnodon_moschatus -2.65004633150825 -14.1232778429765 -1.30151412266742 13.5567661053225 9.32810180835544 3.43851313121137 -1.85891808920421 8.3615354822354 -2.99842843116812 3.90863240411932
Hyrachyus_modestus -58.2771787231982 -26.0048913774175 27.9960847128641 -16.4877797051628 1.7767526012298 -8.79578843504984 2.51312872203209 -4.08831531812972 -2.91166505076728 17.5251958577597
Hyracotherium_sp -16.2517847166244 -37.0911308671488 14.8067795815368 -26.8452168569074 23.5338772213932 -7.45797903527989 -3.58338168433515 -7.36056948289818 -7.9992887499764 7.8566091695561
Hystrix_indica -4.96665179892772 -28.894332792884 3.45287597202718 25.795107334989 8.31491744091773 3.52325867036985 -6.44284568579018 8.79183351737173 -1.33819832211606 12.5855958639563
Ignacius_graybullianus -26.7789078293383 -24.2834400092286 -16.8167842905749 1.73897433710064 -3.11377158634515 -21.1408985308128 -5.62164488537807 6.45298674337203 0.192392887760302 -1.67166964185195
Inia_geoffrensis 74.7118361585431 27.8567614431306 16.9121992132879 16.1361599671655 -15.4999370200893 2.46432117137672 -19.1978681978526 -25.4946250387804 4.80619679789601 -2.00486669335998
Ischyromys_typus -20.3021690759171 -30.0708631479134 -12.5030879766578 -2.70771928665773 -1.48417669389525 -23.2462042640717 -7.44018744394394 2.50462819273498 6.01834530829345 6.17582008391411
Isoodon_macrourus -28.4855198752253 -17.0146592522738 -12.2734449217116 -0.72488622305582 25.4195606302132 12.9343169176976 6.16005105729038 18.3221857778306 8.31478182937344 14.7508075587214
Isothrix_bistriata -49.3667503109046 -38.5914596280503 13.8665760470985 13.0352754605326 13.9963914920652 -8.86416536249389 -10.3709645141912 0.694379724360335 1.78414635472701 5.68016199538632
Jaculus_jaculus -82.9499174176254 -5.07028641050044 -5.90352480584041 16.5095013831555 6.23722211196775 -12.4979241944123 12.162045346389 2.31694049192885 -0.404638884484413 14.4424532117293
Kerivoula_pellucida 48.9630639372817 -23.9145195736962 26.5259501624704 24.7930784361721 17.4875497689586 -3.5094877717657 12.405456717297 26.9058994173245 -12.1900596662089 -2.23654453145454
Khirtharia_inflata -80.2839896583917 9.36676852922619 8.2217689548179 -38.0794039114094 13.2649094556304 -3.66655517241073 -9.29102532759712 2.04662753873781 11.6738620392662 3.49824947882026
Kogia_breviceps 45.6837018650277 57.1277351929049 16.0536521127569 20.7623586982803 -21.3005122775599 7.46805069847058 -11.5553223088415 -19.9832189222154 15.4907308024906 -12.6932094445049
Kryptobaatar_dashzevegi -28.4651013882472 -8.46920835046935 -9.51191470230395 -10.6413188498523 -13.4170018808564 -12.5681593454331 11.3144314315306 11.4379074847711 -0.56473992702954 -3.74638828468761
Lagostomus_maximus -52.8877196539003 -21.3082724168992 -4.55712992002869 36.7339374036332 17.5882076231299 2.35625528047852 3.56126651540116 6.90569806570856 -10.3607939963512 4.95937577860154
Lama_glama -30.9494609276285 -5.43156156234411 11.2608421272271 31.7909326449555 27.3333749155536 4.9158173503414 -4.45859090065376 -0.814604650847935 -9.18615358897896 5.96851302358721
Laonastes_aenigmamus -24.6908463342543 -49.6564280601566 7.56966989011168 2.46301979457982 19.2858000683238 -18.6978802008362 1.17289931678836 15.3668126293721 4.48797365747149 9.39439310643886
Lasiorhinus_latifrons -4.19681443025905 -14.11518928389 -3.26994313605374 1.66523055512685 3.00161485213786 -0.504849060028542 -12.8279901912351 2.98172996606763 -5.42041692926706 10.3326765517317
Lasiurus_intermedius 40.2388494764384 -41.4394553001698 9.60672492045204 -27.3977989327174 -10.5534304213576 1.1848806678807 4.86486096479904 31.5118237208542 -4.73422905704268 4.06788319295483
Lemmus_lemmus -19.3000016092842 -21.6357369699228 -12.7838529269898 -4.92891672493565 1.03266093376454 -6.64838079349492 -3.13840779341286 -1.21784223972753 2.19460255025066 7.94244421082596
Lemur_catta -18.7889421809306 -2.63173969159958 20.5848973248368 43.0018433029046 21.5902449229816 23.3882011043951 -16.5999634053836 -8.11646712710208 3.6685518409351 7.86241058242366
Leontinia_gaudryi -11.3202212749183 -4.69176698629522 -15.0930983781718 16.5583527989285 -2.1907342645209 -14.6341287818269 17.9023995441704 -0.854210893180677 1.65166231175173 22.4655238025673
Lepilemur_mustelinus -27.1242387965548 -20.2764595428653 10.786359172342 36.3408628691787 12.797515796799 3.814186310209 -9.351410662517 -0.143062841651872 5.15128807867789 12.3899846827144
Leporillus_conditor -21.9568523929526 -18.1971537605158 7.87941759865754 7.45488661352686 5.19386108780847 9.39077629048125 -13.0176712051428 13.210630675513 -2.00395948006087 8.74525146761057
Leptailurus_serval -14.1331353211573 -7.52099526503145 21.4575655395882 33.1620461139945 25.9293624699411 11.5940828539461 -11.1307814713829 -4.05537261251488 -2.78291323331964 6.35966858450729
Leptauchenia_sp -74.3813540072258 -13.2119449462832 -2.46270973747571 -3.96186223066492 10.3546723174348 -19.7064262660006 -0.588447223858022 0.0454443964886424 7.81544839321705 12.6802657558332
Leptictis_sp -13.1028120111938 -44.7592392382699 18.3195492232038 -16.2340266972751 21.3419884112731 -5.17553380553292 -8.51536117786809 17.2062666786818 8.06458763697202 7.39961946474742
Leptocyon_sp -9.33642831114582 -16.3108210171043 25.9750094659758 6.0614432392673 15.0084476164489 17.569609044103 -20.5761207162912 -11.01021955656 -11.8152147040033 4.58695305486368
Lepus_europaeus -48.514722367183 -25.6520949239711 15.305403147571 24.1713283308924 30.508286092437 6.09639123640569 -21.6011936120361 7.39576700411546 7.77851450209642 13.5220134556419
Lonchophylla_robusta 23.9591982983574 -37.7842934249765 13.4145225859147 16.8183386716721 10.4626942017133 -1.20925143539768 -1.27662522719407 8.21097986361849 -6.53967693032647 4.39263266476624
Lonchorhina_aurita 48.2358059024304 -55.6465762672454 2.8921433141488 -2.01280018290934 11.9235137617945 -10.6151235374694 20.693330393991 18.4831844129564 -10.7517882110123 9.53910228380603
Lophocebus_albigena -10.1179869887746 33.4147453814616 -9.56267818870614 46.2336178305226 17.8825444846751 30.7326402248777 -16.7824892624229 -12.1471728319724 7.15388081447265 -5.90690337703785
Lophostoma_brasiliense 45.1632666531062 -48.6603916163744 40.3945577570364 19.3375639124126 12.8170929790346 7.29216338896527 10.9594842033066 22.80116019244 -8.63789194280151 16.4605940183696
Lophuromys_sikapusi -3.58273403734951 -13.5383221746114 -0.211963369429121 7.86667262219817 10.1763582920923 -2.55406880074843 -6.67025761188954 14.1305455893477 3.47627019796776 7.50718627665506
Loris_tardigradus 7.15493805677653 39.283664698294 -1.83106674994046 51.0571163121455 28.2637726676115 -2.71501825089101 -9.43672836274831 -3.61801290963185 7.51537668285986 4.47850723583524
Loxodonta_africana 2.15286107927288 -2.2509139910542 -17.6885547002098 36.7368849179663 -8.77265952474853 -18.4281513870856 16.5052160094712 11.3311192600813 10.9566297214043 3.90657918153203
Lycaon_pictus -12.722511559905 30.8865819867418 4.17071810256143 28.8288177750112 24.7024732079693 7.41494888971192 -18.225905395221 -6.02296002996693 -2.64117960896696 2.57737567336609
Lynx_rufus -2.96794821031386 -10.4135301283742 18.0166425772296 28.8457204477204 25.5399820563012 15.8170954891149 -11.7961137131295 -6.23658542775207 -3.98864865071177 6.57076687744268
Macaca_fascicularis -16.0661709014126 35.6570973112589 -8.75481967288928 46.6431797822523 22.1205320621719 19.80933784534 -21.5241032075391 -13.7314697337793 4.57783555457849 0.382700201464401
Macrophyllum_macrophyllum 32.0967412571964 -47.8071212240458 12.7672611907168 20.015517952564 18.6385334669782 5.40241715739282 12.0200930481429 14.0989977252003 -5.52200374106348 11.64424539863
Macropus_giganteus -53.8624727458346 -10.4918853708862 -9.31175703679526 19.3000915970173 13.831280821206 11.0294723948657 -3.80201378659786 -0.0974610622543878 -2.2035516395556 3.96662686645512
Macrotarsomys_bastardi -12.1748416277221 -18.2125564077498 -6.5247152437594 -1.70430399613074 -2.35484642390936 16.7199959970379 -11.681593680308 7.570479902258 4.59675005159658 10.8466123837509
Macrotis_lagotis -36.0190105692804 -6.99676930499753 -11.8893402138149 5.44088001222897 4.02980066992476 5.70739107400736 3.97841950420331 21.6364489329533 6.428860883742 11.8130339040253
Macrotus_waterhousii 6.58148382932245 -51.948207005408 14.7544619908748 25.4324812783984 27.5579670277515 -2.89090716063229 8.04063005890906 23.7928757403154 -8.75355044272631 12.2469404768605
Mandrillus_sphinx -2.95775331372755 33.1953636982517 -3.00488935857026 46.8067659534526 29.0518683600564 28.0699333251932 -14.7736090531586 -7.69064814819831 14.9493770179198 3.76251726505811
Manis_javanica 51.1395895909092 15.5293244700338 14.3147152016578 -14.273132701607 6.1648157424634 -4.21815397098479 9.48567862014895 3.42010354118069 -5.34452943352763 0.322695304024865
Marmota_caudata -21.5323209222586 -15.2859353763691 -16.4896536633468 17.7778744824845 20.2954851684738 12.632925318594 -14.7517590839949 5.43597389143697 -6.52616412224438 11.9829858283084
Megacerops_coloradensis -28.362142095675 22.9416407237868 -24.7165763333124 14.3829411710981 3.18429451420129 -17.322227830177 6.48405226339117 5.21527687936449 0.292566641538321 2.16675335017567
Megaderma_spasma -2.11477224336679 -54.3978595657391 33.8825614640737 25.3624657211 19.6466655028769 -9.38833630238589 10.2210447182536 26.8016445221178 -10.6582704137551 14.2099616222846
Megaladapis_madagascariensis -31.3580199038009 -4.46659457704136 -3.23891857943394 25.3517280762172 19.1567301858259 15.6167921152512 -18.3462996773277 -10.262436092624 4.52054106714188 8.60920016671819
Megalagus_turgidus -28.0189446610412 -49.7936995656101 13.3235380552684 9.48657099065167 19.3233786347588 -5.35284979907717 -16.1535358543658 10.1713268186595 1.2353642474201 11.3259292103273
Megalonyx_jeffersonii 45.1531828324099 -10.6361859392797 -3.08714057550032 19.9916804565293 10.9308360442891 -9.84688857756006 4.0960031898224 1.82938557222393 -3.83944366572391 -7.06320827057653
Megatherium_americanum 53.0200771923396 0.216327989424782 -2.28643141538045 23.5127632343541 3.85277614904118 -8.15265346873432 3.37289691374085 2.48460028646259 -1.34938395409979 0.141893589168898
Mellivora_capensis -20.5016749882331 21.8050481566842 5.14100473035786 19.758937156561 15.3752504021572 0.749263263326307 -34.1641837575525 -10.9338322792468 2.28761768706368 4.73641229337143
Mephitis_mephitis -6.37845689560215 4.54532775047948 -13.2722666185173 24.2793433871557 22.2864505471398 12.4041479051373 -10.092243655301 -1.93060790469177 -2.07607095941641 7.32133299022607
Meriones_libycus -75.0566390732864 -8.4014809073829 -2.97470247992833 -1.27875975669939 1.6889892469819 1.6422829329018 -16.3839796829057 -6.33602879121059 17.2733173417841 16.4621121958804
Merychippus_severus -43.9833409960218 9.70508384771427 13.5880292308805 16.2579507956705 25.8042208802585 -4.34425405052991 0.752866586320919 5.80984746880316 -0.137043061404029 6.05097679988978
Merycochoerus_proprius -19.8528303861373 -33.2503216761852 -19.988467425572 -0.2479859265659 25.6931830538013 -21.1683742440351 -4.53315691159575 -0.00569692564294881 0.778968048387328 9.77298732311404
Mesatirhinus_junius -11.4921405330688 -17.9263252669514 -4.82473107676024 -34.8032180851089 20.0370936149659 -10.9481441862913 -8.55269372996943 7.3153329910273 -7.31958657577395 7.24242394144267
Mesogaulus_paniensis -5.0473598547507 -31.7700249503415 -13.3289550236036 7.51180305981614 -4.58540417460738 -7.65240339412105 -8.81699296084792 -3.74802184519207 -0.753755994737512 11.3990315217023
Mesohippus_bairdi -27.5180653318992 -24.9795192392685 23.2870004932862 13.9941398329043 20.394329139429 -11.8477708867088 -7.93398151824671 7.98725588582539 -4.43716094471865 8.6675117841743
Microcebus_murinus -5.9359534222075 -5.11859606377671 -4.81563820086219 34.2789113500607 14.2075456374565 13.7469672744203 -5.45817750122687 4.29602946898571 0.318199638650051 10.2710032133839
Microchoerus_erinaceus -37.591148799487 -11.806380262333 -4.4577900627167 32.5684576690553 18.2120660342233 21.0771425309663 -3.53515833736046 -2.46544702626091 -0.0234076867193998 6.91881073661087
Microgale_drouhardi 36.9507506426152 -0.976134499085087 -22.2029455915323 -13.5468185054393 11.6264699711099 7.4465841518765 9.26774701803491 8.06789967688182 0.652819331575741 9.41131086964035
Micromys_minutus -11.3536130211614 -19.3235283519706 10.4306524738009 17.263951132683 6.07552931063333 4.16233300862245 -9.20205790451903 12.8368784212072 4.80141429223818 8.81937756610471
Micronycteris_hirsuta 22.5345067745237 -40.6927954406325 26.5749903584346 17.4706926693127 14.3177545424321 -2.14958062561474 14.9612614490574 21.057768503918 -6.61463638888753 8.20145682917246
Micropteropus_pusillus -2.87975567270731 -26.668813635223 -4.22871120678941 2.16496918923177 16.151184849037 5.75376218786053 -5.95043304158338 2.11881377112393 -0.33521518651158 13.1097770347857
Microsyops_annectens 9.11680461010321 -27.4417048134077 -11.0948945028806 -0.802675279539477 -1.96035282771619 -18.9444549444322 -5.19185221728209 -6.71487104293123 -6.35851492906232 4.77402673280596
Microtus_yuldaschi -8.5397839465345 -12.0567234693309 -22.0520800893076 -7.38280881193625 -10.6170251952095 11.6606408003377 1.39177144184375 -1.55236770175257 6.71969702920785 10.1935499744019
Miniopterus_schreibersii 48.5038704973873 -37.1650076005531 6.2599689823022 -16.2215175451953 4.62211100418309 -7.69179469435107 10.8318574185069 34.9898625672907 2.16340186337644 5.42299273035944
Mirza_coquereli 2.56129769049599 -9.24090711771198 2.26637778361493 39.9376506042217 16.6393501803222 13.7079193875618 -7.4845935855899 -7.6257621410379 -0.0132739188278596 8.17374891784529
Mixtotherium_sp -5.20890017795008 -44.352093400287 2.75019457834138 -24.4554571856827 21.741083460951 -26.877284055055 -19.4693262937954 -22.3098475966322 -3.41367796363742 -1.36809956477577
Molossus_molossus 37.3566104874093 -43.5933772426466 7.52191218169557 -12.2040690818236 2.04412394448296 -1.21451962516317 7.72240561687835 22.0812829775272 2.18042290886466 3.87908777021964
Monodelphis_domestica -7.95688489300909 -19.8377828098815 -15.0296408207823 -13.7139193869097 16.325122904588 1.56571644650497 3.81019828435915 0.771222333268566 -7.0271317644377 3.51289866994334
Monodon_monoceros 68.1683813254746 52.4126363711998 -14.3797636411926 11.9860711606908 -24.2997459007463 -3.92258400275839 -8.27954181231883 -17.2254315054112 -2.25053067290126 3.05594272799471
Mops_thersites 24.5438432484642 -42.7564915327338 -4.27404990824708 -2.37936523910732 7.54137266795582 9.43363331051885 7.09620378574605 1.74933265442622 3.20151218245291 20.186144699067
Mormoops_megalophylla 89.8461386663056 -16.1593786157933 6.6622491419154 -38.9141867845982 -19.1726495661807 8.33765750747487 8.57631190656277 36.1243042269626 0.33835130570412 4.06884113855422
Mouillacitherium_elegans -14.0168199083221 -25.5738615445015 17.0472571228556 -12.1103991710476 19.6795271473898 5.08595219122888 1.4385763777693 4.97864734352836 0.0909433049933658 9.12477456150125
Murina_cyclotis 44.7784416634903 -18.057163878098 15.0804719566616 0.417595177254323 -3.55891062229516 -4.25567596607891 17.0860388954545 21.6567040603404 -4.72267819316775 7.3594020160085
Mus_musculus 8.86435886845672 -18.5978218774316 -4.21847852005803 -7.54252133591543 -0.72466715833323 9.17593801068638 -11.841835512098 7.81710602283561 2.17600406574744 9.50808276018581
Muscardinus_avellanarius 2.67121012836266 -7.89929754317455 -11.0289793884205 13.0704090611113 6.06473338196215 4.05323298476502 -6.09762171361524 0.996631518671566 0.844044165895587 13.1807068362935
Mustela_nivalis 5.1742808703636 -3.53536802737658 19.551380244339 8.70185447220456 3.94998282939214 33.073384649558 -15.5942547535988 -4.5306514800839 -3.53437905521929 8.41749916060162
Mylodon_sp 26.237040749374 -16.9692954752092 -8.8026993239446 25.357637427261 7.69824546566877 -29.4093395488169 5.20497813791434 -1.73450353585942 -7.83040615181694 2.33335106051468
Myocastor_coypus -49.0418657400937 -22.1933306363027 -9.79345971409514 1.57080045674479 16.0518130239353 16.8714817414356 -10.7613517056678 2.02034189970791 -2.15335678548047 10.9631476573686
Myosciurus_pumilio -0.343099194791779 -16.785948666982 -0.160473322543677 20.1404848215496 1.40765872403317 7.94176806654347 -6.66377709018198 4.89220607756982 9.34576284370276 9.29329734128905
Myospalax_myospalax 3.1654812004267 5.56051512930333 -36.4554227210572 11.1024466545357 3.78152274282557 -10.8834572034191 3.31333480789404 25.7142359092721 9.2822133542836 5.93307407895236
Myotis_adversus 38.8778527381286 -35.6406288495054 9.92685553702727 -9.59346463958289 11.6040562788103 -7.54582248837749 9.09214622915595 28.0579770496829 -0.451515783542688 9.00425771315534
Myrmecobius_fasciatus -8.26417769306264 -15.9037889086468 0.76882863958829 10.4899515968319 -4.46793065158622 -1.81694762872809 1.25330669629428 6.42605718362857 6.24764818211208 1.71768367363177
Myrmecophaga_tridactyla -11.504648216363 -9.29996500182053 1.24199831607543 -7.53015341126427 8.3532907084601 9.32346921671339 -6.5620039260022 6.54798409834828 -0.945256172740929 13.7455870303706
Mysateles_prehensilis -43.8883566930851 -31.4735135004981 2.89453607906126 9.42114736518815 1.64792599605044 7.26632904270629 -13.3669980398203 -11.7180024279886 0.214927412909779 6.32603400928293
Mystacina_tuberculata 39.0410532568897 -30.647222164006 4.14003636075808 -3.7891172474471 2.47710065473769 2.78839033244888 11.3181282965971 23.8429923909718 -4.89563206967133 5.28671474428295
Myzopoda_aurita 49.0733855293891 -44.3401905406167 0.494260434548869 -21.5994862911428 16.5991086877268 -10.5211827901262 15.5621295751822 18.5513670356967 -2.98501950035011 8.69923295413619
Nandinia_binotata 10.5366345750999 -12.5662457954897 27.1046007499281 24.0339436685338 27.0103785745248 -0.979111240830006 -6.48531816879755 -8.48399652122142 -6.36022313843266 2.90553337559664
Nannospalax_leucodon 12.6215720846934 5.92450284307218 -27.7153125582851 2.93223748274867 -3.9128167758825 -6.14999535872994 -19.7180384319693 5.72988836054729 11.0200423268315 12.2019245286482
Nasalis_larvatus -3.84268724961635 27.3649370861707 -3.92158721297804 49.7850966919182 18.7693005541989 14.7139293399658 -12.8585516215247 -15.0500177178988 12.3136413867013 -1.66114489516536
Nasua_nasua 1.74799970892917 13.771479242444 15.4562876436059 31.8857490800693 25.1697088984383 8.77726756969642 -18.8397586741828 -12.4723056209603 0.152034148617553 8.7486617811907
Neacomys_spinosus 3.20489146382262 -20.8734417059243 -1.62039829523078 7.55069607665648 2.76587654895646 0.198303203998749 -4.9564642178382 9.43490724102472 5.7450185686786 5.00330651324087
Necrolemur_antiquus -34.0339525210928 -15.5578606690359 -5.08832464138606 37.4983034080831 21.5640726632995 24.3754025591626 -1.96385766209237 -0.94685132607065 -1.9716861944261 2.99522606750392
Neofiber_alleni -0.837307922195101 -20.9623653218654 1.90063636544424 1.97274568126153 -0.191887571255148 6.92252136797175 -9.54266956806425 8.17642738549838 6.07432547796374 8.73470779314483
Neohelos_stirtoni -7.36664121941266 -26.3050211604984 -18.0463755352486 0.0767346807216426 10.3810392715812 10.0678252679641 -0.882905934499519 3.70630466388871 -15.3666361244878 8.73555395889445
Neomonachus_tropicalis 76.5999846157138 29.0753575980723 -6.04211150991889 9.83981123136731 15.7366258202182 19.2140747032012 -7.30981694056471 -21.5991175043742 1.16774192667072 -4.52077758273029
Neomys_fodiens 29.8957080735533 3.56746547197472 -35.2643201201102 -8.64499409774446 5.53661342344852 10.6203125178826 -8.04560160910785 11.8676468425322 -3.93855383339136 -1.39774503566712
Neotoma_lepida -9.63547323770019 -10.0740414653697 6.07722510063223 14.0123694761351 2.89319620235357 10.9311780379201 -10.5021349996469 6.37745652608326 4.1647875172534 6.79139048005921
Nesodon_imbricatus -79.1254007190499 32.6355553669868 -14.3191315579981 6.58625204847634 10.7598705892912 -37.1013362187323 7.86499940361691 6.38254668056634 6.85030636878939 8.82410520096083
Nimbacinus_dicksoni -32.7985573586325 -18.4215491943619 -6.44839084312577 -6.20150320361595 17.5560793160921 2.94639847689152 -2.37261982871734 2.23743457460748 1.95007626171793 7.52906313046756
Nimbadon_lavarackorum -4.06633678486823 -31.3944843304249 27.7280037224732 8.76798209184286 18.9664254967471 10.3893488877903 -15.3656366387852 -7.65245481669571 -10.4397156151119 10.8983796275327
Niviventer_rapit -2.36920326890026 -16.250584420619 3.56478015475579 6.21314149753374 9.22376822966368 5.41811643738825 -10.6203328414918 3.21445390531249 5.43563988660151 9.1718466438253
Noctilio_albiventris 50.8518156806243 -38.7880379818125 8.94559283237565 -11.0406274946622 3.5117244761202 9.41275843913366 14.5883747237471 25.1381842827141 -4.49025983330111 8.81984368951829
Notharctus_tenebrosus -19.9856922923259 -38.2934585942407 5.84356568183114 12.3774860805024 6.39040365074922 5.01093586529556 -8.25339241278316 0.949090171147793 1.98210749679868 12.5529869658681
Nothrotheriops_shastensis -22.1809365787176 -32.0249059472739 -18.7549894255929 44.0154332007665 11.9347943142694 -5.50635901738208 22.4361826276641 2.37770299686178 -10.4916326069371 5.25372912298827
Notoryctes_typhlops 15.2944465828621 24.6717254836804 -30.3410397504822 -0.700648044026675 8.22213321975573 21.8925013922086 4.76276738209242 34.0287792216058 3.35803492521415 8.99965118592559
Nycteris_thebaica 1.37827615802815 -36.7399077448433 35.5024742016138 30.5098047121952 12.171325363023 -30.8148010916367 8.13518626992834 18.6582123109075 -4.46370123694948 14.8451409543376
Nycticeius_humeralis 27.6041988932403 -40.1222577190678 -13.4853099078078 -34.5494496098581 2.62564228374771 -2.1992319935102 9.435328101505 24.7900844468544 4.90993914841837 14.9164482061071
Nyctiellus_lepidus 8.84440465284071 -42.9108558883184 -0.705687626077977 -2.73500319920119 6.22525437904413 -12.6375580309469 23.9794377545062 26.1420140660713 0.740583013576797 7.07440213472697
Nyctimene_rabori -4.96512341066595 -11.8317769705852 -3.60644800000186 -1.58054405714907 15.286888749339 -9.37869673658543 -4.32836314321722 -3.93358308845659 -0.386882140110594 10.0947028457281
Obdurodon_dicksoni 18.461197474477 15.67196560839 14.5136753306989 20.0480179200966 2.14125987446787 18.2139087712547 -7.70336938221608 -25.5056474299563 6.28687227607197 -3.73861619430459
Ochotona_alpina -44.3903313878196 -40.756720158581 1.0010718841291 0.661913462501555 7.02642827186459 -4.58355599380766 -13.9878094192191 -1.82365345635405 10.0581085210928 13.3678364537726
Ochrotomys_nuttalli 0.730428564636558 -9.00825671522501 -4.56200862721505 4.96089329768797 0.23800859964768 16.4542037901254 -8.64390839636706 8.52934479815588 4.06068946924088 8.94507132758525
Octodon_degus -60.7188144533183 -30.602942292403 2.00307610566251 22.7871928608505 5.23001535456702 -5.47671298316897 -3.42766777355602 3.08043472717292 1.21713307473642 9.44053678767055
Odobenus_rosmarus 72.8772807686716 10.4257569932186 21.1446494908382 18.2946486870514 2.91674989090379 22.0849603852298 0.0357240706407461 -9.76055482061251 12.6407898539715 -0.89094463450418
Odocoileus_hemionus -49.3857925576223 14.8601725811659 15.3302803942427 42.2388493998512 28.0584769698936 9.79943314518024 -3.92898736707019 -5.78554791478297 -3.46164445005617 2.25084305616515
Okapia_johnstoni -31.6510362619097 24.3513508348073 26.8378112352144 18.2508252018857 5.04987001151469 12.0204516023342 2.16229106697488 -3.33584562251033 -5.70826524619943 1.53733236856784
Oligoryzomys_flavescens 20.7090619196248 -16.7412785535161 2.50368512301567 8.71158657342229 8.7739297721516 7.41194863424482 -9.82659432349893 5.40235444673959 1.03560483605462 5.04773460507779
Orcaella_heinsohni 54.2654156444031 31.0782919976846 19.5568174059112 19.8337147241819 -8.50184236263315 -3.31067631418991 -13.0064405921127 -11.7133438059738 10.8984366767657 -0.850201099666684
Ornithorhynchus_anatinus 16.4743738903131 27.7092051483164 2.28851329112429 5.04200916765719 -9.39447033381536 20.5922220600947 -15.463058408164 -17.3700189170954 -11.020554191494 7.37969817839477
Orycteropus_afer -25.892868885982 -30.9363916660485 -0.444807049281004 0.202354840159917 9.73980054302409 -8.5400463659871 -19.9349893105923 8.4194460268699 -5.33836872856498 9.5137279108011
Oryctolagus_cuniculus -40.7532569156864 -26.3898138113169 7.80722147053961 9.88327572891523 21.2711420977402 14.4788442745785 -22.6594310764793 4.53293631957104 13.6575873017968 18.5064735388732
Otolemur_garnettii -22.2097501516415 12.8524796554645 5.16860676362535 50.1026570613815 17.0169907502635 17.3706671164329 -4.72391542163764 -2.63866958077713 0.498768501562526 3.75590195455308
Otospermophilus_variegatus -29.2699947938192 -17.5752352597622 -4.5634848980501 14.5989032554506 8.68686911369448 14.6209248306474 -11.2955689964576 2.88351048793678 3.27849760504951 10.4986040723632
Oxydactylus_sp -44.8017950720965 -3.58273730800905 30.524642081422 26.0551873126617 15.2919988616545 -17.4304630489808 -15.0652596158593 -8.96849365865838 0.980731943833757 9.2545876749809
Palaeolama_sp -2.86267460986199 -8.54899203650846 0.215415383259316 18.3813872789515 25.3349095885118 15.80743312002 2.711496396264 -3.47120631919709 -3.46045076378172 2.41474316652071
Palaeosyops_sp -63.6540799637691 -18.0992636365068 -12.2622428199854 -11.4098088220058 17.237298330628 -10.0789012072186 7.49921049440643 -15.7337419134808 -12.0384546135314 12.9137204677588
Pan_troglodytes 26.1169248451173 11.2469868246193 7.44485657936877 60.9834551124967 36.4841516037996 7.45803172808242 -20.7678211446615 -19.6760051254245 16.1896614017303 5.05464724294205
Panthera_pardus -2.04202691625554 -4.38032321654316 21.2012748238516 19.7227937941088 26.3873335568205 -0.850010116751843 -19.9649889766164 -9.77918457960976 -5.42849983900948 4.6811832851949
Papio_hamadryas -12.6677993598593 39.5546354932755 -7.6971821499326 40.9927416071395 17.9762909335008 33.9537615511431 -3.08329980205554 -9.76989539411762 20.5402959411381 -0.647098338066447
Paracynarctus_sinclairi -16.9502882810581 -17.8422669408647 22.0922086586323 21.0066237188492 15.8568366821373 14.5168506353073 -14.5223001037177 -6.54409605294077 1.75010892689705 6.68750670481385
Paramylodon_harlani 39.0773506547686 -29.1224458112184 -16.501553619457 15.0841044023971 21.0127893383746 -10.7915707763553 6.04986672851052 -3.23030611828762 -10.7000019022295 0.467743898112866
Paramys_delicatus 3.69222967450159 -27.7414357084679 -8.92440156707892 -4.48689774589335 -12.0566763066745 -11.1646004046416 -14.2252950610352 -5.87832468178787 5.35579901619715 7.57399125728455
Parapithecus_grangeri -31.9817724011155 18.7454916191359 -7.8785626538991 39.5063964270975 30.7385169599597 30.0412065688716 -14.4372488478836 -0.735219655172353 1.91578271627497 13.1643867241473
Patriomanis_americana 27.8874122725038 -19.7284777428297 20.7399249851517 -11.9868096031802 -0.978222246213229 -6.41065103357088 5.44313741246175 7.54897673258806 7.47932430527813 12.9142880608375
Pedetes_capensis -53.090475938569 -2.8551358409324 -3.0839246582067 7.58594917385677 4.25413456929429 -1.25445694652822 -7.07009224826815 4.76772578279631 5.9984184429917 6.7748600010923
Pekania_pennanti -21.3523980234001 12.3464552651218 15.0112357710693 26.4723362763795 13.6964281644418 20.3816249578931 -14.0651229348773 -10.5366763238984 8.16638668413338 4.88696409374005
Perameles_bougainville -23.5515318558021 -0.190090689237043 -16.3864327360233 9.15333813892519 16.7891800911544 16.9902707751385 8.76036186256657 27.5057264351724 4.7776371647149 9.86338801308621
Peromyscus_polionotus 6.43277858446833 -10.4525045206136 -11.345899874409 2.05049557860758 6.27433513993 19.2139186069245 -8.30346972875535 5.73568518062342 1.68238821092341 9.1680927249288
Petaurista_leucogenys -30.6141125132561 -23.932820803877 2.46486959896719 31.4511258408962 5.29490822145015 6.34324788787759 -12.5672112655641 -4.13673607777827 5.40794574534325 16.0800730005344
Petauroides_volans -13.7701122618889 -32.1455661411285 3.04327380980638 2.05280307452721 -6.70779510933972 -10.7050864994107 -9.94988849377593 -3.71567620016735 -3.04637751846559 0.886005564978264
Petaurus_australis 9.9428667392441 -17.7055842616993 -9.94122803943715 15.9169749576129 -1.25343869415565 10.3110206165517 -3.34674269005554 1.01947156208342 1.32065679369673 5.69909831335304
Petinomys_setosus -12.8785636242003 -12.1126099764263 -11.7752432101571 17.9752830629297 2.63029243028978 7.41184774930508 -11.181607415239 -5.67513648763392 9.11095438104566 12.8489834721287
Petromus_typicus -40.1728266165224 -40.6779313957616 -2.16133651185674 9.67502114511969 1.67650400722404 -7.82004194805849 10.6833707920107 2.89177902387685 2.57682821768523 6.30789307667068
Phacochoerus_africanus 8.12292326883102 11.6902747776526 4.40509276002618 13.704409916432 29.6314551407379 -6.74177939616942 -1.84174763861917 1.06718220098408 -3.37768631472944 8.63757615392907
Phalanger_orientalis -9.68283433563635 -27.502909876422 7.68370774309103 11.2105307731808 14.5942528465097 7.5400229205687 -5.08531407044095 -5.08279233707095 -6.40696885152265 4.21694696816953
Phascogale_tapoatafa -1.63475575155688 3.02891029691932 -10.8378630711009 2.75600804601467 -14.9626261551191 11.2221881678095 3.23517940841399 0.838391745661406 -0.587834105259585 1.18264616888768
Phascolarctos_cinereus -21.1704580137523 -40.3574258875148 -5.72933974373425 14.247015578418 18.8945102651561 10.9723636849113 -12.4309964183065 -0.0643877819109952 -2.48142817736255 15.902768186564
Phenacodus_primaevus -7.12367276058492 -57.2018083534274 6.54067801325215 -24.2291609107754 -9.06999459659163 -13.8294673881184 1.76208727045586 -14.1119638850714 2.87098256377994 17.2644163491185
Philander_opossum 3.96127392637632 -17.6342702900732 -7.08808969531249 -2.67268345147818 14.0645191188356 -9.55216358162565 4.51168900038585 8.15286981327545 -7.24780845599309 -0.593832725919089
Phocoena_phocoena 113.167898400688 46.9580780123603 28.4651412722683 0.778436602603303 16.9007062942014 -13.7669522526228 5.84007762957003 -22.3953954645358 11.0943291512583 -5.34045762138381
Phyllostomus_hastatus 55.4845985137208 -46.09837919404 15.783083841914 12.012046392622 21.4119636145683 3.9409419210931 2.64350632354336 4.75932655336187 -16.0047971859791 13.5603811708284
Pipistrellus_hesperus 23.9982560117315 -40.9211228735826 -14.7367282586451 -27.7663221012162 7.99809579044269 -7.03443239339665 8.29594361243692 15.8009935409872 -3.10700506354256 -6.74686455207151
Pithecia_pithecia -5.14089937642686 30.6656002362036 -6.29936987820199 44.7197130442179 30.9999441534268 9.21223992782885 -23.0420908595205 -11.8167436018575 5.66105397649553 8.50211784909025
Planigale_ingrami 13.0034212243389 -6.40404061933041 -30.3903403491816 -13.9396417136877 -6.4462444359116 6.09887454125262 5.09264510567653 -5.75032230428424 -4.01273255367411 7.22012430094508
Platacanthomys_lasiurus 2.02200361994482 -31.117097061982 0.358723746668872 12.468586107409 1.30988520629329 -2.21640057848061 -8.85143526656809 3.61289858406372 5.1380201498679 6.17418024804494
Platygonus_compressus -7.51572837189245 29.3594802718924 21.4386129207461 31.005267340508 18.8879617221976 -16.7677666721529 -8.04572375850127 -14.3636717446373 2.32824983199022 3.43302498676366
Plionictis_sp -6.3762199575521 -15.4675681116892 31.8819608652204 12.7395667040767 4.3657462415773 13.0480618409841 -7.1566170627709 -11.7247252842904 2.16054505068519 4.81334724194449
Pongo_abelii 40.9280763140591 37.6190878703761 14.2843172655506 58.8084055008253 33.152115676126 0.176200534876646 -17.4065298687169 -18.6917197571425 19.1051036676103 3.8744237816622
Pontoporia_blainvillei 92.1213770147187 42.5426596863859 23.5686266243507 11.5115682746508 -8.61902775716651 10.4576420122042 0.406263819957912 -21.213588668357 6.9833872618839 2.80043832965446
Potamogale_velox 25.2161055939662 -30.7452531942267 -9.68305034267756 3.85605332008247 21.383916023617 -1.1590269713017 11.933995981733 7.95688126668867 -8.5846669565477 0.40189682893986
Potorous_tridactylus -8.81244741840347 -9.17753326547025 -4.05751354313174 10.207916809621 6.62525726585536 16.615097962253 1.45031448236681 8.45356359672848 0.316987459029868 8.23123297152465
Prionodon_linsang -8.24285909097817 -14.3078469579806 38.8137857605529 3.19258303183314 17.9272547331318 -1.61782043546199 -9.43844762862943 -10.8107056806717 -14.2461180872007 6.82839404769761
Procavia_capensis -31.75926952704 -10.5715155861733 16.978890133016 18.1214270529867 15.6645651571321 5.89028167337731 -4.94767004084106 4.93188391946374 -9.39916700987594 9.00979590902465
Procyon_lotor -5.32844986048636 6.48397478722292 -10.2151376702451 35.192862805474 27.1988542304001 2.41468212706192 -18.0308476964365 -8.60098635707734 -6.14378904682568 2.58558426627699
Promartes_olcotti 13.9753132642312 23.8467697071975 -8.94877487231499 20.6790679704862 16.5778533085988 21.6023374533245 -7.63742461231535 -0.706759018129673 8.9444470574812 6.82224167048202
Prometheomys_schaposchnikowi -9.66343433487448 -17.7660141200561 -0.829404099166271 9.11841579258681 -3.99315351499236 5.05838372306994 -12.8573553108561 1.35200938363166 4.12610246381549 7.09223695981792
Pronolagus_randensis -39.6899002282095 -25.3531447693262 -6.80136034535924 -20.4595056724865 33.6758321483087 22.6164971588188 -14.3513029221285 16.6815397216877 16.1138658645388 23.702596613852
Propithecus_verreauxi -10.2070412244503 8.36237399448814 -3.45845005507391 41.5997318827902 24.9159813201685 14.9367252175216 -22.3552506095853 -3.46087926774001 -4.34128067375594 -0.363845799075001
Proscelidodon_patrius 18.9436655309661 -0.00747777267795491 27.5781826952653 16.4941587450672 -0.832082789744744 -9.72139634979615 11.5347048404492 6.89484255717856 -6.32335307128016 8.71825780763084
Prospaniomys_priscus -42.8734541795911 -39.4311803328108 10.4003545784153 -0.582742522028674 -0.964704787832883 -6.61406563162532 -13.8817858868123 1.25415393201285 -1.47247252132702 1.91021316672367
Proteles_cristatus -0.74566494982334 -15.6893193060093 8.88004362983322 12.0160196262695 26.7092767790341 -1.90445734760494 -8.03001402065032 -6.52084070498331 0.710942269535615 16.5014156905562
Proterotherium_cavum -76.9147609312437 -15.9674341335355 21.6094060567439 0.524465100681663 -2.12311313658349 -19.4056514495922 -8.45084035063364 -6.51147151792908 2.30231006628117 5.76897587173841
Protocetus_atavus 35.6972277584 -11.6518152821815 -6.83860284074748 -0.243526970191486 6.71854307929166 -17.0014655514855 -16.0523276015964 11.6337147537179 4.40264295506456 19.6423815383932
Protosciurus_rachelae -25.1282525032346 -30.0594983989612 2.51228276028014 3.23848971452866 -2.39282409654787 2.85049582563504 -5.62917282458986 1.98236511288922 3.31952427379043 13.745633997352
Protypotherium_australe -62.3890681680622 -14.478216491647 -5.61084165615404 8.3964497672751 19.3204178322533 6.52354037203251 14.5736201814643 -0.241542190137076 3.40052688861552 7.77140752115831
Pseudaelurus_validus -25.3200873594388 -6.34616293487297 22.2124511621024 15.3899469185414 14.116991012763 -1.18513403338905 -10.5433802881724 -3.95105983996365 -3.98180046645473 2.71571618559976
Pseudhipparion_gratum -42.4003504672156 -10.2781366799559 3.41094276737619 18.7655689578134 21.3374468688203 -3.60606876548229 -3.60807463621942 2.63842824213663 -0.258859677908935 10.8679735284065
Pseudocheirus_peregrinus -15.0452439961034 -30.5932243665967 -0.321273492214315 4.69610410927219 3.80367171403199 -1.57521510950607 -15.7776169961962 2.9660116172805 1.66852636689058 8.93746544538816
Pseudochirops_cupreus -10.3947229864622 -22.0052364109238 0.205019778035826 6.71523397151383 5.59839328624862 -4.48141694381877 -6.71072859780956 2.66274340739461 -1.88398361301401 6.7053114373718
Pseudotomus_horribilis 2.92133489515173 -19.693829937292 -9.76038645718894 -7.63539721706213 -4.82632937601471 6.36350345835672 -18.6210645214688 0.261747251372237 -0.799120916998783 9.59983571967334
Pseudotypotherium_pseudopachygnathum -81.3538681149962 -15.8196971771922 1.66294572850229 5.53963423892282 8.5439333519499 -3.98279049273459 24.3835381321239 -9.32224134648325 -10.5489928415623 15.9193977798324
Pteromys_volans -48.3815482493406 -30.8973192195737 9.17089674581111 30.6996857581871 4.69559996188945 1.82911943584812 -11.1327521407613 -2.93163204449924 6.80823280707431 12.0097078674059
Pteropus_giganteus -28.621348442399 -3.35032084946577 10.5112255793026 25.1583277904428 17.2814595026487 -12.0482360322113 -10.1892846654424 -1.97901755654044 -1.78216435857542 4.24283246363016
Ptilocercus_lowii 4.48989750967877 -17.6648562155507 -7.29904939366319 14.8781219092175 22.0010381093881 8.20836851133109 -7.53000490202944 1.64171895348918 -8.53033145793921 8.24972315272192
Quercygale_angustidens -3.97470853503017 -26.070385709274 31.7998841951081 -17.7536565192267 17.7612134487218 -9.86811172744999 -16.8117393640798 -2.07715287872265 -9.31180337533147 7.59348599799048
Rapamys_atramontis -25.8534188665613 -31.4409085053034 -2.5300956511425 0.847491526981683 0.0444921427117235 -14.1877765936016 -6.05145294402309 -1.48266703565576 0.592812598951171 7.55673196121221
Redunca_arundinum -58.1429075158958 1.24554684900784 5.40243552385938 24.6780628689502 28.9850495460831 2.43999161806236 -5.20085188959623 -3.6585483480523 -2.02657643571688 4.39961209125737
Rhinolophus_affinis 17.5967171006812 -52.2121561056021 31.6820286984084 20.2144829435793 10.1646401063573 -6.99099686877892 11.7351966059702 15.5330122411183 -3.48449265633695 1.23517257359859
Rhinophylla_fischerae 54.5024622620881 -23.7499954974356 13.8256891445875 14.3074750226999 13.8777983355977 -3.46324331728528 6.53077403519854 12.3172810228173 -8.92727254135862 6.55847066688484
Rhinopithecus_roxellana 11.1434314684913 27.8532124612241 -5.32995742870233 55.5357275876223 25.3119029842201 12.5635504948812 -16.3290194881728 -10.1258350725635 7.68208076689292 5.14740434069555
Rhinopoma_hardwickii -16.315606435916 -47.4237445487813 8.68480022633833 -10.1075857059396 0.514074615273417 -30.617070860626 8.41592030088935 24.2389149003095 3.12465431611932 0.684994537282435
Rhipidomys_fulviventer 0.849605304881721 -26.3601027881182 11.0673730847747 22.117688006539 8.01624319246372 9.95231738980095 -11.1119254768371 4.89905115219477 3.37443866722906 7.35022636472064
Rhizomys_sinensis -37.2331841650608 -6.1052606154865 -25.0881255895737 4.11085646884452 7.21982937346892 -15.8730406255938 1.69364457101733 15.532299610359 12.6618700929483 13.3232901400776
Rhynchocyon_petersi -19.4075880088315 -12.53116126353 6.23523780106885 14.4260122349212 2.55530049742983 -14.2646579753842 2.8873555542214 17.472350641484 0.0121840815552 1.50119839700076
Romerolagus_diazi -36.7956334530339 -17.2295229842453 -5.16398306664355 6.52085133777053 16.975838242012 6.91077172233506 -15.1060075618464 7.76164069192551 6.82497163003591 15.5989861195356
Rooneyia_viejaensis -7.63872026137226 2.58361468873941 -8.5676960749577 28.6624116911791 9.17611319128231 16.360707641185 -7.28010152933026 -3.56644262850357 -0.608847583374268 10.0582533333269
Rousettus_aegyptiacus -10.8771784505943 -13.8171146822843 -5.5812656072529 8.18346320336657 9.44579646561714 -5.69857934085708 -6.20155679368391 8.42262075854798 4.55188423923212 12.4882932283003
Saiga_tatarica -18.1516514248799 36.8023312158538 1.94535211515778 14.3366837379437 21.0109661752068 0.135086326154811 -0.771119157136139 -2.59271268278737 -6.33097857786101 -4.30914299850737
Saimiri_boliviensis 0.339158440656481 56.3800298760489 -13.0266487434785 37.9892768030415 28.4721361498071 15.0963247262257 -18.2078890626297 -5.47409498273807 8.49255893420786 10.1612288404291
Sarcophilus_harrisii -11.8366389355362 -22.8109097201227 -25.129198402506 -0.673959694771499 7.6633234335412 2.19699616001459 7.32711188831614 -8.10874390259448 -5.11808915964844 15.2452227544049
Scalopus_aquaticus -10.6088020853049 -20.0925673977945 -19.7571009348725 -5.4970110967423 1.52314013816973 12.2467847035189 -5.18545010133804 2.78262169439102 3.97964665062682 11.5520097233091
Scapteromys_tumidus -2.5881532496578 -14.205037035164 -1.10925853295667 7.16467558989121 11.0453729150929 21.8510800136173 -5.73164337694299 7.63466309618759 1.04367970925184 6.60419394772022
Sciurus_vulgaris -26.7358839024098 -20.170333357826 8.9762097993259 20.5889833696485 2.87503357936915 4.89389764432253 -11.4985500810778 3.98422193722992 6.1367947653272 13.5765723250921
Scotonycteris_zenkeri -14.047103750516 0.693943189921113 -3.82088115976081 0.35315004588314 9.17676684934363 -7.58309443249754 -9.30108694376238 7.84926288534077 6.59458513369488 8.9355091491788
Semnopithecus_entellus -5.36643512459713 19.7926267237074 -4.97347861533702 42.7558917897039 20.8942178429088 15.3872960349293 -21.3535011912737 -8.27935281186669 8.00682641970017 9.64379912138664
Setonix_brachyurus -25.1783884247014 -7.61298796774239 4.08549041230483 24.9445504051918 13.8662408262628 8.77071204522395 -9.5776568969468 8.14722823401679 -2.63694111599058 5.39178422007549
Sicista_concolor 11.4729160142368 -11.3518242067057 -11.5636469428392 1.87375741615263 3.63716342892342 5.89844458607039 -9.72346988322981 9.35615996741301 4.4697251088604 8.66014201298303
Sigmodon_hispidus -22.3462820804154 -20.9682896122306 2.81488680430278 11.0901691883497 8.99983176607438 1.08897147095718 -8.53528213813357 8.04313222536828 5.79771129691269 5.74715176872654
Silvabestius_johnnilandi -14.8135533764499 -26.6384704685187 -7.36432235678778 3.30519021227711 5.50344540448408 -6.64029455680147 -9.54833178604297 -8.00223064160879 -6.22805939917718 11.3527900470088
Simosthenurus_occidentalis -21.0429276995491 -21.275078858466 1.68605837547527 17.4867632377459 6.06327812986472 13.1635132887058 -14.7059248259025 7.80551188955304 1.89570858925065 7.90798328719847
Smilodectes_gracilis -19.0485321916248 -18.9320087452807 -12.531938616362 20.8304805982451 22.4393206225663 4.48263025701456 -10.2723066817991 5.39146071784254 -4.97633469828283 10.1342772361547
Smilodon_fatalis 4.75528935629636 -17.0886636724098 25.3206663315099 -1.66183936236333 24.0606948686262 -30.2791101603429 -7.65468687477384 -20.5088360396187 -14.9584099218663 -2.97360844485624
Sminthopsis_macroura 7.96690031747965 -12.0495358524748 -9.54361889426625 -14.2954335946598 -10.1486972045377 10.1570200819731 11.0282672403301 3.73896211283721 2.70454285291768 17.1935219874927
Smutsia_gigantea 46.1702457356103 6.45902767244632 39.4468924812995 3.46627128289138 19.4250544213467 -5.25618326820948 7.75511300747913 -0.0902539384167883 -10.7422722176225 -3.62862589800821
Solenodon_paradoxus -3.43463752557248 -32.3558362083047 -1.87646101334457 -4.7741905504483 36.553120396308 -4.18530892632375 10.9742077213942 4.38505234464929 -11.6492116765879 2.29202283356823
Sorex_araneus 33.9633611951462 11.9942520211524 -32.2909630084877 -11.4222224912294 -3.80738071808397 2.72942614893013 9.06426380233482 31.7692079041432 -2.81551050042004 -3.94203440594002
Spalacopus_cyanus -15.8643984376634 -26.738159135502 -18.9989089013842 -4.48032208816812 3.54886565505661 14.5657355242645 -7.55762908474406 1.52967041010529 2.73918536777419 12.2235319353867
Speothos_pacivorus -8.31856721257122 15.8071831274029 11.9275903988625 28.1833594429783 26.4928896175967 12.2610549068153 -15.7539685947854 -10.5498156404258 -2.19361548628698 6.39105809872615
Steatomys_pratensis 3.08612412922007 -0.853016704529302 -7.78616392514717 -10.0178944326699 -1.59897222069242 7.73293353926845 -15.7589962931877 12.7130168011029 8.43986536752386 11.6832906784358
Sturnira_ludovici 52.0771157029888 -30.1544091294449 25.3666246795743 18.4190301599919 1.11225854921176 11.3947935278512 7.94789312841839 9.55800977931633 1.30640974553832 9.19379575486937
Suncus_murinus 11.4622201704137 -17.199640885812 -25.4595746636233 -18.3543108285842 2.53271366916168 -7.32538620984746 6.48329411361844 3.15515536218891 -11.8098360436628 -2.0857686379702
Sundamys_muelleri 0.353006791517479 -18.9815393526282 6.14619886424513 11.3368790923134 3.18469279364905 2.03055978162065 -6.60981095591146 6.25432385828303 2.16384293853298 13.2052199190316
Sundasciurus_juvencus -11.4602728481888 -22.6077743694054 2.99416852995622 31.8241259304511 15.4003336284518 7.3635800801885 -14.2606301426354 4.21864213324209 2.27421012242729 11.0316392970185
Sus_scrofa 4.50659692391492 14.8989081330887 27.8725240352811 25.4635164142794 22.6153776860884 -13.8352257542813 -4.55404985772125 -0.123196205172497 -9.6945905000095 12.8900617145485
Sylvilagus_bachmani -40.1606365151347 -21.7335857542188 2.19228719245821 15.2525823504026 22.815034461555 11.2392526112754 -17.4750648347984 7.50525250522279 12.592188039259 19.6614301669981
Tachyglossus_aculeatus 27.4727549073899 38.8851354213854 24.1595949468473 9.4498088678526 -9.52487768006704 5.09754037534857 -9.8668407594606 -12.6479904330073 2.43655157255323 -9.51911979431486
Tachyoryctes_splendens -25.9139708849793 -9.51160334611487 -9.46257475796535 -10.7206174407811 -7.09887217526552 -12.7153724116291 -17.0711888415247 16.023301053394 14.4177566421779 11.1145906600261
Tadarida_brasiliensis -5.41159939164165 -53.9175771269893 2.69745523637903 -13.7173946445737 8.28960937883658 -7.48346768708776 2.84468793521189 24.8746120159798 6.88963107349416 5.97384704202403
Talpa_europaea 35.2257912814856 4.06468867223346 -10.0696260767491 1.12854881059051 -1.78707264394898 13.206236409067 4.50466919450145 6.76609912720257 3.35545581109466 3.75212847786838
Tamandua_sp -16.3563133401692 -25.5317766412742 4.07431070725503 8.79190701342034 15.7133966686744 5.90418346103283 -9.96597165985508 0.359449340278943 -2.53880521498082 11.4441136686526
Tamias_striatus -22.5638786462008 -16.8665669223117 -4.90187483949612 7.94147465736158 8.94327063439427 17.7602403272107 -7.14367545129382 1.40691695842422 5.30917566139465 15.7848854539295
Taphozous_melanopogon 10.8667687151879 -59.4203322255139 18.4519465795319 -11.5957378587361 6.25807219632079 -8.02094397398268 3.00915334492511 16.3224797280159 4.43005724386907 8.63914029592831
Tapirus_terrestris -63.2212154346705 1.18764134966779 -11.8906199906823 11.1770712623063 2.42296414103685 -5.27559374355635 18.418425375007 7.72546008929589 3.58743649830914 10.746209380643
Tarsipes_rostratus 15.4098891002407 -21.325695947797 -6.56587159912783 -13.6596387401641 -5.41657009732686 8.12206783335215 -3.61058931353575 7.90468434076064 1.54592825714328 14.8792675148061
Tarsius_tarsier 8.2151851209448 -0.314470183445611 4.48353455794781 38.716469291391 31.3732144807406 25.3739768582201 -15.2702536408372 5.4673234956532 -1.87687708020612 5.05473486676499
Tayassu_pecari -1.88761936771714 7.12960168384172 16.9791916806683 31.8223362804103 25.9111656421337 -6.9133148631147 -17.4645251599661 -13.3761492781541 -6.33523490460108 13.6505465782578
Tenrec_ecaudatus 19.1456007228633 -20.494434863326 -11.1781229359684 -8.05553143248021 6.53563850274779 3.36143406927619 3.22828447523838 7.76451210436799 -5.19804629587146 -0.553801535739312
Thalassocnus_natans 23.0835323938572 -28.8278913596034 22.4761709433647 16.5861012369188 10.9363912234811 20.0948258262974 14.3724911541528 -3.77268856058192 -3.68457771491005 4.21102174257964
Theropithecus_gelada -8.86075698009215 28.2230767958087 -8.42510731759096 50.2758196333643 16.2647677766457 21.1626741921906 -16.482437929051 -9.0440384844396 9.02275052454117 -0.922609962839053
Thryonomys_swinderianus -38.9070500157138 -35.6970053504755 9.5631439984543 6.3092265704995 13.0344566574101 -4.762917897643 -0.0288167670279197 8.44661493341262 2.62586153416027 11.4169663109052
Thylacinus_cynocephalus -13.5658884968962 -23.8300676515626 -6.57747100813632 -0.878665163723025 4.30003856440818 6.50417503420967 -8.10028391388329 3.17952485794818 1.46323500512852 0.580926815110391
Thylacoleo_carnifex -4.29935506221117 -21.6339032993449 -18.427895777293 12.3277715548033 7.97803997695821 16.7904219392164 -3.58811492627309 10.6788221177788 -4.70802424191035 5.42420564171935
Thylogale_stigmatica -31.9093589127416 -19.9194973566684 4.86660325466323 12.285116021873 15.4400834573339 13.0763802035338 -10.8738829565752 2.54967422020894 -1.37073392331745 6.46411187402307
Thyroptera_tricolor 40.4282230830968 -32.9679809313091 23.5995088666524 26.3567231368585 21.7294438920448 -0.754406645525434 6.16027469537903 32.8780403558151 -12.386916484929 1.23782808571528
Titanoides_primaevus 4.0331623650551 10.3137489291264 -14.6734156186209 -8.43133149183902 0.0553363973611342 -4.74447701286479 3.03913269986019 -21.2564342800416 -14.2569682379146 24.5648370610242
Tomopeas_ravus 5.68443588962763 -48.581392437509 4.66200844860754 2.10314324408977 -14.839633055897 -11.6037368206849 17.4410047309385 18.2820918146526 7.16580167393466 6.44758681781808
Tragelaphus_scriptus -34.2862833968776 10.0053401584468 14.5486588262875 30.7108221482026 28.228002835772 0.719280959423802 -7.48693836291472 1.14681966996391 -5.81909915334137 4.8762468307881
Trichechus_senegalensis -4.53696285267725 -12.4024066001285 -14.2491574828246 53.5937710630497 -8.02555524981091 -16.1033268487406 1.65803735364209 -1.05628298069294 8.24385834262471 6.37737772815431
Trichosurus_vulpecula -21.6780377372319 -17.8821384598132 4.27038003562534 11.1086489909465 -0.85984927967916 0.269814751248309 -8.88696928542279 0.0810382005305545 1.45407328529673 3.72989119971401
Trinomys_iheringi -24.1457503756248 -38.6986473157107 9.63811779361663 13.065607852306 16.0306677010547 -3.95279158232645 1.98880362277328 14.4756839251394 3.20002969381793 8.25898097445407
Trogosus_hillsii -1.94605355370184 -36.9902337328302 -3.34188018591621 1.64426296215211 6.01053572632174 -37.7749868067877 -2.3383512123847 2.26445340587197 -18.3616203039294 9.8586394745918
Tupaia_belangeri -13.394722296727 -15.1463748393442 9.85134829563033 11.1926238750862 7.35940469264359 7.98263280841242 -3.99367668187551 -2.20204522936933 -0.256830451975764 8.37001472995023
Tylomys_nudicaudus -11.2536972928968 -28.1120622321011 4.11173497941994 16.6402657914523 5.09856262081679 -12.1523946932232 -13.1180050704387 2.54364698620533 0.839455793002165 0.0797274189845808
Typotheriopsis_sp -81.2663231959646 9.06656764077874 1.62980852837397 10.4164798097984 12.103152216491 -3.93752794931404 18.4828338173838 -7.50334688827389 -11.9756054473855 8.19926722726576
Uintatherium_anceps 26.8904410035553 13.9263027973733 -25.7171985395083 -14.7411583518291 1.28944814210981 -12.2919665397132 20.1708703464666 -7.97699977574131 -13.1338090164833 10.8459818227003
Urocitellus_columbianus -27.8342725624693 -12.6663015455234 1.48530912085173 28.6328320191275 1.89037006193653 10.1536975392011 -8.72107547791922 -2.22905398734361 2.88606932677743 13.8823383669431
Urocyon_littoralis -4.3447675504094 14.7756986513065 17.8977661180071 26.1666718893926 23.3879917245872 23.4098998486818 -17.5083522277292 -2.11047137489023 -3.12378596069287 -2.24471457761777
Uromys_caudimaculatus -8.29388270781718 -12.2225619308753 -5.07443661162601 7.57605564246538 2.89941648200527 2.49677849772083 -0.105429407791323 11.7031640151114 -3.45525539782799 3.23801840351147
Uropsilus_gracilis 41.3825649432177 19.5474876320943 -27.5821864404232 -9.36169477065896 -4.65781057263067 26.4588779562037 11.2892088866849 10.8511891630226 -1.27010979903588 -0.530469093773394
Ursus_arctos 7.38144726150927 0.918954911473059 -13.0905067748311 0.768777190567733 19.1598573549191 -13.6485033676698 -24.7352142383107 -0.493345221766528 -7.81958822711008 5.85901322243819
Ustatochoerus_profectus -5.02806816695291 -42.5699087730924 50.6331389045141 4.03233627161839 33.1746464428043 -4.47054400185827 -29.6970317314809 18.5654606622981 -12.4202307170266 21.8217937601287
Vampyrum_spectrum 40.8299634174648 -50.3666161814263 27.9833439735311 5.34911337250228 17.0561585200006 11.370593457123 14.8908657426495 20.8420765082109 -0.101948617550849 19.5681584897825
Vandeleuria_oleracea 7.77640657205427 -18.4955710837491 4.34226798787397 11.9219949613103 11.0400014347121 3.48013559925259 -9.40822256530969 0.408150772313886 3.75445395171522 9.41606501707975
Varecia_variegata -1.89942644860119 -6.98689930475427 15.8038115553412 32.3676543049779 19.9042245504201 21.4733673563007 -14.2468726821025 -3.15563883258201 2.04323342318152 2.39285486918248
Vombatus_ursinus 2.47460171674976 -18.0582338033947 -13.9491179394199 12.4415086843622 -10.7529598776056 11.5707428097224 -4.57899927558497 10.2464988392207 -3.63065924304069 5.9508836141518
Vulpes_lagopus 1.75034133058667 26.7788791763425 4.7087039336381 30.8077554236877 23.9418106945037 7.0000358367548 -17.6964083596961 -6.99940222122363 -6.87304686328133 -2.38317278542555
Wallabia_bicolor -45.3730093516278 -20.6298615084655 -9.38488473286812 15.5124143569377 19.7436222419688 24.5019559698837 -1.3027973727231 -5.08474060555466 -0.675988612051927 8.8670395664839
Yalkaparidon_coheni 26.4324815208847 -7.45682991429054 -15.6912106049121 -11.5759470485691 -5.65865729326208 16.8387565599216 7.89960028413907 17.2628013429934 1.01752489572223 3.40187274304042
Zaglossus_bartoni 45.7071639334474 50.4925035388653 6.01879625951553 -5.47373591614188 -6.77543936644295 15.3193325873834 -6.43191850347644 -12.3595938809081 -5.85173084132477 -8.00058067785659
Zalophus_californianus 69.5098386125442 8.26847804228681 13.0905169789455 22.7602134143609 4.46938051719752 3.91166945169675 -27.0175089160824 -30.6869003454344 -2.48230721353812 4.42152112314279
Zapus_hudsonius 7.64552547430512 -16.6729131580082 -2.60163787884662 3.53454310400783 3.00265196398732 3.13262255033389 -12.0237498053552 12.4239609512238 2.58333762246739 8.18196239620787
Zenkerella_insignis -15.3182331210498 -27.4566588496798 3.60504529422311 25.7203219034244 9.25278811110442 -5.1031872546812 -10.5945225055978 3.3565827098653 3.51085482438825 9.58859339693566
Zodiolestes_daimonedlixensis 1.72173786540131 0.685904776335805 16.0616941093596 8.55658189985446 -2.63806463216496 21.1158173059501 -3.24507730865767 -0.754331603942951 2.1346617950711 0.436630491946181
Zygodontomys_brevicauda 20.2894786428207 -7.29462906330265 -0.281895380661482 -0.896109602674218 -1.68476089441365 5.55746920983373 -7.22304953576179 12.8507941477246 4.18240899713504 5.44834302120946
Zygomaturus_trilobus 27.4547320286763 13.5432532212188 -23.1851802952545 14.2816255703021 1.42118435685514 -3.10579447773762 -10.3347669625064 4.61685977665156 -9.12384318746533 1.50710429255317
