Abrocoma_cinerea -32.0683674605127 -51.2105633359616 -21.2652129049308 -25.0908951479472 -7.8776649050457 7.02451981213015 8.25844202766477 -12.4973467553571 11.237341676333
Abrothrix_olivacea 49.1703864681679 -3.05410420718712 3.24580941040456 0.481460718282068 -3.18488284085516 10.0638840502542 6.60015006315047 2.50146751140097 -9.56814076304003
Acinonyx_jubatus 15.0813072737705 1.01379707826799 29.0534439890408 -9.91910288934062 -10.9425818555945 -10.5070473411745 -8.35326354942915 0.65520763022729 -1.63246983730562
Acomys_cahirinus 31.4133685007391 -25.0680499063186 -13.1821884304763 -4.03539165521634 12.6841632147134 3.88337795592583 8.89366949359777 -4.90753160227023 -0.244514549782219
Acrobates_pygmaeus 28.9440544103039 -13.6955908273498 13.1525222705506 6.46902678194481 0.787238394119321 -22.830295515463 4.22592458538273 0.89655284362405 -3.54504794621726
Adapis_parisiensis -9.85402002614494 -8.1845777554816 -1.16507642990986 -23.0574759420409 -3.61256584812194 10.5033376619115 -5.54022174329712 -7.58627832484174 6.70158252887538
Adinotherium_ovinum -62.0390968524223 -70.1980194976517 -16.7913612394057 6.8299984887828 -8.19225446364699 -1.06616431025903 -11.8825965560749 -19.9272406422039 -9.8240784571873
Aenocyon_dirus 2.0698303119544 26.0163437312138 0.719465025784586 -26.2599988047302 -10.3364198035505 -6.6556225728443 -15.5159683143119 -5.00455903818285 -7.99585628235138
Aepeomys_lugens 54.5872914237566 -11.8704876340368 4.27966650514874 -0.164005720394579 0.848659448344617 0.867226759334444 4.32283420048378 -1.1242696740428 -5.92027755359692
Aethalops_alecto 11.3677530625951 -24.6509680301591 -13.1992905611982 1.03910576605865 8.10793864282224 0.838363170484603 0.2866250292838 -10.3187554937259 -2.15951288519818
Agriochoerus_sp -83.5648208711417 10.9656616109274 -5.1547678701389 -19.5516882470592 2.68568345903917 -10.4025861969784 11.639343091946 -8.03172117770124 8.14217075870403
Ailuropoda_melanoleuca 26.188228698575 -4.68053206924099 17.6475794396892 -39.4714467692212 8.03059224784618 -11.1022084236885 -13.5027801336362 8.40346637429952 -5.37297221983341
Ailurus_fulgens 39.5590735877146 1.06645471252809 -12.8995879402286 -44.2784550159258 6.13187788065044 -9.10675048671976 -12.9085418804429 0.280273948423928 6.38489192890412
Albacetus_salvifactus 27.9834318106571 76.0693818494125 0.583538593169062 28.8595301651 -3.35381219998108 -16.7229869703796 -13.9697414433817 -7.95725522640507 3.65051747232043
Alcelaphus_buselaphus -40.7439440494511 -38.3108605437535 23.9698147398619 -14.4319578002009 16.410465641628 -18.5511643462356 -15.9215105400211 -0.637862145428937 7.1427263770887
Alces_alces 3.55557627249067 -36.3634675275929 -4.83768166588162 -17.463940760505 3.71850837777388 -13.6323377923579 0.292202996778788 1.33390749634713 -0.884322262205359
Alouatta_palliata 84.6602157745871 16.4790530953928 -4.29644769915013 -43.5093246849489 -3.26800803355963 -5.3265524127769 -11.5197502835737 2.94532118986041 -1.78532301320722
Alticola_argentatus 4.83376605817482 -4.67877206079138 -20.6544907036026 2.81523136997608 -7.09524954177164 7.50451527331935 7.13016451460893 -1.6189549492934 -1.1299570250843
Amblysomus_hottentotus 83.7749236398243 -32.3588261761487 -15.5922154596819 3.43597520247589 -2.23946738869941 -19.5828544358441 -0.897789883294931 9.82880297133116 2.40947738969516
Amynodon_advenus -46.1502062031468 -62.4724982374053 -22.1406244106695 -13.3926383631528 3.74957104726517 14.0195101947272 13.5469997808317 -13.2302549404515 2.73300046919961
Anomalurus_beecrofti -1.1910115796138 -26.7486278885503 -12.9378587157693 -16.4466458774328 -0.758704758504856 -0.552937118014373 7.49662145823797 -2.6014206124808 -0.530874318230022
Anoplotherium_sp -92.4776998101357 -32.0162940141937 41.2325669917559 -35.0833811849509 -9.78902951792075 -4.4645598625707 5.13781560784561 1.24198975933132 -5.39850207830497
Anotomys_leander 54.5482933779838 -4.66073924264603 -4.55761745613871 11.5494120286222 15.3979181424028 0.157527861455159 12.876913585382 8.45862504072347 -7.09395923249291
Anoura_geoffroyi 21.8786908298252 -54.6175500586611 10.9080951241115 -2.60719067849701 11.4452593528144 -6.25238115767918 8.31717996511587 -10.8458377215561 9.50436720508035
Anourosorex_squamipes 59.8160011223409 -38.8900723688659 -11.1159840354006 31.2241855420152 19.1376077263833 -6.17104065048616 4.80326711702542 5.89939832374228 -18.0660369669644
Antechinus_flavipes 28.2691948489078 -13.8176625537099 -11.0091221313058 11.1816661900409 8.6322741938425 -5.43074326737258 12.1365045588006 4.38328815764713 -0.857036778053106
Antilocapra_americana 38.9681822631533 -27.2902382396701 -6.53762481982124 -27.8100090148275 3.09568704127178 -11.8447446117609 -16.4637210872903 -8.06095199481149 8.5909935927042
Antrozous_pallidus -10.2840709078929 -45.9771120784573 -25.688944337055 2.26587848969714 22.257246127727 11.5229756635976 23.2857317580608 -4.16623130835155 1.20990673821712
Aotus_trivirgatus 90.5074650834647 14.0249075760778 -12.008218266632 -32.4567170632872 -11.5051419093343 -16.810474149429 -1.41641570939465 -5.30825444290013 1.07797408706301
Aplodontia_rufa -0.73301141886526 -28.3785899906171 -10.213326644678 -9.124619850661 0.886510705321128 7.37138522542091 -1.6588079512299 12.772408665647 -0.95239577981901
Apterodon_macrognathus -56.9952347768688 29.7374379715934 51.0525149788684 14.962378842512 9.21696143568629 -16.4287480477285 -17.6332084126394 -13.4717589881524 -0.753602933941142
Archaeolemur_sp 81.8295018543378 -23.4443833403833 3.71473182300492 -37.1509324121418 -2.64285011773014 -1.39377348240772 -16.3711155476239 -0.43649026260782 0.168159635837901
Archaeotherium_mortoni -44.7653210488056 -31.2274334949408 10.6645242846236 -8.08167540049644 -3.44266984849069 13.3486691055066 -9.48955130607234 -14.9254528567072 -5.26758023521509
Arctocyon_primaevus -46.7884374898491 31.7748752519454 17.1012167266884 28.2131737343431 9.83191824427585 1.58905567437582 -22.2330208354669 -17.4390297443896 -14.4602414534911
Arctodus_simus 14.9275528773525 25.1236164955277 20.4143177322622 -33.700114224482 -3.97171506415388 8.18665603695815 -8.07619176585415 5.04429276034646 -1.8430825674174
Argyrocetus_joaquinensis 21.3671442616246 107.91891375661 -53.3022074106206 41.3853159060017 -21.5978214806617 19.5618231891298 -10.8932967776761 13.6417922364025 -7.52433914245923
Artibeus_planirostris 38.2428121584165 -18.7738629623486 -3.22665172030582 -3.81524392917693 17.6556384024126 -5.3105638120513 8.96159910345966 -1.4345078100314 3.05007266704244
Arvicola_scherman -16.6232031567649 -9.45417796414278 -31.7135647123192 9.87314493071139 -7.9837327875124 3.7334459047562 6.35814982927434 11.6147677734116 -7.44108290475845
Asellia_tridens -10.0177860512709 -42.328925997411 -17.1768042442774 -14.837229783085 33.0822586188855 -0.478728582551038 16.2726463733995 -5.07100311043996 13.9377364029445
Ateles_geoffroyi 109.619421937358 15.5385056055602 4.291115431214 -50.7975347274148 -8.63915064959484 -13.4843533207359 -20.8966082494738 1.8794993273966 3.62556148987085
Aulophyseter_morricei 50.4669949407278 98.003643485402 -79.7798694907581 64.1197709616247 -13.899188437503 6.69980731825028 4.48323744005333 -3.799902020354 17.5980848110709
Australopithecus_africanus 107.795975257354 -28.2897509704522 -7.31493015099635 -56.4274294136163 1.86114876724331 -17.8701601444675 -13.8697018226754 5.64608412025733 3.67179265944638
Babakotia_radofilai 52.5118027038499 -10.063279380613 9.16564632971203 -46.2566245812475 0.265785951569557 3.51507676903484 -11.77055747797 1.6374974382886 -3.17225683786219
Baiomys_taylori 34.6698385171592 -15.3124802270396 -9.53169845704165 6.85969317892285 5.61690450011702 14.7578263791905 14.1803774540582 -1.7101678032293 -6.21418480657371
Balbaroo_nalima -15.1965394780662 -22.5920571125062 3.78650927485587 -11.5904000110449 8.28963978272572 -3.2901465268479 -5.73805819323208 -1.6158111216566 -0.797087404382015
Barinya_wangala -21.0510167387598 -0.51950699505154 -13.3950928223165 -1.06638498232903 10.7633966157061 5.42421273017452 3.07959833643229 5.34625903364346 -2.97121276618233
Barylambda_schmidti -72.3134858894752 2.90260118843186 51.6315266322218 36.1116372647899 -10.9736003658779 -19.3328505524203 44.1487980327708 7.34164004592754 -1.98522278306238
Bathyergus_suillus -7.04888019230162 -47.2578155212394 -8.8234396327528 4.36251969678358 -0.402625232034014 13.6010234950618 8.73152378851384 10.5137026999356 -3.71549045021119
Batomys_salomonseni 30.7062782042974 -16.5043477963071 -11.8543484422947 6.88723246801758 3.55937153886382 3.31412073293327 5.49093523621921 2.51173620841206 -4.56625373911138
Beamys_hindei -2.83558146389988 -20.7329947174619 -9.67619011179564 -4.55573865385403 -1.99711590625832 1.90337427267653 2.47948391710575 -2.30211686373732 -2.40516410719738
Berylmys_bowersi -5.19519021467215 -8.37400923308952 -9.56296973425199 -0.403910483103072 10.107486894674 0.0375596025754348 1.14955127156669 -2.47852316467757 -3.1054472288117
Bettongia_penicillata -4.77592507404377 7.67915161062121 -29.8486890225993 -45.384608973654 34.7367202372203 24.3043004443073 -20.3482670536442 22.4043005458667 -26.755800450506
Bison_bison -31.821231552717 -13.5072734709392 18.5808598192635 -17.8326375043517 -8.38330207619229 -29.3849696295727 1.1064678511706 17.9707348671326 -9.15211536621806
Blarina_brevicauda 68.5103203242221 -27.196574293939 -3.3763728593438 26.1659258193713 14.3196839590702 6.85207693198729 -10.0169741939101 7.32960046104902 -13.8025020822151
Blarinella_quadraticauda 59.8058813996347 -13.780584716212 2.59511277426952 33.8164605344045 17.7891152811518 -0.944710527972541 3.5450148772457 13.202665509035 -15.6006801505735
Borhyaena_tuberata -71.0632064101786 -14.6995099556949 18.3052901340531 -7.07064738332613 -14.2469487276157 15.3463388732811 -14.1886835744038 -10.0833100869587 -7.22410053496723
Bradypus_tridactylus -24.6886290207785 -8.59416283890996 -2.85770504251519 -7.21914775436053 -10.48085951924 -14.9025965648144 4.53145924628315 -10.6373280758862 -4.95231422699852
Caenolestes_fuliginosus 44.0797905166629 -23.960374698927 -14.5338268825498 20.4117796007943 11.0945359166908 3.3952792241099 11.9815266691961 7.76965719288551 -1.36686777587128
Caenomeryx_filholi -13.7381505509833 -22.5889369071621 -21.8719585495526 -29.7608749746988 5.67821863700542 -5.04569715444664 -3.09580074341001 1.66106584283335 5.88764437229733
Callosciurus_notatus 22.5028117140195 -25.9682807080637 -6.67341720389204 -19.3782442017908 2.53591964312275 -2.43371685567919 -10.1499210075851 -5.74266431744617 1.11468318214723
Calomys_laucha 40.1086335695247 -5.15772761544813 0.320514804317895 3.97908456408461 4.87955180227071 7.90520694117536 7.36290500168429 -3.72632867817803 -8.46779269347113
Calomyscus_bailwardi 46.9651669566717 -28.0615988728836 9.97771447692277 -0.169918275628066 -6.59177552994866 17.329607823865 6.50264583777663 -3.67481923126475 -9.21183232362318
Caluromys_philander 20.6968066821635 4.34591740725065 1.34479160228151 -7.24281967959888 0.739084409894657 6.58681087181535 -3.89207326759992 2.78704131009374 0.0152508445368296
Caperea_marginata 12.5616368371478 111.304620695964 -22.7759589257846 26.934864061417 5.06505337413251 -6.40223572302086 -25.2205624169742 4.51426952720177 10.7145252288755
Capreolus_capreolus 21.7966837411306 -28.0127445239265 -6.8726164088359 -39.8400534253731 -3.07442831975696 -19.6515563648156 -4.63261057947192 -1.08070269610266 2.9921699173312
Capromys_pilorides -12.5169298715229 -30.2802178081411 -0.744130925367191 -7.55828469220107 -1.4833778002095 6.47507178330089 7.08605413889998 5.81621778757659 -0.159295507296966
Carpocyon_webbi 21.9583248886175 17.7605830709582 11.1820296303664 -28.9926765294777 -6.46695369289112 -2.96886519169828 -12.9094174006958 4.0347578673646 -0.930887291692333
Castor_canadensis -13.6553570513073 4.68202566113203 -6.07663800637761 -9.71581463033754 4.70999123206234 4.11790339870271 -7.60706039739164 8.37737820441717 0.313299092714407
Catonyx_tarijensis -4.77045524622415 -21.2706346933352 8.34423399871718 10.7745401070531 2.25043506742593 -12.4371524068078 -6.98248989735399 -1.75610675438454 4.11611430945075
Cavia_porcellus 10.5435313246921 -22.7256523026744 -14.0619480969143 -24.0226712660222 -6.84544848291447 11.7022390589767 7.73689217255872 -6.89510570720991 1.6772477822526
Cebochoerus_lacustris -85.9458086451364 18.6520642837425 -26.443731306488 -13.6070108903508 -0.767459952985052 -6.587683855482 1.11074289684053 -14.0710921839816 -0.176117781641045
Cedromus_wilsoni -17.6493468262198 -36.2883238680689 -2.47643886753941 -9.65875624023624 -7.86919443595196 3.04872173755044 -2.94466496039027 1.07625738140041 -2.15588078943755
Cephalophus_leucogaster -21.4217434832131 -23.3149614512483 -18.7496301028956 -19.2710788899253 5.16234126951203 -9.0448632637116 -10.2257035469028 -3.47145089320012 2.00695734592893
Ceratotherium_simum -65.8799746645088 -24.2015203336068 28.975046117414 -33.1966915392272 -9.28007854075973 -6.71740098110883 0.235126241773292 -16.4642646693127 0.280292312147105
Cercartetus_concinnus -2.71608641598387 -23.7142702810383 -6.26913026032574 12.157214221925 -6.59472239605854 4.44199360404594 9.1683155387573 -1.63938047276666 -6.35347915897798
Cercopithecus_ascanius 97.2452126747197 23.6114278004386 -4.57295029181266 -46.0794976646712 3.28991831352274 -2.78112212305511 -14.705760128937 3.58748286387731 -1.60764481394926
Cerdocyon_thous 10.7591972548898 0.637041106706346 8.76406565962387 -14.8525961525537 -8.07235317666923 -6.00769602273887 -14.4919770118618 -4.2273795761174 -4.18426928206485
Chadronia_margaretae -24.6677076279833 18.230293841384 25.2952090066899 -8.18870377430746 -11.2573363202854 1.27576071265886 1.53144525934363 -1.22669947166925 10.6440386811773
Chaeropus_ecaudatus 28.7788349849376 -52.3132397159863 -27.1298486520369 0.297095825950689 4.98440042180926 6.97480319765835 -0.134914223838503 -2.58131345069594 -5.13420597022134
Chaetodipus_penicillatus 9.64370794203181 -60.600504902297 -26.7545482278473 2.01645854338782 -2.23246476605323 11.9151516788039 4.05176507634401 -8.77876042270116 -3.77392799494113
Cheirogaleus_medius 50.7632090402114 -8.457892436021 0.852049821465768 -9.33852540079855 -11.9259035959035 5.52785183814626 0.105359195623645 1.26974353463011 0.00105883122814657
Chibchanomys_trichotis 31.2476681660089 2.79035003246561 -11.3222369386479 3.23030994286603 13.1613669603758 -5.97972023917983 9.63117879660505 4.5291250893817 -7.21798174480874
Chinchilla_lanigera 12.9062633383681 -64.4987281692374 -33.470674176813 -20.7416867971145 -5.08588635555714 12.4954521074085 -1.95824835231908 -14.8612342615833 9.60811193430079
Chlamyphorus_truncatus 124.787752951189 -22.8558745969376 -23.5784858850997 2.62973097548482 23.7127540103183 -22.4680196150912 -4.15193306620251 13.2887134443929 -2.51889521422975
Chlorocebus_aethiops 97.8136592045815 7.9103101268777 -4.85585852570911 -41.1036373999083 -3.31375262152693 -2.40589114107159 -15.5319662710009 3.65830541169112 -2.39549435793229
Choloepus_hoffmanni -5.63052269452026 -27.6294436340266 -3.68953836564442 10.422041546648 0.598212134215711 -9.35037112070356 -14.4705081353979 -11.7019360383982 -10.756760253935
Chrysochloris_asiatica 81.9233675706014 -18.4873766675212 -20.0891344433832 8.67425672591508 -4.2552728003898 -9.79053724007434 0.427756920089807 10.1013936605924 -3.91515627427555
Civettictis_civetta -11.5832573154451 22.813158419247 27.1521097019126 -15.3441338568751 -13.9300000980755 6.36954343776753 -13.2273577609984 -15.0988981162489 -6.98637530376046
Clethrionomys_glareolus 6.42792803778878 -6.23098196782516 -20.9486977072515 6.37553568251482 -7.28829415533931 9.12367312069522 9.21392674062139 0.102091917596656 -1.99036318667611
Colobus_angolensis 118.170401908466 6.43555700549064 8.23239404378767 -45.3038600514238 -2.88218485184065 -7.2744810165176 -12.4001538328157 4.76031038811748 0.539408568639246
Condylura_cristata 90.2219858394245 -21.0298263551601 2.91728816317426 -5.95133325058315 8.79186934999927 2.43629162979442 18.5905531152823 1.13954617628194 -13.4776151843146
Cormohipparion_occidentale 41.7007708033843 -40.9683101117196 -2.43986702565794 -23.5858525552212 -6.54585245527669 6.0909788047313 -13.8051096791266 -6.02614723573789 -2.07516491882602
Craseonycteris_thonglongyai 30.6938699766825 -50.7963304633947 -20.5040359364047 5.24590747283372 29.3713875311828 0.510611140116127 23.7902831138893 -14.2809728755378 6.30411634863711
Cricetomys_gambianus -5.90064645817781 -15.5262631084643 -10.6812242605652 -1.78156393105067 7.06236670180142 2.51457030056184 -2.58252135947524 -1.08814672145537 -5.07114949061157
Cricetus_cricetus -21.9380979758064 17.8242966777957 -12.3147289864316 0.713180146305524 -1.45176585514372 14.0785293966441 -5.95961367847207 10.9369767017321 0.160471910257883
Crocuta_crocuta -19.2110945389412 29.3734860433728 0.227427091266141 -18.4948525621479 -9.83838785979991 -6.26565119911959 -6.96122874724057 -1.48340491977151 -0.926146638006861
Cryptoprocta_ferox 9.60652192379288 28.7324573428367 11.4316666194841 -13.5362074911219 -7.01124561882504 -4.03881256268088 -9.59728005423493 -6.15721066956927 -6.39608979821396
Ctenodactylus_sp -5.54274001139208 -43.39528104687 -20.4240907187737 -9.87506893872597 5.78323778258909 7.32325095556078 12.589226593854 -9.08206091903765 1.50264735496259
Ctenomys_conoveri -15.20949060074 -28.2995414696777 -15.4805207949383 6.44222335749761 8.12342253246426 15.2726613572874 8.50871498285825 6.45506236491023 5.19490874693812
Cuniculus_taczanowskii -24.2556175219934 -17.7232905759394 -19.6929680505325 -12.8736161573875 1.90636121162398 6.33835746907881 5.18049092697871 6.83802282802779 -6.9646780675888
Cyclopes_didactylus 10.2163922375161 12.335249898674 -12.8360799652221 -18.1084666415668 9.69299347125808 2.22623963569277 -0.508343017090392 -3.02124357548469 0.197433237819105
Cynocephalus_volans -60.1242857119644 -6.0913005354949 -31.2490948406027 -51.3927849123744 21.215463634964 15.3900466583911 -2.15467332239933 15.8583786247806 -34.8512866576109
Cynodictis_cayluxi -37.1841690557262 23.4944742668371 9.97735190914333 -2.79040091257016 -15.8665682666202 5.0266170483011 3.62184931218359 -9.86532934270989 3.9063818011884
Cynohyaenodon_cayluxi -64.794762514915 20.0119627322742 9.68839619918275 -18.2388021573309 2.77819624395715 9.87646338704561 -1.92687653192429 -4.53831010943654 -0.259358414472521
Dactylomys_boliviensis -15.9514821278043 -8.45770330944843 -6.82388218932341 -34.267381119718 4.25243490506952 8.75510393645718 2.26683853161757 -5.4729857098774 4.92433811594402
Dactylopsila_trivirgata 19.3824785867942 -3.40025969765245 6.737447051018 -22.9861289421716 6.67153004187268 3.40456951899157 -16.8678148089892 5.64253790942875 0.304201661775127
Dasyprocta_leporina 3.67994827740055 -14.2606721994907 -2.91998419120849 -25.8190862457209 -1.76317466745571 6.6520283447744 -2.32421174753432 4.50121611642149 2.27170678972061
Dasypus_novemcinctus 77.9320383937714 -58.1213866710494 -8.64077407481472 -19.2936804186784 18.4627748737653 -5.76857031870731 1.32054996292211 -2.43003599793613 6.0955296982936
Dasyurus_hallucatus 1.86602995922581 -13.2905965327493 -5.68675342847711 -8.00821833564685 13.5752485329017 1.12216245956604 -5.71781517903034 7.07725657113986 -5.66249922614584
Daubentonia_madagascariensis 80.3261642352654 -13.8134765318755 -13.5383831024079 -36.2661266720622 -2.7409845839057 -11.011312102249 -1.44757314262759 5.22926539663412 -0.446208115997442
Delphinus_delphis 73.2962068273203 79.5279669393402 25.468527258927 18.5364047021416 -20.3400499654637 -15.7823209420025 -14.9253727613889 -2.98343769486336 5.92913659758314
Dendrolagus_lumholtzi 7.69063720694367 -6.06592592612257 -14.8444723243938 -13.2577282388581 21.6376414519972 1.57850617447603 -3.28157196006028 -2.43610291863511 -1.81924200241623
Dendromus_mesomelas 37.883495495038 -17.4005920046112 -7.61106646384438 1.55379960578578 9.51881977111175 6.11525906231763 16.0809849101571 0.515155538775195 -3.67777154113605
Desmathyus_sp -7.21765988997561 -69.4947902490508 -22.0320981626658 9.0125408577495 -10.3154818948537 -6.70484096049841 -4.61500034037833 -12.3960304511852 9.22093483656927
Desmodus_rotundus 53.0113599469758 -25.8800208812878 -8.08479357371322 -6.27721769017693 9.18841479587032 -2.39234162815852 6.17808282438012 -0.721521635051725 5.35560944431819
Dichobune_leporina -0.648839437665345 -15.5069929108081 -20.1659921034356 -31.9067890679229 13.3893571550148 2.92818047793045 1.99535620986699 -10.3590658743977 -2.97366746422349
Dicrostonyx_richardsoni -8.25950747001737 -16.5101464396441 -26.7024348258063 6.40800995993819 -2.83206989378054 -0.159527600227282 5.05333160624588 2.30708691109519 -2.21965621887812
Didelphis_virginiana -21.8944933066438 -16.473852248676 1.47596106071158 -8.85867111364752 16.717270223312 -5.7422426983506 -8.53304872762051 -4.42404023282694 -8.25576176335898
Dinomys_branickii -4.12535359833715 -19.2709139627146 -5.2786689106771 -22.8685706498752 3.23707534191278 -2.82818523851157 -11.5216520412154 1.76124562956402 -2.48959527329553
Diprotodon_optatum -19.8462823001975 -33.1447036487453 40.3608616613357 9.50456155854878 28.4194321320956 -5.94965929752185 4.5945990746406 -6.89707074927723 -7.25275909547736
Distoechurus_pennatus 22.2183178068661 -45.3533591340964 -2.44654404622616 15.6900827040639 9.61352455889107 -3.68378470812693 -7.02885637490952 -8.44418468784584 1.39724119456347
Dromiciops_gliroides 20.5409648706514 -17.3297682677727 -14.5872209984382 9.56977104959382 -1.9436463784586 0.998499641921391 8.84726944391946 -0.410810370197329 -0.0711147762989563
Dugong_dugon 16.3644057751842 -52.2354161579324 31.9613452596571 20.9695401081857 -25.4223770170977 17.0876863181886 12.7641780604604 31.3833277787077 -7.92524694500381
Dymecodon_pilirostris 110.407629973471 -12.9263911049407 -10.132797345092 12.4439277197528 -4.41391795691085 -23.2329576047012 14.1672642426927 14.3000646412176 -11.639106569771
Echimys_chrysurus 26.3829660170422 -24.2097744883982 -4.14384512432627 -24.8783332285797 12.547666283226 14.646425360833 -0.483736460076755 -16.5017156601018 -2.24002361679557
Echinops_telfairi -19.0665376572435 -29.4212286145756 -16.4296829320322 18.4883018659068 13.3405556469945 -2.67736422249735 6.36182192495719 2.4242842614443 -9.64534275796722
Echymipera_kalubu 29.2670806028174 -54.7048311249804 -7.8022985839226 24.8693379088609 8.39948513895872 -1.08921921275148 -7.96316578299788 3.60034935679074 0.849177611293735
Ekaltadeta_ima -15.0896756033337 0.202575543075265 -11.1456385540189 -2.62216535443278 11.4099967697357 1.1288003578932 -4.36435904562725 -3.30167497534013 -6.43377021351793
Elephas_maximus 65.9277725751678 -29.9741414103534 19.8918439463314 -30.2846774153104 -18.4967573371719 -26.6976279732695 -10.6001926402695 4.11888292658118 5.28619376167699
Eliurus_webbi 14.1518386940364 2.44316669670477 -12.3432112556687 -4.55231859047721 3.17935044172219 8.30671147157886 5.20075406390909 5.2366275447879 -4.24069731526349
Ellobius_sp 0.14687824664814 -4.08091014035055 -32.895541378708 20.0035917589479 -8.80304121931592 2.37505462720496 3.1271073090222 11.2587789205483 -7.70959215432763
Enaliarctos_sp 46.7620117942312 3.55714144773064 -4.27901361582365 -6.33201232117425 -11.7486376599607 23.790564132021 -21.1307784721969 -18.4925092726882 -25.3417004451678
Enhydra_lutris 80.0954429899836 47.4904792485656 34.579131835183 -15.1767276830532 -12.6135909063929 -16.8725451586515 -7.47983606488209 8.17215347070421 -9.29304985778873
Eonycteris_robusta 7.01589713950421 -29.8721416382602 -2.08566034938311 -9.38210774396982 11.3169341476883 0.182734229324967 -5.00236240788148 -3.9608022217562 -4.15684620966488
Eptesicus_andinus 15.238069754516 -22.1147809723086 -11.9153707380797 3.63659267580719 20.9092036164269 11.8452335060851 24.5591504748138 2.52808269509819 -0.3312871485193
Equus_quagga -12.6327394833434 -42.6395231221386 -3.10566427772999 -26.8577694258077 -10.0185186906992 -11.4982935438648 -13.6818423363853 -2.42477299222449 1.68515987001786
Erethizon_dorsatum 11.3566145565174 -13.2466239764796 -3.40407674976125 -19.2307392368489 0.284757081365489 9.5438832608366 9.73189193361907 -4.99098231297443 0.388015929276855
Erinaceus_europaeus 12.1937844932112 -21.9409974018133 -5.97302037056038 15.6654151198301 -2.46640057610768 -3.36336349265058 6.41727309507394 17.9676766917657 5.56066616834568
Erophylla_bombifrons 53.333268210344 -42.392051377414 6.97718407096929 -7.96534922784304 15.2833917917451 -1.58727753316045 11.0651512378829 -8.23829914780999 10.5368937529906
Erythrocebus_patas 86.032026843035 15.5514266750878 -13.7504220020745 -43.9152194374578 4.60970184093476 -8.58356695887959 -15.0428636803667 2.71337811686438 -3.40485678271537
Eulemur_macaco 69.3778920124636 -2.60522583441788 17.8967419205353 -31.2856560538561 -1.41728948298515 1.29984474810223 -21.2245005853063 0.715386668203958 -6.21262386372579
Euphractus_sexcinctus 19.5182370453201 -16.8807166752947 4.34044168756099 -9.31701281168463 5.55380567868196 -4.20290852483115 -6.57021329569399 -3.38727142550045 2.91880862336086
Euryoryzomys_macconnelli -0.942818183618331 -17.7408471014318 -13.8392116884107 -5.06004063543515 3.75432567687421 12.5668599062383 6.63518007134672 -2.48612695760658 -0.954780169715444
Eusmilus_bidentatus -30.9125200952722 0.650455235698582 12.6407052888763 1.80241813818134 -18.3463991002687 -8.9528008370685 -7.95706180038394 -9.5342889320459 -12.5763097202768
Eutypomys_thompsoni -23.0011322194411 4.9278147650818 -25.8717728089425 -14.710879625424 9.47502378680727 16.5091159623239 -3.077575970591 -3.83121402687684 -3.28910608208689
Felis_lybica 28.9075051571572 -6.1654390358529 26.8597077929924 -23.0340648863113 -7.57308241468645 -2.27447870957605 -4.39851999222215 -2.5981985116125 -1.19308315542194
Funambulus_pennantii 15.2014025828968 -15.1278709380831 -2.34070407006858 -5.76192908439927 -9.7322849404999 9.97540914267701 -4.59689187536224 0.613502338032767 1.07166052784045
Furipterus_horrens 28.8225901168118 -37.2732573907563 -18.9255381432787 -3.9688060150013 19.2616772949491 -3.5523629161177 25.7188684141592 -4.22600663778953 12.829435230735
Galadi_speciosus -11.9241841670471 -26.6437276086232 8.18293461640636 16.9059092217428 18.1538941213451 2.19617332505837 -6.7436545414901 10.2198291692594 -3.2672567816445
Galago_senegalensis 95.8668295895539 -13.8216162886528 -2.37523208614587 -40.757240962179 -8.8096939064965 -4.17831223245528 -1.73195348230097 -3.05994567580981 4.95623856514425
Galemys_pyrenaicus 104.560181727402 -21.7841392635779 -1.50602116760089 11.2967153799925 15.2991069027163 -5.53856890892363 6.94152867416874 3.96187484227248 -9.64999703726599
Galidictis_fasciata 34.0659400926339 19.253941297923 4.74762269429897 -17.27519575422 2.25305491976553 -2.10419220958059 -5.46825972893628 -4.52551824825282 -3.87546001604062
Genetta_genetta 0.664998147987453 20.5119704819302 9.65877070299822 -16.5010377982914 -9.98467937907125 5.44696289844218 -2.12777537708235 -5.93974947501926 -4.72628068446621
Geocapromys_ingrahami -6.8947774423237 -27.7085020021498 -20.4525873110893 -14.9040510253895 5.94791803214578 13.4039533979648 7.88667850139938 -2.23275580077914 -3.51741828679459
Geomys_pinetis -28.2813557665619 -31.7743510046482 -38.8087672310362 -4.5983076226838 -6.74286478160969 17.9075664214849 2.46907369080025 1.80292391366647 -7.69734818929969
Gerbilliscus_afra 10.7125763805231 -25.0903562829774 -29.4216737603321 -9.60118268650048 3.08633434311074 0.403654951375607 3.52841265891829 -0.320268143871787 1.30471685520071
Gerbillus_gerbillus 18.6094790634947 -29.910037312789 -30.0475515314754 1.32287934516376 5.91798129748902 13.0460777084407 11.3774606978347 1.94349988228416 -4.38760077639504
Giraffa_camelopardalis -21.418774553602 -33.472037873866 9.12738970157437 -37.3434403839771 -4.0439329865636 -15.3869850860697 -4.19834916089685 0.649547105739497 4.84729091293907
Glis_glis -1.71383377066755 -21.0051901561492 -7.35638559834947 -3.62290232030883 -2.705788734467 5.70632885356013 -0.0237658167660904 -0.793717847849627 0.821084817442802
Glossophaga_soricina 26.4818087933039 -34.7639419875049 -2.18471757527043 1.5067458584331 12.4790800781781 -0.641728132918211 14.7447613866158 -10.6469415839942 9.72608445339978
Glossotherium_robustum -6.28745994917076 -2.8282161803773 16.739397349507 8.33880516805967 -10.7325427417411 -15.2250005339223 9.58641916008216 -15.8735394511162 6.68967404699174
Glyphonycteris_sylvestris 21.125753331423 -32.2503535758816 -12.9209946166637 -6.1319591458789 19.4142784743222 -6.73383170249374 16.0336467415622 -2.14732343879819 5.37369203090078
Glyptodon_sp -14.5020465972863 -48.8936564737254 59.5181236189531 31.9101471268079 21.9437397993451 -10.703909470515 4.49117689229579 -23.862508612595 -3.36679238025417
Gorilla_gorilla 106.882758469299 -6.15441650616747 14.064504348668 -44.5091109460959 2.22311472145924 -6.88846274605905 -21.9724329449425 5.17480893363992 4.27058998271051
Graphiurus_nagtglasii 25.5584774586013 -20.3790102270406 -3.9344158271161 4.15448260214907 3.86306731781157 -6.12558771256264 3.2550685587964 2.61493001168752 -3.8993471925685
Gustafsonia_sp -33.9835207915 22.7749083403519 13.6963211015603 -19.7682684753583 3.02268238714021 12.4600831343037 -0.152733569796562 -1.22348163284184 -2.15051546008455
Halitherium_schinzi -39.3850668436157 -30.6162658670392 -22.4401717205305 -3.15800673050552 19.5184723200486 -5.52920935252048 9.43622534895115 -7.34636617148752 14.9337172407141
Hapalemur_griseus 62.2177805523825 -12.5782054538233 -2.29144155213544 -28.8376141221226 -8.85158785362854 0.86456715037169 -3.03218421805251 -6.53408319694129 1.9121445653605
Hapalops_sp 15.755284555063 -41.9823298060107 14.1873048683174 -24.5607177512507 1.38884142578488 -8.45615754930396 -14.6977608128577 -5.69448903982834 10.7733997092281
Heptodon_sp -85.3525032526274 -21.7645905829357 -47.1197881349059 -11.1750754954561 6.10882927490676 -1.220534985226 5.12802327671434 6.07377051105898 -4.36495584644458
Herpestes_javanicus 4.82475473202075 41.7155680936365 8.23521453694624 -14.2810205890022 -15.6527212641514 0.451145801852082 -7.42417862321899 -5.8758760074357 -6.75353136542267
Hesperocyon_gregarius 10.4193666647659 64.8284364917884 -5.69884223808472 20.1084430640678 -14.0120294770931 -1.2231979369459 -1.7025720834392 -21.6100153578357 -6.57788705092693
Heterocephalus_glaber -30.3092815747659 -13.854058275329 -17.9652167718938 3.21683757831029 9.7861216783006 8.61363737044202 4.05127787218366 3.1462664797917 -12.9639446922169
Heteromys_desmarestianus 8.41017949950529 -46.3280984415445 0.36401087648166 -9.97351538336201 -2.67071164762756 10.6323587514732 6.7219307629889 -3.273505475737 5.00729668579697
Hippopotamus_amphibius -20.9866777851961 -37.4416245144319 20.6157415679914 -7.57282348725794 -5.56279298977385 -15.7314851053053 -0.0837303681834435 0.136678268949326 2.05342211295439
Hipposideros_turpis 26.848577866091 -37.646220700346 0.482996012445499 -19.7366949494435 27.9023102107227 5.10008945410508 4.44084785791736 -6.83440017030512 24.0422936933297
Homalodotherium_cunninghami -11.8291546726419 -46.8098420407763 31.1758032354988 -29.2817764259245 -2.21366514424872 -3.70497255063569 18.792331216195 -8.79301108387233 0.281028469836581
Homo_sapiens 160.858099707214 37.3458184891278 14.7753439953646 -81.6366829224587 7.47744262226837 -21.1965941548756 -15.5651649607553 5.7196010894954 3.37430206765154
Homotherium_serum -34.6687008915958 30.1148117730241 31.9887800100874 -16.7177743842896 -23.1531532248262 19.8085633792141 -1.82131855268773 1.75492902064075 -8.64961187572
Hoplomys_gymnurus 40.0951899296976 -31.9533359508685 -1.40928758167374 -32.9455083806115 15.7070328102699 4.44093753420183 -3.56100286515308 -9.33340348798916 4.77291915877131
Hsunycteris_thomasi 46.2863129902543 -25.7949868789219 -5.54146472115377 -8.2635403266792 22.875459066496 -5.6593204447445 16.4515936149205 -5.71511310763745 8.77519122840554
Hydrochoerus_hydrochaeris -13.0869708456854 -59.9940707686758 -15.9220935012227 7.61561269869156 -22.4939018471564 -7.31936207436177 9.7662678259893 18.7659740593219 6.63938446925391
Hydromys_chrysogaster 18.6055186169886 5.41047788549111 3.42918003310102 7.08600693469403 9.46214214699941 2.31161417409037 5.20283015436278 1.88679210259474 -8.24169435192981
Hylobates_lar 104.432463748906 12.5521658528893 0.768653488091385 -46.0934081759397 2.72762554654561 -5.14188363620596 -8.85764189004368 -0.523615325719986 -2.33117451110297
Hylopetes_spadiceus 29.108917761293 -20.2494613615079 -8.02773299278755 -7.29434948447153 -3.03275640752055 -0.582662132862324 -5.1637499855266 -4.40115832094302 -4.70182590043574
Hypsiprymnodon_moschatus 20.4922961445653 -25.482082211701 -5.37260987707144 -0.187644226374132 -0.00572304874061548 0.219382253608212 -7.90952265522669 -0.435791113663298 -2.67019028950926
Hyrachyus_modestus -68.2633590655086 -33.0028010715078 7.8502299066276 -15.3962486020897 -16.7374430365296 4.52119755477892 5.10756715604561 -17.3571012535891 0.967774171529796
Hyracotherium_sp -30.435687763322 -1.03928762193054 18.97614829809 2.56141328257213 20.8432872417743 -1.77635762586935 -6.06237838894754 -9.77454888187567 -0.848050111430004
Hystrix_indica 9.29004136242018 -21.7245682217304 -18.5214497684318 -17.0546189404888 2.927408632936 1.42030733067181 1.34636172603231 -1.81719238852893 0.0519991475214892
Ignacius_graybullianus -52.9585750985022 -10.8051566196916 -10.560432229816 -17.0583142488635 23.855065650603 4.50220308337648 -9.15976211652822 9.88375739250675 5.79346237197699
Inia_geoffrensis 50.5229122590416 67.2604065698063 22.093504390835 25.6094692867503 -18.7197606588492 -8.22740062043625 -7.68233980699149 13.0335981065347 1.81133558579126
Ischyromys_typus -44.414848569161 -13.8155038203709 -2.65611080888245 -19.4410747448919 8.60707467650115 11.1639466328427 -5.04418988557842 7.50814445621412 10.142991374674
Isoodon_macrourus 1.11128115952589 -41.6877061236975 -20.8425995538393 6.2908906714111 8.99172144950642 5.78600997144579 -2.23831553998138 -1.46568898258329 -3.1441722381524
Isothrix_bistriata -20.5149679397872 -15.2207706519427 -7.56583539130416 -34.8119410707953 3.68343377733807 10.4384125090524 0.298500971324729 -13.2427747259496 1.50540343645563
Jaculus_jaculus 14.4876644584503 -78.8971550867116 -19.9849689066884 -4.60426345456327 -15.1865158090036 21.1389144553407 2.47769068740507 -10.4429283856471 10.4596926732163
Kerivoula_pellucida 60.6808597908291 -44.7786324791995 -13.5700270153681 -7.65860964911961 17.6883583464352 -3.64267190482531 16.1589162996746 -8.41887034145972 14.5172821313435
Khirtharia_inflata -68.900029311482 -11.2981489938457 -4.85426252331041 -44.933682639167 -8.6827378922755 0.498069330488737 0.00166828565912111 1.1361791631944 -15.6221108103719
Kogia_breviceps 53.7478065131184 60.791580431405 -1.24403883421396 17.4375266233442 -34.415613282628 -29.4526160907084 -4.31138108603694 8.47975442194288 -1.93739568792057
Kryptobaatar_dashzevegi -37.6714349820019 -36.307057009749 -7.19895958730763 10.4536503214341 0.99488704438355 8.19244533660949 -3.04282321952041 -5.90135844814308 3.44844149207051
Lagostomus_maximus 37.0407492926293 -59.8559315991686 -17.7870728069551 -14.8217386286415 13.395864352348 -0.565678428562355 -3.79979161074984 -1.11498745223534 13.4083226978609
Lama_glama -5.89349698984406 -57.3049321497399 6.85545172799086 -30.6250784667454 -5.33468103369386 -8.61287014923301 -18.7285797923085 5.25393252651307 7.72209906362157
Laonastes_aenigmamus -6.74017980526211 -27.2223124368718 -10.0014738703968 -29.1275878907007 17.9282389525405 6.0828725767231 4.3163545308843 -15.9871976416411 0.872924683297363
Lasiorhinus_latifrons -2.22950117489196 -30.3620506737497 -5.05090148331942 -2.95283949752019 9.05847031445028 6.40186385480638 0.247336805374667 -2.27508581175154 2.69854238905181
Lasiurus_intermedius 10.2597002739891 -26.4961139838003 0.48916852945642 4.87450424314066 13.510825731908 17.5906171218942 9.37359059368336 5.48692261991379 -2.10055183517745
Lemmus_lemmus -13.7626226858361 -12.1546344540279 -4.26206338885167 -5.10320986071724 -18.2142484359704 27.3098827880777 0.936492473439484 -5.17610846162221 0.818485653761568
Lemur_catta 69.9861385444038 -4.59401261885388 9.85515094059221 -38.9657564479435 -14.8266785160311 0.117504239240509 -3.07146044691501 -2.74660021694224 3.01166210354272
Leontinia_gaudryi -38.0954698653304 -48.926254434527 -5.62349053638183 18.8446323067521 -19.3563818410438 -4.65851425449784 2.74320373615245 1.31014242388153 11.9992437781813
Lepilemur_mustelinus 39.1254934485753 -26.1634869627742 -10.8085769743163 -28.7870013720776 -4.28427233963553 3.75905671111741 4.98243320158978 -11.2144479917298 4.32416099727424
Leporillus_conditor 7.98323125154028 -23.1457794733462 -23.1303514959029 -5.1197393080807 2.78285883300972 12.7841641196034 3.93805168929462 -0.959248956088291 0.431571501382959
Leptailurus_serval 25.9202445706265 -3.54948681013635 14.9320536568331 -22.8864508581138 -10.6921847139334 -2.35523270498795 -6.79807052727415 0.270328234021509 -1.24092384264937
Leptauchenia_sp -69.1563192251865 -33.7861582506825 -10.4409908533437 -34.0212445316309 -0.0113855118406022 -5.73551595866638 -7.52118878651561 -8.53438761451666 0.186183446464336
Leptictis_sp -19.8554971298086 -8.87415074405784 -5.41367581674906 -41.9540229194343 13.7468309261334 5.37290416717165 4.19669166414526 -9.64036839233878 2.07950725528304
Leptocyon_sp 6.01469349008831 32.1663088985085 20.6124608573476 -28.7719713597105 11.0067804001247 1.03402258498432 -3.63940322587429 4.66944110988693 -1.00357191407561
Lepus_europaeus 15.0571450954238 -23.5177733077459 -24.3222598375615 -35.481216483971 7.28501476453663 13.8618601047509 2.71841407699618 -5.95131532352928 1.42804391986649
Lonchophylla_robusta 37.2990880294788 -15.5236733528454 5.3361530661268 -12.5718353941624 23.8981471161554 2.3668046085361 11.7634428280475 -2.40088352471944 5.30881843078353
Lonchorhina_aurita 34.0629242621744 -37.7560135360998 10.8843402364873 3.39325344276235 27.5478047041218 4.36717705748828 14.8449845573494 0.540334674304194 14.7361075209376
Lophocebus_albigena 125.429875738775 15.9966996018615 5.46757899458939 -43.5737753336639 -5.63166480663757 -5.03204331912637 -11.4095273573273 8.12273554268537 -1.34601993006079
Lophostoma_brasiliense 42.6687569057046 -36.541814512145 -6.09287430356721 -18.9766454382566 5.46534376411546 -1.20087997916815 22.1074735513227 -8.00369049495415 6.4077127487446
Lophuromys_sikapusi 28.4071256997119 -25.2605067307343 -1.46383267020028 -6.51484506657895 4.10708214363321 10.9213660306722 -2.47674741718683 -4.74931529451964 -0.695098684002873
Loris_tardigradus 96.7493629947106 -10.4381517914671 -7.77232885471769 -40.0416172279028 -7.73574766825055 3.65970554718613 -9.56273794024549 -3.81272122075837 3.65580793364019
Loxodonta_africana 33.1057533767741 -38.4372117097597 20.146020080336 -34.3588856334831 -6.78690483337812 -2.05681689289888 -18.2271729349288 7.16970419837075 7.48009497975279
Lycaon_pictus 31.7062883251148 12.7550554197841 2.49809184298782 -27.879005658492 -15.9098306558027 -4.62075491034846 -13.2890039785223 -0.41159703046425 1.1527695652393
Lynx_rufus 39.0259638651284 5.33142055491295 23.9425691816548 -22.1711510353832 -6.02738928485633 -3.49603852585829 -14.5265083921642 -3.86733358602513 -3.19929474920677
Macaca_fascicularis 108.718170821212 10.8134611624329 -6.56019749506599 -37.8096834871865 -3.10383483149044 -2.51625520466095 -15.278337758162 1.67399136402901 -0.196564596163188
Macrophyllum_macrophyllum 46.5911590992492 -39.0192847028709 -8.30086802629279 -1.72215849719991 22.9137134311587 -6.63644562224224 18.1241410455009 -7.96108941706513 9.6587331815424
Macropus_giganteus 2.44244211794344 -20.9830834135629 -25.0553902174033 -13.9301916235936 10.3022519724355 -0.601544003153724 -10.3211259634026 -5.23283124970388 -2.79530944411411
Macrotarsomys_bastardi 22.5619948005192 -14.5019401128107 -19.8952365770982 0.189615106849563 7.38049731441348 9.73192418531742 9.74163515442964 2.6186259530775 -4.42511177632251
Macrotis_lagotis -17.1127862316729 -39.843638013365 -28.1650941515428 -6.83046476139274 5.28375004999934 1.83792956026537 -9.56906721913948 1.17105803938282 4.63334514372444
Macrotus_waterhousii 43.276349183034 -47.5853687513914 -7.89775514694461 -16.4907042879008 25.9330617159495 4.85943324554579 14.229432062969 -3.95189753810156 13.43873834073
Mandrillus_sphinx 99.4063826105379 14.4987321682725 -10.1387874095247 -46.2112969315092 -1.75428299807705 -20.9842586961497 -6.98289581015406 4.37314738114903 -3.12421107089778
Manis_javanica -17.6802361591027 36.7074836636685 21.1035075992184 21.8282425674269 -10.5793331178993 -10.8570889766362 0.366621463500836 -3.42808183192005 -2.83738517651414
Marmota_caudata 17.896819036749 -17.0839867686915 -5.00941264313086 -7.55872314441044 6.93995009686698 12.3956733832537 -11.0206186153539 6.34732255596551 1.473508153711
Megacerops_coloradensis -35.6246416371 -73.5731210627496 -11.5918935476912 19.3261408538762 -16.1877905377757 -12.2694507702213 -9.39074316115113 -13.8640269661874 -5.62494376884073
Megaderma_spasma 6.63763101180009 -33.5770247080451 -28.076277060793 -26.4360698381603 26.3156946953818 -9.92826355052398 10.1043532219197 -14.2468285348301 11.6770735572758
Megaladapis_madagascariensis 39.259919494146 -0.715505340649762 5.09182986864395 -25.9717435811064 1.08580011475297 7.08884699788325 3.79674805849359 -3.26279487025282 -9.45658997556753
Megalagus_turgidus -0.28384042176729 -25.3734790393897 -10.9518807836635 -31.9227758170354 18.2404454558908 8.23552328600845 -0.0139684908687643 3.73292057328392 9.9959762451442
Megalonyx_jeffersonii 47.3594815898274 -25.2499576278866 18.9173334535888 16.1803941900893 6.04707064698506 -20.618929725477 -5.32645321910169 -6.56135472392737 -8.09376670213956
Megatherium_americanum 17.9409745912578 -28.4332982906419 39.8156485744344 -8.16097988675857 1.72332155842083 -21.0646981213908 -8.96841986841875 0.261116278567411 -2.32138678906728
Mellivora_capensis 13.3223589804151 40.7269498185984 -7.72618967286867 -32.4020499285352 -5.02530479172018 6.73476230658602 -12.9555846550507 1.75579816400492 -7.71593399257744
Mephitis_mephitis 51.2217400889052 -1.31746356227364 0.208727170629426 -8.73010321497929 4.75563679805079 -0.30083513679885 -4.5268322342766 -1.94616581038068 -4.13394639960062
Meriones_libycus 26.0003830288105 -42.8940537161095 1.89982696570875 -12.9652674956547 -23.7896938270519 37.7469428168785 7.46168607060871 -2.73670863153227 -4.72875263531831
Merychippus_severus -19.2550108998976 -59.294648852555 -20.9981103581963 -14.2272868736681 -11.5328838961723 -5.46775956371693 -6.21560306692662 -4.83499805066397 5.92979858677869
Merycochoerus_proprius -41.5580701008519 -41.9042654035201 13.6933937036058 -12.9909845302489 18.4328851423109 4.99154028701088 5.03697480449692 -14.1615937698894 9.86472432973319
Mesatirhinus_junius -70.206067335842 -28.9512117479695 21.2237944979047 -3.92032268720765 18.6548601290421 5.69717148173237 6.26123599512738 -3.04187534558838 0.117240357419952
Mesogaulus_paniensis -17.8678385331763 -10.5645284736702 -26.7308727023028 2.16736796198878 7.11387357256216 9.55395739702883 8.66125837113648 7.14033875286441 3.63798435047591
Mesohippus_bairdi -30.3793666122495 -35.5680225997014 -13.9063844091214 -23.3604060796299 -5.22848866835737 -3.92128692178898 -0.339945574756627 -10.7671073495899 5.7841176662532
Microcebus_murinus 57.831115862707 -15.740073871073 -4.96298291697495 -12.7457219811853 -5.76982282401489 -0.266795366932438 -6.86781691452838 -4.02831746045811 2.45854662182814
Microchoerus_erinaceus 38.852323686879 -32.1028246904838 -11.1866194655891 -16.897863343403 -12.2795319450614 -5.14798185631499 -12.4466140638984 3.08153438275064 4.57209169839337
Microgale_drouhardi 39.9162386700657 -20.2575828412789 -16.8114386677161 34.9482307070036 11.1450265991085 -0.492001612724408 15.934839988391 7.55093988302078 -4.80398035019101
Micromys_minutus 55.1408527350145 -25.3745740711638 -1.18818599595435 -10.0612586390235 9.19138382094399 15.4748555873235 6.65554448116096 -7.50820565566387 -4.98521007172953
Micronycteris_hirsuta 34.3068404230678 -38.1622630669476 -10.7293852412545 -17.8257248740736 12.1347875320857 -6.51026045687263 15.5433345655566 -8.58519429782735 10.957106646216
Micropteropus_pusillus 2.25910314457365 -13.4319071964424 3.3658452481596 -0.316343753603372 8.80597703675629 1.81869820999059 -0.0850453537084247 -3.12736116368052 -6.66651033624845
Microsyops_annectens -38.0703614635709 11.9122418890848 0.683986391439881 4.00178473759372 14.699134473874 2.66221329115759 -8.6044419167091 4.59006543967804 4.11336528533858
Microtus_yuldaschi -1.58917246407892 -18.6368460214599 -20.7310369597452 17.5298490511298 -8.48877325785521 6.62963677946386 10.5531338869922 10.1917949736782 -9.03124931398542
Miniopterus_schreibersii 15.3965274997608 -43.5630692093959 -19.0622377068627 9.02304753500463 10.6417897413197 4.63610091167429 21.2274776544424 -2.41134947402543 6.64319515797396
Mirza_coquereli 65.5561468059155 -9.60094164648683 5.36610599707479 -15.6792044565445 -0.251347749042082 -5.38389814626825 1.17838459341608 -1.60985246492505 -1.55028628822334
Mixtotherium_sp -29.9575362018895 4.471554888414 27.6823660606655 4.65692985047881 44.3779934754103 18.4467946948348 11.9819758881153 -5.22946591086248 -3.93389426870066
Molossus_molossus 30.2142656229148 -32.9302987429761 -11.8727246037575 2.03141948415845 19.440917722143 0.307930654878238 23.5083122517979 -1.5423582824167 5.06163948101179
Monodelphis_domestica -29.5724472805628 -8.31713844483616 -9.73918182853312 11.789509307192 14.4764555063372 4.3812279823428 2.85392054531464 0.462591195165965 -1.73741504298608
Monodon_monoceros 70.2993814050217 46.1107938715374 12.4520713802668 47.4724774635249 -19.8153108766875 -8.4534302445202 -25.6173543822051 0.738673888108111 2.71798290653223
Mops_thersites 41.0388991653527 -21.3881787786191 -12.1765825570057 4.09843515576845 17.1411803289739 8.01700588292091 29.8789612930815 1.68346278538888 5.51009799479097
Mormoops_megalophylla 37.0828183646445 -30.4222616666467 -16.0024386063626 29.703268512405 -9.64298203157225 3.68798646945042 25.1980084303042 -0.868649792997644 1.72198993725163
Mouillacitherium_elegans -10.4087205774773 -11.6183850140645 -10.6190969205988 -22.2290904255107 8.50548077983927 1.99507564948218 8.61870537173007 -7.66035332461739 0.514840047824784
Murina_cyclotis 47.879084311828 -46.7091560727619 -13.6877035078003 -0.544266520457789 2.34300953668422 -5.40938597787286 25.7708207423879 -6.60461334686275 5.69348432288919
Mus_musculus 21.0526137997277 -10.9628164909398 6.35763238864718 1.78714227385174 -0.767655736274283 19.8058567165124 6.28215508360058 -0.394801961541505 -4.49444674263396
Muscardinus_avellanarius 36.464314342506 -20.360363233 -13.7740712116109 7.51721003371349 0.870546261326565 7.18588520346178 2.97060358005867 -6.10120840450675 -4.33943125633807
Mustela_nivalis 34.4445551585676 28.9228948265885 -1.31627249874779 -9.61559818001028 -17.8205544675394 5.86979835571916 6.77233531472243 0.582579935186355 -5.65929681295108
Mylodon_sp -2.93649806927008 -52.2388150102416 37.1308207437454 19.6286726138882 3.08372514591348 -10.5882727307714 8.68895953882723 -8.49015471247174 2.63450617104444
Myocastor_coypus -0.225925115872878 -14.4175239927178 -12.1176827292492 -11.7998920512294 8.97889503905949 10.8930545051341 -0.741549189364873 0.910434466711357 -8.06501372050516
Myosciurus_pumilio 43.4938783608431 -30.2879587981646 -4.3874131806226 -4.84692550729995 -12.0128185559706 4.56536983261083 2.72599944059071 -4.11908645895555 1.33568305226577
Myospalax_myospalax -21.2257360889629 -52.3340270850269 -47.6356976461097 17.4804959944155 1.12023537116168 -6.03681802966786 -0.679676833700595 15.7925377160127 1.45703422965953
Myotis_adversus 24.4083191796701 -47.7667935752037 -27.6315721909903 3.21807872761318 18.9975351116713 0.368269548792337 23.6686947743754 -8.31704119440182 7.21020578718216
Myrmecobius_fasciatus 7.85541242600433 -15.3775252333791 -24.581151120231 -4.29383851244005 11.939408153946 -11.8896363197957 7.87386766455505 -5.92219742253262 1.8613883137188
Myrmecophaga_tridactyla -36.3416439858227 7.76551731942669 -4.04701064828245 -24.2209565624023 -7.84639355561006 4.75697309928307 -2.60367030443938 -5.03936653634394 -4.18771800212992
Mysateles_prehensilis 0.754804661375726 -19.0922255348628 -7.69343497441423 -16.1106742539407 1.25305453085496 15.5854985270696 13.0191853591954 0.429083216824852 -3.25390355590651
Mystacina_tuberculata 48.210616752794 -39.4704844180665 -9.62266634688145 3.77316485231388 18.4266847120295 2.07586270011005 20.4057264724809 -1.54739350842928 1.82335203572837
Myzopoda_aurita 15.0770147451217 -30.8257967797567 -4.35980611561989 10.665600823489 12.0969193950849 11.973657304551 28.3723221568582 -0.52462469512548 11.0507092921577
Nandinia_binotata 7.8478935819085 19.9524672569346 21.3238563337648 -23.6728140778435 -1.26367850315348 -7.58128520322335 -10.1187533716082 -4.74018097418039 -0.626992304256033
Nannospalax_leucodon -24.031437721997 -3.00244079669708 -51.0613071667273 20.1127531473773 -4.01653669998363 1.45348079645964 2.04054202691118 10.7222776546639 3.64437130309963
Nasalis_larvatus 93.710395578689 17.4321310531083 3.85491946459183 -35.226841120536 -4.18248539538274 -15.1165900339436 -6.77935831766609 2.52600900309627 -0.587391251857539
Nasua_nasua 45.7593177176471 22.3612666334553 11.841964079726 -27.9191088514093 -7.97826866114891 -3.73373120014062 -12.5432247707692 -0.361750827448703 -0.465102448830305
Neacomys_spinosus 31.8258140010364 -23.3673304017081 1.43392436939474 -5.31978160359473 4.43458367452125 5.95509740171083 5.85650257116417 -5.5071573826783 -3.70123502938038
Necrolemur_antiquus 66.022967639264 -39.5212896550778 -12.4386109667758 -20.0403069055521 -6.78522581201048 -0.756135280912611 -0.277469275256526 -5.09736438100767 11.473142525903
Neofiber_alleni 3.32228985599218 -4.53994348937307 -7.09901820912714 -3.94084050204183 -4.4845722839383 8.62230895395114 1.28169951758166 -3.59793046497762 -4.08636736390172
Neohelos_stirtoni -33.3716014064011 -6.92233332593997 31.5945373988165 19.8085165035139 7.72203586088653 10.6263678531873 -16.1783843791046 -1.09423933248284 2.88659320061597
Neomonachus_tropicalis 67.4576211550995 76.800434796381 45.2533317436516 28.7900042611553 -17.1136067030173 -22.4724029075391 -14.3843145022441 -3.16485156024136 -6.41077327148797
Neomys_fodiens 68.3827176008881 -19.0352826499059 -3.8301482116584 17.9561169414726 34.6736182498099 11.4141347810605 3.07351272843921 6.47739048179989 -9.98709792957592
Neotoma_lepida 27.5405501492667 -17.1394958893724 -21.939583514216 0.0059033274416585 1.44109332011141 2.16930644834017 4.85537494603122 -5.91225270745599 -3.54958040813104
Nesodon_imbricatus -95.9763545085926 -60.8143030755955 -27.2629700968389 12.6583881229041 -8.03337879214554 -26.8153916639933 -4.81062701525072 -17.9847679987222 -21.7185182591663
Nimbacinus_dicksoni -32.901765741134 2.9567822582695 -11.6851788829595 1.81636512821134 13.7024539501051 -2.20674778615709 -7.43866457077681 -0.712539099958516 -10.9989892989174
Nimbadon_lavarackorum 15.3963862660803 6.83784183452728 26.5780514082897 -20.5183118004884 8.97559068277024 2.28703608607729 3.77310360934624 -1.6056333774162 -2.88171325149956
Niviventer_rapit 20.0813329583004 -15.7857918368224 -4.30310102490425 -10.161813561144 6.19830787197194 2.19434949542643 0.387715497283305 -0.948246048473412 -6.92454593457692
Noctilio_albiventris 44.3017292844364 -17.6220955868679 -9.32617424929962 8.98845411233149 17.1455326647609 -0.478102323414159 25.4287883119573 -6.71476706957446 2.50242046956056
Notharctus_tenebrosus -4.26943829332164 -2.0010258693666 7.9332330846694 -33.2817477506438 9.40236036631432 5.73211692068433 -2.85305945370885 1.31879363457272 5.06849100837993
Nothrotheriops_shastensis 45.7911931336341 -46.2928366574074 14.1909223347483 2.1109197435626 13.9558470226587 -5.58191607639036 -17.8308847644576 -3.46023828394981 18.7610975180079
Notoryctes_typhlops 78.3490700747295 -28.0155633811208 -21.820347208529 2.14797779037184 3.85598018485136 -1.0321395084506 -5.96668119157431 0.310976461876731 -5.27933497381567
Nycteris_thebaica 13.7424727894934 -52.6295652130756 -24.2333665017274 -31.9490992518888 13.9413356151991 -6.67748281524727 17.0961928830592 -15.7960281936978 19.1648800862916
Nycticeius_humeralis 11.3894575148365 -29.6724435385132 -24.9396209156125 7.93358352900348 29.9675093922888 2.64905025067378 19.9117851260324 -0.783735157441073 1.11582951911853
Nyctiellus_lepidus 25.3913293429368 -69.1410467067323 -19.043161357316 11.9164227011974 15.5838352713708 15.2425343065437 25.308787382772 -7.50063376685802 18.6260631946836
Nyctimene_rabori -9.07497642456242 -2.94482498819209 5.84717787382339 -2.34442562575866 0.0216297130606181 -2.31932123968271 -3.1071266821586 -7.23071213229212 -6.83192748959795
Obdurodon_dicksoni 37.0050317821479 48.1961267037211 4.48055203237936 1.05554060899314 -12.0480661442153 -10.1194983966229 7.2815293124476 2.15942916615549 -2.09608464179582
Ochotona_alpina -7.46638386539972 -20.4486816680271 -7.35203284946038 -12.3578814334673 2.52193716870205 20.9903521196903 9.76471898172484 -4.26501617909625 -2.01736560040091
Ochrotomys_nuttalli 38.179166196776 -13.9691606674203 -12.2960581986438 1.99034919504317 -0.799022871900718 4.17390188049495 6.86600851454688 -0.590865355760068 -5.11997957699128
Octodon_degus -8.56598134640196 -37.4969559472202 -23.0795360103884 -15.7292941940162 -3.26870890915551 15.3127655635673 2.07071397228796 -13.2470966749149 1.01830387252527
Odobenus_rosmarus 71.0012588232488 39.2994733003204 25.9678812118347 6.77782199463015 -21.3653885586244 -22.8113459924249 12.9859492042126 -1.76930056952374 -1.78966170892679
Odocoileus_hemionus 22.2151459023764 -23.2261862539593 -2.42273846492024 -28.4232502672413 -5.23634380569406 -14.1003056497743 -11.4184270165507 -10.1935202397284 1.36515573376562
Okapia_johnstoni -20.2148371309704 0.0999805898241462 10.9727256306014 -22.447938256219 -18.1933214372183 -13.4505233257815 -0.474644675616452 -0.716173967658994 1.27961660435609
Oligoryzomys_flavescens 44.3745921706341 -12.1741553559178 -2.7382932565717 0.940324481149736 6.97589419814795 4.03982418288732 11.7106723239653 -0.57598758741249 -4.88415806444443
Orcaella_heinsohni 45.0481386942778 41.4310138358735 20.2781005106133 18.7580124411088 -22.1906544688387 -8.41922547817892 -12.8852930687984 5.92592646194885 0.420249496237099
Ornithorhynchus_anatinus 41.2006518990521 30.9612535324055 -9.19919010992099 2.6909241436283 -16.019778929329 13.6501782752789 3.33691779863909 6.65261443698855 -4.794886844099
Orycteropus_afer -21.0699899439577 -18.815148669624 1.87975348471959 -33.4191158461085 29.1307548973165 9.23172788472148 -7.27085501193356 2.60948030151479 -5.58754931644159
Oryctolagus_cuniculus 15.6882853722921 -32.5228933661332 -9.72373121321696 -28.2325101708069 6.64011742469749 17.1525278123634 3.38721424241045 7.74280802357351 0.203007148618456
Otolemur_garnettii 68.8560139798773 -21.3337124302402 -1.09490513476484 -33.7967482349041 -6.11350576664314 -8.77555806255571 -12.463877584622 -1.53468867800483 0.643029887179256
Otospermophilus_variegatus -0.0487905874335877 -8.84092122318247 -4.94611008684628 -9.5132210165021 -3.2445845828948 5.97327383005523 -9.22859484367131 3.81272917800303 -5.04339624540275
Oxydactylus_sp -31.5990882026958 -6.44330921816656 -7.98664205753388 -46.2491286106881 -5.47426995740756 -4.88046574122015 0.00309221964202111 -12.096109916136 10.0406402528166
Palaeolama_sp 10.7564341758635 2.13644184117588 4.66995574489985 -31.4582558652661 14.3660064844071 -12.3266196787641 -8.50352453779734 -8.4291659560762 4.59555431812868
Palaeosyops_sp -76.4897868501022 -65.2424688209013 16.5087993491786 20.3095462409979 7.82241941645846 -2.26132271179505 5.68190667122315 -4.00771320072677 6.88320944392329
Pan_troglodytes 104.849120878622 8.21754751042972 15.6317301745971 -48.7339541163102 -1.68407053462458 -11.8620594993803 -5.99999904978661 4.54440818879711 3.07355254180979
Panthera_pardus 12.7067935716643 18.9860015764537 25.55084147296 -14.6170204046105 -6.30340442814062 6.74242103032849 -16.1905954030583 -6.95761357236688 3.57947072934995
Papio_hamadryas 110.238665088513 30.4728945612305 2.98681183511916 -48.3475495316841 -9.23164839378004 -18.572832565299 -10.2989501199275 8.69873923722208 -0.164294774431456
Paracynarctus_sinclairi -0.879024600003839 19.2053058419236 7.47382906666106 -22.4303497637704 -8.09140417172373 -8.99720488911702 -14.4789080495756 -3.51851571827976 -1.36132309313214
Paramylodon_harlani 3.03614860704157 -17.0784867137846 53.9546804503397 20.05413727512 11.8430226008988 -1.01031464973949 1.87490858783193 -17.3059880228789 2.63309366707271
Paramys_delicatus -45.5728444218253 23.055305209366 -11.6594033066355 -2.14745456324349 14.0989796693664 -9.86574796191028 -1.61352964544402 12.4638030932326 -0.172399594772899
Parapithecus_grangeri 107.867682139767 9.31810586506808 -12.1884904733136 -41.0281966843638 12.8358241563546 0.209227007003191 -17.8333808298853 -2.15018727183134 -1.472227079105
Patriomanis_americana -13.7535336215313 24.484160932428 2.51277861452344 -28.8651286015772 13.0737087073466 -6.62689474681145 21.5581681182549 -7.90649813316274 1.66159895021147
Pedetes_capensis 4.9677133467749 -41.1067089790394 -33.1735584204802 -2.96467460741104 -6.59577535748133 2.24571173814538 1.33628535618372 -2.82418062138957 -3.17153402165372
Pekania_pennanti 29.8225478584025 32.6744705148844 2.02649607573403 -28.8705419231214 -17.7326148767083 -8.99375575541555 -8.14848581202279 -6.44878055606771 -1.77660150870059
Perameles_bougainville 51.2667149901155 -37.8554321968784 -23.1048442455536 -9.35910388936665 13.1468298284803 0.636976052682583 -3.6369907746649 1.07296113933935 -1.07093712370012
Peromyscus_polionotus 45.3677067359463 -9.01202797157671 -9.84374882952562 3.75935843785539 1.84438714670738 7.53529035341181 7.03504976310793 0.346413616944375 -9.22057255684799
Petaurista_leucogenys 22.747470714191 -25.8697225520796 -0.353852692842436 -18.3004697287386 -3.44239263374078 4.95233013212258 -5.14721306742836 0.154344140897381 0.498085876865097
Petauroides_volans -21.3249486674183 -23.7414609757259 -4.13281714195412 1.03200935190038 1.00055671718732 4.51326176031811 7.74206944305932 -1.25003849655495 -0.739650766314767
Petaurus_australis 24.5861669947061 2.37574992354389 2.63354391847855 -3.32572588418868 1.72766534867949 3.66554842348573 -5.23852834074428 9.35155596761205 3.85743342213647
Petinomys_setosus 33.9021790592686 -17.9194811909684 -10.4517441710292 -8.34851243564076 -6.11712655966968 0.527435810586964 1.68794381578795 -0.61322066542637 -7.35161697105173
Petromus_typicus 6.16158601126648 -36.1069171108039 -14.2455173958633 -12.0864659786958 7.24811773689762 6.81227822118287 14.603314067335 -10.0210519400969 7.78914053513343
Phacochoerus_africanus -13.080133517778 -51.1762934390406 -1.76422009067632 -1.80657167447134 -8.86487501156047 -27.645627745212 -2.66801441779744 9.48497711400377 11.7045785996599
Phalanger_orientalis 2.10812991877546 7.51241629445709 0.452933621987937 -14.6622343208104 16.4095446137349 -4.64601080687772 -5.33430879021718 2.21873682181321 1.7148103041069
Phascogale_tapoatafa 19.2593692266491 -8.46857675457256 -21.3078213450046 3.26726189827886 -2.06210431516268 -4.88215938722306 7.04700606986077 12.2581915852762 1.70815593378523
Phascolarctos_cinereus 4.09417697570463 -27.9146555679929 8.52444884666634 -8.70656844257559 8.57243988201695 12.3404601971054 -3.34534271325652 -4.09011149830216 -1.92975856592067
Phenacodus_primaevus -47.6928648503415 -0.766442800854889 47.9261373071898 -20.0496270037362 -0.117897941825196 8.6585122187381 -0.980559945050617 -4.53449865751832 6.96234424855966
Philander_opossum -4.31241481740731 -17.3334133869172 9.73212131345523 1.10319682849705 15.3172646518091 -0.649277329843041 -9.01969083697848 -2.92443347972685 -0.627985746535869
Phocoena_phocoena 57.6899265842206 89.5818447771385 53.6296217402911 28.7475841363904 -23.1968590404665 -23.9154196922497 -17.6903642823042 6.04893836161066 7.82017886342218
Phyllostomus_hastatus 37.5164165946403 4.95799368771224 17.1856809641333 -20.4907618161999 28.2356238975082 3.48275327250125 5.72409862475485 3.71578126423695 8.75796836871889
Pipistrellus_hesperus 4.9996684926234 -38.666358580332 -17.3863529930491 6.79493780223854 26.2537710727098 15.6241326799297 26.357547142142 -4.11575847236799 -1.95221403678812
Pithecia_pithecia 94.4054814473132 14.8630139225264 -18.5605117070062 -36.6690434253637 3.70793701267522 -9.1047286546124 -12.2113834353684 -2.21247447947011 0.778386174673592
Planigale_ingrami 33.085725811611 4.02882899140253 1.67810219707217 15.630152846173 14.6550375803959 10.3522366393027 9.27486652294899 13.6007392107081 -1.92744877452771
Platacanthomys_lasiurus 21.1467949511275 -14.0493576566794 -7.45622024872292 -13.6075281715504 15.0005418646764 -2.36689899785183 2.46349997161866 -4.90543719022261 0.356275802015014
Platygonus_compressus -13.8187948447676 -18.8183505658228 -5.63329470437125 -8.0144981049817 -5.57421121296051 -22.8098729565765 2.49855773472662 -11.5252188241033 6.89897150960199
Plionictis_sp -5.15950727610456 29.103347090077 4.76601313119315 -23.4574618530206 -11.5087216399617 -6.19260914484437 4.1054956548951 -13.7228793961807 -3.73338339492076
Pongo_abelii 128.191438079034 12.8217872788403 -1.22767507720361 -44.1811581323699 3.34230665199299 -20.1169609252544 -1.3070307815742 -2.93652695122803 2.04558252807256
Pontoporia_blainvillei 67.2991542076021 52.1428749205648 39.327077558515 28.1862585447208 -21.0355009323996 -14.8922749652799 -5.62888777590493 27.7562308617805 -1.42658296557141
Potamogale_velox -10.9328883952158 -11.602718047451 0.0556395578199458 26.2300808797514 19.2146323291942 -13.0768986066767 6.93853811503436 -6.32134530003122 2.75196823642751
Potorous_tridactylus 37.0686827646746 -20.1063944014101 -15.4896806566537 -0.179996147929069 6.56181036842205 2.16360348874092 -0.641618727677796 -3.42539405842354 -3.95643501465664
Prionodon_linsang -26.8073562149101 25.8539002277519 15.2561158647058 -17.8609138952499 -14.2103714098558 12.512109825452 2.6014298383031 -14.1964708205136 -1.20179095806205
Procavia_capensis -10.5032124385297 -30.4456014430115 -3.33769834634338 -19.3994183567506 -9.78797150922638 -0.606528741818252 -6.69222904085082 -12.7691189269593 3.20616203611573
Procyon_lotor 43.4871059668687 13.6865675654835 -1.94777566562854 -32.0557783892541 9.63017075372275 1.41964885485778 -18.3022030869822 3.87785729493996 -1.62200970818785
Promartes_olcotti 46.2518882624632 16.3187229787238 -0.5524688536476 -16.9557840081097 -4.79031558241308 -26.36832644093 -14.6448051470403 -3.33768051455341 -3.40496726994356
Prometheomys_schaposchnikowi -5.96786174240626 -22.888889282418 -24.3976998220117 8.44209053698569 0.0206565767449014 -0.528753135556808 5.87135165029037 4.14980718856959 0.284913128527804
Pronolagus_randensis 6.55088636893873 -29.9803902334743 -30.8434308175099 -13.3579819968083 6.00990896623908 18.3070690501429 9.75331521283858 5.48626672875846 -13.4749819435367
Propithecus_verreauxi 85.0404990432696 -18.7616711828117 -10.7406415527421 -28.7355562041401 7.02591802332371 -0.64634884803422 -7.04221842776627 -4.08226284548324 -4.80932659154936
Proscelidodon_patrius -0.775559930465064 -25.5042558064026 27.72825913201 -2.71808258496969 -13.825191857621 -12.2625033044289 3.48508496982933 -8.46076243136751 3.65593861349889
Prospaniomys_priscus -28.6504220220403 -15.086934817499 -17.0243134396328 -13.0575601569303 6.03415671539526 15.4281447857346 2.60470439559778 -4.95638253642015 3.40076052744191
Proteles_cristatus -25.8006394256333 13.9066127298644 30.127804826009 -17.5776682076408 -18.6208145271655 3.54460318384232 -13.3670345673056 -0.377936956996388 -1.1425119565453
Proterotherium_cavum -59.1093903895774 -38.8947666159502 -13.3986934248554 -15.8558814058731 -9.02637140524511 2.56398699397858 -3.76337060708343 -24.6650169656865 -2.11436753249165
Protocetus_atavus -50.7287247000009 40.8183332286634 13.4814676133981 -13.3062334227392 1.86484210191619 -6.63600619615723 -7.86843650924086 7.07237993037212 3.83366044208476
Protosciurus_rachelae -1.34483208504091 -15.9340959821987 -20.5721805534704 -3.50446688686927 2.3023383957788 9.81904217916664 5.67070021311552 -2.1029610115827 1.31733285906707
Protypotherium_australe -16.6909792304265 -67.9396810225722 -5.60128196119064 -6.7653649821924 -1.77144148355827 -0.499493005012461 19.4090733077402 -3.26685951754158 4.22226740138815
Pseudaelurus_validus -7.07588028893118 14.8821624405401 28.3920031772589 -27.4656072821624 -14.5986398576867 4.03574940617302 -14.2291594128899 -5.78354822312443 4.97251968238345
Pseudhipparion_gratum -6.53430142637919 -66.9155655222949 1.26710302674812 -14.3639424601903 -3.6355255010492 -6.31193648233505 -8.35531822220528 -6.6204943078902 3.00786311622995
Pseudocheirus_peregrinus -25.7918493911518 -8.05466842600728 -16.8118928325289 -10.2551403232094 6.01884169383556 -3.02634628994495 3.29897696786027 0.104409717706124 -2.87077908247571
Pseudochirops_cupreus -24.4349949552705 -15.6699059300378 -9.4209531510583 6.66853910664413 6.11372649427542 -4.73576934648872 1.56079993961138 -1.62126800828249 -2.07675174764507
Pseudotomus_horribilis -22.9564445687049 24.917697165648 -14.4672890496024 -16.0138923079204 29.6252687783372 -6.22564835631758 -6.00404770352423 9.34256524719872 3.02276924987379
Pseudotypotherium_pseudopachygnathum -33.4736739110536 -52.9735487095959 -10.4200918813512 1.40642261253962 -2.84841039513909 4.44215820291265 3.44999022016181 -6.38430969830829 0.0139761351953726
Pteromys_volans -5.74027329269085 -26.1582863945046 -16.965908077115 -10.1337511235504 -5.95732742866428 -4.37846392476891 -2.09552399142754 -10.9685164521411 -8.80574700815475
Pteropus_giganteus -15.1102310660761 -6.83295572503376 8.30832776372077 -28.4399714137491 1.46106472899615 -1.17877589219413 -15.8556851419406 -11.1464027080989 1.60458458139716
Ptilocercus_lowii 29.515510343712 -14.3093494887431 -5.26292405247153 -7.83619775319913 15.0052950686285 3.50505137549052 -2.84184117742849 -6.54850020383507 -0.234995775756705
Quercygale_angustidens -61.8007185931292 29.2464539136637 10.0643901198101 -7.35227958606879 -6.61579925641754 9.24263246389002 -5.2477685678425 -7.92875602461496 0.870261387462654
Rapamys_atramontis -34.1411710019236 -19.9911158563015 -7.99154184207903 -12.4169083312148 1.65066483238092 14.7785280472664 -3.26802203739594 2.02683719843407 -0.168418977291588
Redunca_arundinum -35.4294444386505 -41.5582554482836 11.5149296635113 -30.949138921679 -2.89443403036457 -13.4476759953605 -17.7731860344926 2.95792926530653 -2.37581753554073
Rhinolophus_affinis 30.3501570889581 -30.5637719787909 -0.529112985130679 -27.2915107836429 14.4222483329823 -0.324702496325068 20.4959744186823 -14.785304134228 12.7158363967858
Rhinophylla_fischerae 50.2605107445593 -22.7210144472034 -2.95284801943989 -5.46428901965693 20.9724060432607 -5.54409800515253 17.8811850377465 -3.14679965529169 3.25270376512036
Rhinopithecus_roxellana 115.689634394272 12.1816290980131 -3.20029641076816 -44.2109884779361 8.87282619753988 -16.5644899025077 -14.5167055004628 3.47166951730567 1.59545416642146
Rhinopoma_hardwickii -13.230705166572 -46.7750362048704 -22.1216561990993 -17.9150224470426 26.6736589753998 8.25963858906485 20.3836166054012 -10.9211481618091 11.0174316049713
Rhipidomys_fulviventer 39.0008021044049 -5.175616024829 -0.459943573117463 -15.9859889841787 8.13946254151256 1.90941220037467 2.29877214132989 -4.81529049461327 -3.04347987131308
Rhizomys_sinensis -67.1236873414164 -22.7066783326199 -40.3404932195344 -6.58508715691623 4.99164894331528 -9.44632611280105 -8.88074574464725 7.21846678621135 -2.27335533499477
Rhynchocyon_petersi 12.275041518607 -54.0948237964401 -19.0319297934201 -17.6514962154016 8.54306377002454 1.3092266449245 -0.532867521408194 -2.44899543772551 8.89053473372753
Romerolagus_diazi 23.34665543623 -22.0434855234611 -21.5412476648778 -17.3136813971102 2.8714462522641 12.9270002068023 5.56518650180046 1.57018230386463 -5.07956882958594
Rooneyia_viejaensis 51.9879616012833 -29.7875985644225 -10.3287347746556 -18.7013611718048 -3.89867219160054 -3.53792479384955 -7.45960325966176 2.9523725542973 3.42771636922578
Rousettus_aegyptiacus 6.41064477998588 -25.9433786440199 -9.86754625089532 -10.1259600518647 2.46187388029759 1.4355957733015 -1.13576980824118 -8.27467631757623 -5.26520483453816
Saiga_tatarica -6.41473999957609 -12.7792548493021 8.45084386027104 -8.70080420048108 -18.2762733171938 -11.0021103234189 -9.33214328518691 -6.21288917797022 -7.45926418602706
Saimiri_boliviensis 117.140324759761 23.6679906368321 -22.8398339083431 -46.1135924874022 -0.961744530124356 -14.0242012586251 -16.2999456638236 2.85327277841865 1.06338925137643
Sarcophilus_harrisii -27.9789464411503 -23.1112453982406 -12.8682828140503 8.73110977412425 15.7646516899088 -7.62217555312354 0.913833705512176 3.73928357349104 -3.42005609795961
Scalopus_aquaticus 10.8690099294205 -36.2060618459395 -25.7826987703133 6.76317701291307 -0.828630887306422 9.81627481425231 14.4122688910132 -0.439978198971561 -4.6338897626643
Scapteromys_tumidus 37.2530651909602 -2.33201929627462 1.975069098176 -6.85979146109129 2.79391077386326 7.92806198050769 0.823871066773929 0.00368203751198259 -4.8685391446208
Sciurus_vulgaris 0.279579938173304 -16.875721748617 -10.5120265728935 -17.2993570976359 -14.1850104807699 3.86590231037988 -4.95793368931236 -4.95151980523571 2.03876723926177
Scotonycteris_zenkeri 4.17382007549009 -35.1542447692546 -15.5071580008401 -0.854297177743168 0.384171327018784 3.70089685945131 -2.78853089165994 -9.74703094405723 -9.76629758441848
Semnopithecus_entellus 74.9408030191963 14.239887156963 -18.1458165257447 -35.8483731929411 6.84361290367773 -9.74415560006428 -7.23944345314463 2.02707649610533 -2.72797478399486
Setonix_brachyurus 16.4683275155666 -14.8831841912874 -17.7800296344453 -19.9143506293102 11.7325975404602 -5.67334097266735 -8.86975400351783 -3.71251710493578 0.384142050295709
Sicista_concolor 43.019825389373 -22.0353134152956 -4.63456961413296 5.8025438858773 6.1473861514429 10.5038335133399 4.27859499959628 0.460677554156723 -6.67542955146903
Sigmodon_hispidus -16.431315519974 0.477898086526912 -8.38536796226012 -13.58384644 -3.34117986466429 11.7365806852301 -0.315082257413741 -9.29251139732695 -2.4233325294466
Silvabestius_johnnilandi -36.784485939473 -7.32273574525636 7.90643520954919 -12.7719203724344 14.0586968956413 1.48122464409883 -5.59852829864686 6.32831438810962 3.49864552220197
Simosthenurus_occidentalis 12.0850404655823 -22.9227206726179 -6.41961034447024 -7.66901336127071 10.0090127508524 1.52561076580097 -0.0249790987376947 4.62443549559333 -5.85860564913389
Smilodectes_gracilis 28.4378136007596 -33.6298411344361 3.12219458989025 -18.4000982710615 12.8432453221687 11.2263728864613 -8.78177018750522 9.84861842004208 3.99946359743144
Smilodon_fatalis -64.480210176317 12.4248543306192 58.4770644516011 4.29162552542278 -15.4134182280885 -2.9554694419617 -17.2504363964847 -10.13999150971 0.504952294043061
Sminthopsis_macroura 12.476269074941 -6.51725444460762 -17.2888730305633 18.6467116906688 0.481694315077811 -0.379195087816289 12.5358284011663 5.91509063031852 -2.59724751873998
Smutsia_gigantea -5.31161203642597 25.4567137214615 23.1135410609019 -9.17423935374832 -4.47851209638894 -12.1887513279717 3.93883525280197 -3.28057443564616 -6.87004649907055
Solenodon_paradoxus -10.8307900250402 -28.2925034434937 14.7206448832995 -4.41518741589319 10.6241915927024 4.29849640580268 0.639853898324743 -3.95120982812757 5.15795838638418
Sorex_araneus 87.8020263359931 -36.7805364083843 -0.0682934006556168 9.38595398675524 21.547583938703 0.466576631860032 -2.01918445147738 -4.76949001389787 -12.9021947383288
Spalacopus_cyanus 8.65704472103962 -30.4846192378126 -25.7238022585455 5.57021374623299 3.16991735448538 10.9589036730327 15.4669652888123 -0.947084116081343 -5.41596512252359
Speothos_pacivorus 15.6437863341645 21.0811120329756 5.80522163661479 -15.0554156497405 -15.5829446339995 -1.22615837549383 -15.3531749679188 -3.31830536093248 -1.07452501633622
Steatomys_pratensis 31.3808652469549 -5.93575156105992 -14.2232326141737 12.173258619457 3.59337030041191 14.6915077318478 9.14905961469276 0.763839118654525 -10.3343260554513
Sturnira_ludovici 49.98614606164 -10.8363627553085 7.67129980416613 -12.299126106302 5.61832210488256 -11.9229557011349 16.7448425023182 -0.921939387953813 2.71476574390427
Suncus_murinus -10.3512751871384 -21.9957123761443 3.04704905790233 17.4605569016393 29.2068611183301 14.3621616354602 -0.0728803748155181 2.19704673329873 2.43333039826996
Sundamys_muelleri -5.76121188992392 -11.0645588294632 -15.5829094262412 -7.55402386969987 -1.19748012705823 -0.526013029335616 2.32784914434977 -3.2039323031027 1.42878025047314
Sundasciurus_juvencus 30.4621786221849 -22.0994895601982 1.94026207317021 -12.6258881766108 1.93066701657655 6.23251216706148 -7.52601671894051 2.03238321878339 0.839571606983607
Sus_scrofa -14.0860853300513 -24.2370500139745 -21.6596133572821 7.03028290755645 -11.853238903232 -24.0669938323741 -0.802994722581557 -4.06712379434345 6.65351690255635
Sylvilagus_bachmani 20.428321672342 -40.3973533220119 -31.0269822983809 -13.9815981280577 5.35091799520878 6.89637510516838 4.59804464071144 -3.85200697183549 -7.63011190077775
Tachyglossus_aculeatus 43.9957483485114 49.6067743963956 7.24496515104631 -12.4952883230459 -8.77115139057705 -7.49194075250034 1.04456809589889 12.092985991327 0.47855249687198
Tachyoryctes_splendens -59.859240215114 -9.25580840497272 -32.4962640596196 -9.78990047241637 2.46084248417515 6.23587199986203 -1.65302970768772 3.25894626797801 -2.61663313532882
Tadarida_brasiliensis 11.6958999728754 -58.6179531986429 -19.8522170443665 2.12418904045259 15.6202249614204 15.6036263211537 26.2373799679507 -8.77260514230921 2.65269451192407
Talpa_europaea 83.2313807965815 2.96519095890371 13.9814832339697 -17.3073233786713 13.6061062348516 -8.39955113231795 0.328014928999351 10.5776079270215 -13.4098736814849
Tamandua_sp -8.90472525198289 -3.96258448119975 0.646780304478311 -16.9538992979057 -2.39799884908621 3.40664870389764 -0.885827684102311 -5.93718267139696 -6.89302135461632
Tamias_striatus 18.9873401056295 -16.4124482859988 -6.63366195026057 3.51665368455086 -7.01143509489022 1.31110016136298 -1.53283847366262 1.85656796853485 -8.31058322221356
Taphozous_melanopogon -8.17327565418221 -26.4812950160969 3.77540780176483 -15.4822461443736 18.5295357659058 11.6834839363652 19.8202875699301 4.39934812671241 11.2999043625902
Tapirus_terrestris -58.316793712959 -71.9514388094755 6.77559760703201 -10.0070518560131 -6.82787269916308 -10.5525916808139 -8.88559069767148 -4.195707863958 -0.186340616095122
Tarsipes_rostratus -3.89201267765162 0.224646526520337 -16.6489986099643 1.03183803364269 2.17605062777306 5.38749287621043 9.49195009946416 6.50746260801719 -8.25017693307445
Tarsius_tarsier 100.062976018436 -3.62950564864129 -8.30382037645519 -38.5993374955101 3.15850729133227 -6.25669527107674 -1.97234450731517 0.691926691267564 7.37646316403238
Tayassu_pecari -2.7934458725417 -22.3665543564229 -11.5297938328933 -0.596555223517037 -6.45476512958755 -10.3884993593222 -5.29022683251197 -2.50443255759203 3.18437620321737
Tenrec_ecaudatus -21.1908525814063 -14.5100472207572 -27.0085355653034 15.383595984111 16.276016436848 -14.0234979798336 7.97515588894572 12.3998955838862 0.577946243425472
Thalassocnus_natans 52.4239784250148 -14.4284565917836 25.6852256984834 0.932531797412477 -0.623598797079518 -12.5146823907024 8.52239475465877 -10.88322295813 -1.45785230289694
Theropithecus_gelada 101.953231819786 0.88298498734057 -16.3155110374812 -42.8657946974975 -0.661153779958275 -14.1424268221633 -10.0923936507495 5.02562823020119 -1.3102798189431
Thryonomys_swinderianus -36.453674879741 -26.3557926899896 -19.3659579255009 -9.68090161191405 4.81755519285149 0.0694238763570904 2.24267444331226 -2.55485196866518 1.18348680699662
Thylacinus_cynocephalus -22.0756057199165 -13.7506883212611 -1.47228870140305 -12.6698098398059 5.50952279186881 -4.83581460456993 -1.9681682342012 0.548935296899948 -6.48492756201888
Thylacoleo_carnifex 14.0041835808511 -22.0274267624331 9.99386679754949 -5.74960763696463 5.26652551130728 3.18727945813663 -14.504895129974 6.85926198069271 -5.61342926300395
Thylogale_stigmatica 9.27078342298321 -10.1059716031802 -18.7273823901213 -9.19972763866926 11.1425995914932 0.57221553327819 -0.619788126668501 -3.84188587259779 -5.13298232808498
Thyroptera_tricolor 48.4847887183044 -24.5358466053426 -5.82961431942101 -25.8713270202299 21.7104397034557 2.27817172145086 6.78811430791358 -3.07817760843177 16.2937720019323
Titanoides_primaevus -102.077229431368 21.8746480786871 21.9926791178878 9.19900284058199 9.54607116617572 -19.128953690827 23.5653708432405 3.00666582942085 4.48847519483773
Tomopeas_ravus 26.1325217896965 -44.3977849137079 -6.6647728547694 -8.74607852785972 7.52221918442371 8.3191658693631 24.9852056759296 -3.08273293459544 11.1819530705271
Tragelaphus_scriptus 5.8972523716197 -32.1966655336252 -9.51938201122747 -21.6343692889854 -2.21547767404298 -5.30811537080282 -1.65362364377273 -6.41621725241426 1.60829634803818
Trichechus_senegalensis 5.39990030596908 -28.485403664662 9.22035826772272 -28.6070143085659 1.60912027353865 -3.79762972645874 -4.15566960386727 2.50583864440565 4.80077953118957
Trichosurus_vulpecula -11.9642156016821 -12.3466057723713 -3.56723729504077 -10.5815397515735 7.71936306556342 -4.31179377389623 0.289005828195565 0.840689881086202 -0.629957732111114
Trinomys_iheringi 24.5497810229086 -32.2896129511185 -6.69093709644582 -17.5801529858561 6.30485288932301 9.8978299745582 5.57367765959851 -10.462662867696 0.791611676367432
Trogosus_hillsii -48.3077131127366 -26.0098987781998 36.6429593539123 -3.73202637662879 -0.106623915016051 2.62445455630192 -11.3179904746931 -6.54817742294469 2.58927845997524
Tupaia_belangeri 15.8628414076556 -15.1525396188471 -8.04100452529681 -9.36098004208996 2.4610454822515 -4.0375773006988 0.607299009767418 0.110322506760458 -7.98740203422268
Tylomys_nudicaudus 12.7553015644307 -13.69871115917 -6.55425522972154 -20.162898049219 15.44611193986 7.82086951466289 5.61589000092735 -5.49442064460658 1.26491769729555
Typotheriopsis_sp -73.0462750966617 -41.360758610133 -36.8021691371295 -3.85467304683996 11.776307418622 -9.66817019109087 5.89384762738696 -12.5398215534505 14.8131949842977
Uintatherium_anceps -72.1880546178947 -42.6367705861141 -3.51309801093491 84.9471251895076 -18.3713968109218 -7.51556988688558 27.0666633450175 7.49613403793052 8.42265276668328
Urocitellus_columbianus 2.1946109017212 -15.9388277667607 -12.4985286214546 -8.38995619833163 -7.212098579005 -2.17158172430971 -4.280208608066 4.11315129627092 1.17374454829083
Urocyon_littoralis 30.9747758646006 9.52684924924279 3.72113031606358 -26.1806457172924 -12.6380062736893 -11.519439066302 -14.3308783758228 0.976384723676435 -6.65335601685912
Uromys_caudimaculatus -3.43322473328342 -4.93709323725728 -11.7579739175758 -4.20239801608374 8.65712684631164 -1.24706555360026 -7.64600977651492 1.80436162524765 -1.07063182820396
Uropsilus_gracilis 121.413505355826 -18.6331291696068 -6.6419619512389 18.42335753984 13.1706330775884 -5.18216184804964 11.6685132394271 4.22695028261945 -14.9929178061792
Ursus_arctos -15.2860025963285 26.241172955638 19.062352443223 -4.51786247433809 6.10326952129116 14.1620642941023 -19.950838395722 -2.56699846912954 -1.89425201297631
Ustatochoerus_profectus -43.6967833190306 -8.2559780681191 -6.63910467948832 -38.6793752388338 0.0542651911199118 0.771063399116023 -6.85766984305374 -6.23969639484048 6.2895504236141
Vampyrum_spectrum 15.6401921035829 -2.17277847646383 16.8645493141466 -14.5103401417048 12.7564053396161 -18.9597247804822 3.95859873156734 2.98966635080842 3.5963519177062
Vandeleuria_oleracea 22.3185700371722 -8.12640013431875 -12.5755758032385 -7.16824847906068 2.82545800502364 1.37933332804755 13.1337672973374 0.379256121794601 -4.17266698530333
Varecia_variegata 52.3389247479363 -8.10253160318393 1.6721031527072 -25.9766526929924 -9.04814812440647 -1.89483632485699 -0.215273789525046 -1.12827165248112 -4.21180297192991
Vombatus_ursinus 7.14071427406421 -15.1677147422502 -10.2391874749216 2.17652793422495 6.97853843871937 -6.05261736361327 -3.36470704776622 6.9722761741429 -2.94357468856449
Vulpes_lagopus 30.7591337830004 17.9129400660548 18.3287565315239 -16.1644329129491 -2.52446950397013 -15.061090382371 -22.9055113491099 2.05607803247191 -9.6097744925885
Wallabia_bicolor 23.5306443005162 -15.5484413954921 -4.98723537547768 -4.99257384028687 2.83192028120247 8.51530611258787 -6.19852738158302 -1.09322905602697 -2.66599604766489
Yalkaparidon_coheni 30.7930476949836 -21.1667762896229 -11.9327113746503 22.7174714343367 2.09794231635763 -2.0444882229607 4.76345116465097 8.20968375428456 -3.18208919025142
Zaglossus_bartoni 68.6956156829057 53.4249741460352 15.0596704698099 14.6742440586358 -1.3864739572566 -14.9273982431667 -4.87643689369313 15.5914466308265 -4.11340804389454
Zalophus_californianus 39.0567869482286 92.0783885705429 34.5569883870921 16.3095601364855 -24.494196146054 5.89500704381307 -19.1277871021176 -11.6219612984827 -0.259223673155772
Zapus_hudsonius 21.8983706321008 -22.1825175633926 -17.3860552671221 7.05541248457854 15.0943405911873 3.98990900183132 8.40679847942913 -0.971977648151701 -4.87644496539302
Zenkerella_insignis 4.27359684030506 -19.98467468177 -13.3815029744793 -12.3789619621834 3.13242418484637 -0.734455176817421 -0.993957228094859 -4.70487688698674 2.03910151384156
Zodiolestes_daimonedlixensis 10.6658868100998 41.0755273624213 16.7619943229646 -13.6171721150431 -18.6488233286826 -5.99433369501973 -3.75035146428965 0.545813336410558 -2.0683057479035
Zygodontomys_brevicauda 18.7683485609714 -5.48343464814822 -4.93373708182825 0.933968984023662 -3.89182720603827 5.41396021450704 2.54346628364229 -5.68335168163498 -8.34300824766196
Zygomaturus_trilobus 21.3036744165219 -1.40981755752401 14.8312744791364 25.641278521151 -10.2750238490718 10.0625400973274 -21.411525173253 -1.54987947528114 1.22639525711501
