Abrocoma_cinerea -0.381032253269995 -9.7784212750924 -19.1391665749542 -2.61628777310122 5.24889731147919 14.22786498086 -6.04344296441901
Abrothrix_olivacea 9.77340539173792 -16.0171907807215 -7.51662446274499 9.10677005437698 16.7541985808983 24.3579088376401 -6.27103119426422
Acinonyx_jubatus -22.8169308870519 38.4411308563305 -39.4661644372112 -17.7713678714224 -3.80944880840075 -0.323034651120209 4.51104203362111
Acomys_cahirinus 20.1311587890748 4.93812107991806 -2.73473229886834 -1.33030181916975 16.7333356592743 19.239617123105 -2.46576082323215
Acrobates_pygmaeus -28.1499120435339 3.72191918591941 3.71237892686135 -6.35632182184316 -2.93877337817845 13.5791212702842 -11.5890634573641
Adapis_parisiensis 28.7385159945837 -2.79518011642574 -23.8447954925451 -1.38288221372032 -2.60368660089286 9.81625476925978 -2.03312616780253
Adinotherium_ovinum 12.4484315752848 18.3480452718987 -24.1694217971982 -6.35843078853833 -2.40775475905574 19.0343078853291 -2.06563869108428
Aenocyon_dirus 35.5515288487225 38.5523099465832 -24.1588553507417 -2.92551602237817 -8.02687851516645 18.7003167210116 -3.36948137825564
Aepeomys_lugens -4.10660666296851 -3.54597073671113 15.9624385614816 -7.18630454260482 4.71466489846711 21.2188092438773 -4.7103942233407
Aethalops_alecto -7.34199452494003 56.9576312664661 14.0583565273596 -5.07056733489849 -4.20057555686161 22.9735502961801 -12.6180702278069
Agriochoerus_sp 18.2567019421984 -30.5573993219373 -12.0827275759698 -9.12823003878664 -7.90728215375898 7.61566364637202 1.7193573880698
Ailuropoda_melanoleuca 17.7238013105011 31.1744197671996 -34.9969750178908 -8.93472904792707 -6.59898505165851 -0.435134909656207 3.88159303717434
Ailurus_fulgens -30.896670437409 35.1039741037866 -31.1785585470553 -6.7477922164068 -10.5706565427537 12.2829133755479 1.05630760820111
Albacetus_salvifactus -54.2777737952786 -8.3937520484453 -32.8075186150579 -0.132077527976278 29.7597799721315 5.59106355852099 -2.20040316974161
Alcelaphus_buselaphus -75.8681938230942 9.58239294780835 -15.3176447845961 -6.09801616803196 -24.6986815253202 -2.12764410385857 0.210409979936196
Alces_alces -12.2361431192159 28.2086931340068 -19.4160660872399 26.1476211633274 -17.9861001777602 7.91466619027009 -5.01927347370686
Alouatta_palliata -23.4757337537076 38.7237739843766 -75.7182349132749 10.2823232542255 0.644625180320372 13.0868184173806 -0.875167916169123
Alticola_argentatus 21.5909533882725 1.58183894977259 -3.33541207642527 -2.75688880788017 4.33574466784749 12.5618115948896 -19.391778184105
Amblysomus_hottentotus -118.88885998425 47.1249665640794 29.5254465578833 -32.0474985022721 17.5434279878186 -5.55529552074878 9.50592797606175
Amynodon_advenus -58.0062153288056 21.6712801395247 -28.7542268107252 7.07937726314783 -0.579926861197683 6.87684421775625 -14.9166556667291
Anomalurus_beecrofti 7.96190937500024 19.7125293488363 -19.3308868820757 -7.46937053482791 -7.97581034842156 16.8170396220219 -6.56232434904132
Anoplotherium_sp 23.5564645361618 -7.67192409362029 -25.3784172178522 -7.87658272744791 -0.132055258254293 4.79871168807651 -3.04080521175833
Anotomys_leander -2.47990286527299 1.74660195462768 -18.7036356115733 4.3929462673032 3.88714194736078 12.9833663295638 -9.15524429481821
Anoura_geoffroyi -24.9948966738096 28.6803340257738 -3.35291906985284 6.87070979644465 0.0701194872383775 15.2704949217749 -4.80611396405434
Anourosorex_squamipes -38.8407434960766 22.0959938198248 43.0246793799187 -5.2539154129197 5.369905850947 21.8108833121662 2.33476937949858
Antechinus_flavipes 24.4224712201686 15.4051995208304 18.6310519910606 -9.24885494836429 4.90339599363645 9.35920808360343 -4.7581835802766
Antilocapra_americana -55.8678132452667 60.772897400415 -23.5536073183634 22.3268727977658 -3.99195421226038 -10.4333555529761 0.831474363400269
Antrozous_pallidus -19.0662183332151 0.0179946514881226 -7.5215669551786 18.0797565658441 9.5944931457287 17.6914076673159 -6.33627836210019
Aotus_trivirgatus -24.7891940581513 59.636845834694 -62.7353514144483 -1.3257043025364 3.6383017197934 9.0870418377853 5.5581239862712
Aplodontia_rufa 30.1919597188518 -8.93182743890535 -15.7175112812176 -0.27512633373895 0.60644033835689 5.93093303715913 -4.49536067872621
Apterodon_macrognathus 1.20545907897907 -27.7008204538489 -2.54445494730072 -10.617630368934 2.23822368549796 4.96249176505072 -0.678363762938919
Archaeolemur_sp -21.9415082166902 48.2515206624195 -42.2401050379242 5.46434874974473 -14.0534523853247 13.5601864780991 3.12460550022272
Archaeotherium_mortoni -7.46552592239461 12.9566187518101 -27.6573615039172 18.9602473234665 2.44070996092894 15.2040878322748 -11.5660938834122
Arctocyon_primaevus 55.5899037651699 -23.883153692895 23.2297941116044 -8.27886001762211 3.13283659704851 4.9505884561981 -4.11936949308248
Arctodus_simus -11.2075567312718 48.9564258651439 -14.8194934607147 10.8637887145251 2.45585229355215 2.12315565033505 4.64716566685915
Argyrocetus_joaquinensis -92.9808143498983 -92.6148051823371 -50.8544766341886 -5.11661681990483 10.931432606227 -8.09339987936084 -4.21737999022386
Artibeus_planirostris -28.5372495857994 35.976632488828 8.28310558538118 -5.14122356131917 -2.96462625435699 2.37416679835174 2.24432196037538
Arvicola_scherman 13.442455319196 -23.7013613374994 -7.61553509211501 -1.44157948641372 2.23909389548391 13.9222944656911 -10.189315068169
Asellia_tridens 5.40865178749979 37.7436741304834 -26.4522612783255 0.0508396994544938 13.2715073631015 13.7170512524093 -9.84901455115544
Ateles_geoffroyi -68.0624126523771 50.5726806853437 -72.1930392711556 3.53786516983005 13.5678680760439 8.12483961605178 3.62875761874921
Aulophyseter_morricei -157.418488845294 -58.6761404785759 -69.8352286349926 -23.8693387195067 22.2147373979779 -2.28176885156428 3.50569384034653
Australopithecus_africanus -114.737131253203 53.2015608698315 -80.9447486388874 -15.2378635342181 15.9580912113875 0.977313746962594 9.73019080878847
Babakotia_radofilai 23.9048071635624 39.8082207128987 -46.945612970199 12.6384460608662 -10.005920213009 13.3485198737303 -0.793977497074712
Baiomys_taylori 22.1356219600259 12.7519497550533 5.56028449674652 -5.11994457908603 12.5883551605708 16.7558074686631 -9.31210695816528
Balbaroo_nalima 36.5231860366262 25.1541867821148 5.10245932934173 -2.65070985366003 -10.3812856648983 13.794149175721 -4.99059635040523
Barinya_wangala 68.7592190998777 10.0906281642332 15.2156548139591 -13.1978998499234 4.80622640068831 2.13461818517343 -3.80504086077432
Barylambda_schmidti -49.5489938451247 -46.8920470707905 -4.98560468278055 -16.6597363332537 11.5090384156558 2.56022188232448 -0.157788655445977
Bathyergus_suillus 0.238529747614972 -5.29597219814277 0.0783888027567977 5.72015151338187 9.88413994279987 18.3016877428551 -4.72199739106677
Batomys_salomonseni 23.5886809514831 32.0184285604853 3.25198088752348 -0.349878159395653 12.8256382371503 24.3483445036624 -9.17574578609608
Beamys_hindei 49.9983391404702 20.8367284183402 -2.63101032410205 -13.0815355241258 7.70660465282599 19.5558920354732 -2.81131062868032
Berylmys_bowersi 29.9735996563121 4.20787256851329 0.130620697468359 -12.0650248156987 5.83800941595445 19.0337747871758 -9.57208525920209
Bettongia_penicillata -22.3658301960182 33.1519467482698 -5.03083125137117 -15.145818548725 -23.6681214853023 3.83477351830841 -0.597553318313158
Bison_bison -22.4277414805991 32.4708198768777 -22.5214878586973 21.292215694762 -4.82614917175459 8.06887333057238 4.26388473792677
Blarina_brevicauda -22.7453150052336 19.3654449612579 38.4546142908967 -4.32029433488682 5.98576693846934 9.23783678726644 -1.58637215423464
Blarinella_quadraticauda 10.4715804716823 24.6834118206845 40.0761149944165 8.20837984630035 9.46193911167465 22.7385668413487 -1.88750260205057
Borhyaena_tuberata 42.055528685569 -17.0228430175712 2.45973176210273 6.13678279630432 -7.44920124816067 -0.772874676929608 -11.3800094318151
Bradypus_tridactylus -37.3443562204826 14.1201108102478 -12.5953345298721 18.9784230536725 -8.02690428022101 7.56123289916378 3.72648829976401
Caenolestes_fuliginosus -22.6452228721088 4.90925740614711 34.560340973102 -10.1222247737267 4.2082865217361 11.0614599061983 -4.88616601038131
Caenomeryx_filholi 27.1323790830234 33.9958752112614 -17.2055656110447 5.00575576742785 -11.2434615859511 3.48192041262428 -4.16586850185051
Callosciurus_notatus 9.32127596725078 40.0234066213019 -5.04643011299491 0.147533487384348 -9.46811696913667 6.37712899126782 -11.6308101060864
Calomys_laucha 8.86569212998282 -8.42954395667078 0.78690983894552 -18.3072141500467 8.56422173481178 23.0297770645061 -7.09200056852808
Calomyscus_bailwardi 25.2702851886872 10.7106525310899 -7.4037422411624 -7.0485075049852 0.0686891978084089 19.554817403894 -10.2780384034884
Caluromys_philander 55.7345119318937 23.7957064288997 3.32259346147273 -16.7445906718668 -15.1146654423456 6.67691710690778 -1.5643275567591
Caperea_marginata -4.37438470293446 -56.8085152427475 -26.8206183347795 -11.7200926591696 4.60771390436634 0.219583714699777 3.20368939067074
Capreolus_capreolus -30.9285875011983 39.1275399915314 -23.3687764397907 10.1287543062155 -28.3380573838722 -6.44416152358087 4.77483594524102
Capromys_pilorides 5.4805972909114 -19.6284729062707 -31.2333985409232 -4.71305044807033 3.55923117162254 13.1363584215501 -2.35396496454988
Carpocyon_webbi 57.5408020574342 64.0223684105376 -19.0793136528795 -19.105341432599 4.63250787582081 16.102624935757 0.759219354073567
Castor_canadensis 37.9638942567168 -11.4191488782535 -20.001506925335 7.27685528476873 -6.87322792412563 15.5191689389954 -4.45931761392904
Catonyx_tarijensis -49.804754694072 10.1147429354469 -23.475759743259 14.6546830569841 -3.8693650762606 7.23207336452962 -17.2167455350381
Cavia_porcellus 41.696545345843 31.6919547407684 -35.2710948136636 2.42161180442926 -11.8831478643473 12.1042084552876 -8.55562133026872
Cebochoerus_lacustris 41.8899070019576 -8.02355035023673 -7.72796001540943 -6.07656942591701 -2.77572304544598 12.8832384982368 -4.63438035110915
Cedromus_wilsoni 27.4792892346465 9.76371207687567 -19.8798605804072 -5.40337042635759 1.08859572466184 9.54458418366897 -2.90375616055397
Cephalophus_leucogaster -10.4642230771344 11.1655556262258 -27.835854055003 9.85626682714044 -26.6110258114109 7.31999551890531 -6.72358632660777
Ceratotherium_simum -3.49723305306068 -17.9151452474976 -40.4541260945384 27.7366542712534 -7.314378902865 15.8584500375234 8.23689413209494
Cercartetus_concinnus -6.20672037141911 0.811855763080388 -3.48426981938999 -4.03642687771865 -6.18240298237711 12.0949958791593 -11.0771974464812
Cercopithecus_ascanius -39.1955526453379 23.9722448740822 -78.4509594913282 -0.762053018316775 -4.5602695526134 4.8310861595434 1.76961132804045
Cerdocyon_thous -5.87571996753152 54.4863308857295 -19.6352602737609 -13.1751988495607 -14.2466330145818 16.2617226375022 -8.50903359148981
Chadronia_margaretae 44.3348462670747 5.32841826121012 -11.5342496232313 14.583980425403 0.54512696074673 10.8992863977501 -9.33465333286584
Chaeropus_ecaudatus 22.0650195689844 45.765280692882 16.543958026753 -5.62201547875013 -13.1451578456154 8.10650343341668 -3.82243721969611
Chaetodipus_penicillatus 10.4206934006642 34.4385292724184 9.67707763151587 -0.323366060714488 11.3575978755647 27.3176695451432 -20.105320316738
Cheirogaleus_medius 18.705523813781 28.8733352446869 -19.67866811584 -1.23952744085747 -11.6670126390293 12.2069287953307 0.198285700952163
Chibchanomys_trichotis -10.276168235925 -25.5364674040524 -9.63332323274494 -1.11113971166952 -1.85855136244274 11.2280819635036 -7.10245231972987
Chinchilla_lanigera 5.24384569292198 40.5976478712684 -29.2973822024527 0.337123731065565 1.47491756024644 11.5338023252592 -2.74478285819416
Chlamyphorus_truncatus -125.359099778116 40.0408456769142 44.4251001387461 -8.35077445111513 15.0644462162745 13.4769929607316 0.947200946542765
Chlorocebus_aethiops -33.5187848896554 57.2592599934223 -75.3560220140076 0.174790371914459 -2.23884702717293 3.93855407297377 5.39111245276016
Choloepus_hoffmanni -20.4290840175534 36.3548626801632 -4.81619362652009 29.1909287485917 -4.85595155832306 21.6510388202332 -2.83784488677865
Chrysochloris_asiatica -120.996430167303 43.3713612326049 30.4302422499115 -22.5332079868963 13.705402764392 -3.15497533773626 -0.229236469976346
Civettictis_civetta 39.4270619811527 40.4995372419875 -9.68893477490509 0.349297002892988 -5.75669743832774 10.1734384347334 -7.19698603138807
Clethrionomys_glareolus 21.4844765494001 1.02927202782086 1.32539432961587 -3.51773817002296 4.55387660236064 14.9622432022967 -15.3934451937566
Colobus_angolensis -35.2642367485781 35.3834982563425 -76.3919038638571 4.83040422114179 1.95487209136719 5.53217904668617 2.50669362930353
Condylura_cristata -16.8010081708909 57.1047284869892 8.9458249683473 6.65030544400443 -0.466607020976593 1.79502732954632 -3.60871098192398
Cormohipparion_occidentale -16.3692296585509 61.7351572410988 -13.7433972300859 24.2425220148225 -10.3552041780276 18.2484496583103 3.86428058074207
Craseonycteris_thonglongyai -55.5270836659205 5.65057547581361 -26.0705448656872 -13.3418959757339 19.8138614940805 23.8998529190049 11.9057506455073
Cricetomys_gambianus 38.2395583656095 -0.814794311400894 3.51664100259195 -7.36814883652699 6.9628401221975 13.5306348804903 -7.16612627228266
Cricetus_cricetus 49.3396545588366 -29.0275596610053 -3.87033859819514 -7.43827504082666 1.58475827683814 10.7535341382431 -9.30550353705909
Crocuta_crocuta -6.028185422477 33.8601333174643 -23.1253383319459 -4.40761129768921 -12.741614608663 11.8243568579729 -7.49317389651029
Cryptoprocta_ferox 30.9987248080198 21.52782869628 -26.5698492552718 0.275175519037565 -4.19308343165636 18.205450699647 -7.05331155128432
Ctenodactylus_sp 27.8370570781405 25.1658827950907 -19.8328885811172 10.2432864553189 7.4196680400926 1.68228623186361 -9.90458471902118
Ctenomys_conoveri 42.7097624474864 -26.1292999275477 -23.8461528269254 -8.71540329882847 9.92645184751179 15.0184409523003 -1.90786329897363
Cuniculus_taczanowskii 4.73265515662742 -26.3589444993115 -9.18650071515952 0.0135768630205945 -11.3612991061502 8.91059616653753 -12.1680009673876
Cyclopes_didactylus 13.2225703735158 -0.822920321630522 -2.14684960961907 1.224180977949 -9.6085692432591 7.50119923225291 -3.56592351725412
Cynocephalus_volans -55.8308465590927 17.9491642195972 -15.6691884241692 -15.461478137214 -8.75238811680384 10.5320588587599 6.64581275419347
Cynodictis_cayluxi 37.2120953028692 8.52231092826308 -14.6771421310543 -0.936324040270861 3.87271322423861 13.3295520610433 -8.39913640036685
Cynohyaenodon_cayluxi 51.2108305538742 -5.90377130720388 2.21426172260273 -12.2387821256969 5.82701503913081 9.12808897922349 -5.0912809984612
Dactylomys_boliviensis 18.3453857249128 -23.5324303160234 -23.7550674304541 -7.82350654972622 -2.14385596028804 15.3501467605675 -2.89142238576386
Dactylopsila_trivirgata 35.8603435942497 38.5570234397024 -11.7681835751787 -4.01544692132456 -15.9906109123595 8.31608854426774 -1.54206181834486
Dasyprocta_leporina 35.7268590228757 25.7609881656847 -12.2503116984252 -4.91533285363666 -12.5276935590286 7.36367571858551 -6.2842038720511
Dasypus_novemcinctus -26.1594087345212 51.9386740401041 28.9416410855318 -8.52035426822393 -3.06302656443388 1.24187660300535 -1.24076115953322
Dasyurus_hallucatus 56.2641523574658 17.4794015032993 11.910554438557 -12.6527974968296 -7.77146319178861 12.5314395182101 -3.8726534409669
Daubentonia_madagascariensis -76.5523019955113 33.6437467651281 -34.3961844011971 1.21965654386372 -10.9545166893714 -4.48307145586927 10.5314104897986
Delphinus_delphis -136.209902068448 -7.73615874328974 -77.9439579469828 -14.3754719852764 25.5430886502832 -0.611256157586705 5.14716886879195
Dendrolagus_lumholtzi 17.1258355241646 9.47102042742122 -23.0493016897559 1.58109439824106 -29.6119685359651 3.08894433827335 -10.7839011746565
Dendromus_mesomelas 5.38046305789413 18.2802448943488 -2.26373083437644 -17.5809967373519 10.0480614587592 21.5934360741812 -15.5340412559478
Desmathyus_sp -37.9044661208202 83.9286182262235 -1.91960263338723 0.423343439142205 -10.5851522686901 -6.14379108564984 -1.71640502130225
Desmodus_rotundus -26.7287782249358 45.4154977982548 -10.9106804821203 2.93905489073986 0.245521553207435 -3.90555855629913 6.72879300910381
Dichobune_leporina 23.1148390972437 40.3944573571255 0.553842615703011 -10.3420108404356 -3.72752401258613 -4.92339708010926 1.79601335141357
Dicrostonyx_richardsoni 0.375007090982985 5.24472847830419 0.00169617752793848 -18.0787293760694 -3.2764272476469 22.4215458957746 -11.6966930191205
Didelphis_virginiana 89.4161459311973 22.3987407561419 16.8287254762044 -9.42279445721183 -2.77243962547161 5.79900129142608 -2.38414550574356
Dinomys_branickii 1.40555452092855 7.63823128931614 -31.1673539532089 12.1994623876953 -7.649375036817 9.46186813728096 -0.168604931110262
Diprotodon_optatum -70.7318689989887 -13.7376982907453 -21.4481140657402 -1.66124297842851 11.2375647751917 6.98847955317058 -2.57436345945234
Distoechurus_pennatus -0.685048849817849 39.3568875223919 -1.01077987165829 -8.27767015897343 -4.3868637533446 12.6489483042416 -4.0069315602915
Dromiciops_gliroides -0.199408281273697 19.929776685789 -4.37675752835984 -16.3331112990751 -5.4142838526729 12.4032137429665 -0.18973328711105
Dugong_dugon -92.3146575236053 -8.7239378494296 -30.1693829794797 14.094749673272 11.5369427905203 14.6087940232956 5.6196635067354
Dymecodon_pilirostris -46.3040076912996 65.8972154528097 24.0890935233942 -4.66198846686288 -0.376010101339466 2.32490767683205 -1.94930554616066
Echimys_chrysurus -2.7442912365159 20.7904146084749 -6.31845315775424 5.20383488439253 -7.27014777838315 12.6881601826669 -13.0954959242415
Echinops_telfairi -2.3930855245117 -24.3893856716305 54.5846240596894 -20.0634366805136 18.1895607856184 20.0043984206197 -4.26964870581831
Echymipera_kalubu 5.5511836143098 52.9025526817955 44.8652750746753 -19.6534551387186 -3.12091035713333 9.99607979815673 -2.38667696041309
Ekaltadeta_ima 27.0968629999866 5.5641132612194 17.4594241907284 -19.6566104796583 -12.0992243355674 8.99953939243448 -3.22918441423926
Elephas_maximus -99.349458863154 36.8588779995949 -9.9740564115047 -8.07462446995469 -11.0390067208594 -0.726773887322126 16.558974154235
Eliurus_webbi 12.4453074909537 -12.8419941100829 2.3190230239936 -16.1288468538427 2.70528837952757 19.3228228473171 -6.27570823809747
Ellobius_sp -4.6350958501664 -36.0135279022792 3.04227436932299 -1.46395178893092 4.14700285004547 9.57214731379793 -8.73155915327419
Enaliarctos_sp -33.8152835929112 13.282932242657 -39.5559469678051 2.34488005128064 2.18481144398544 30.2410086495539 -17.8237094185124
Enhydra_lutris -15.8072803318494 -6.61187057726901 -31.983317974741 10.1345005755595 -7.51910103304453 5.56409807688951 -6.21810005288361
Eonycteris_robusta 6.12901531873709 50.455744961342 -2.72877703789977 -10.2341925701324 -13.8775813493048 11.7721153623016 -4.4186508374737
Eptesicus_andinus -54.8129839552199 -30.1684749722311 -1.86240582291089 17.6285059682196 7.69844304289551 5.17227713437808 -6.98319256631787
Equus_quagga -47.4045139008924 38.3154265164227 -18.279936972261 14.8831393410036 -9.31528963220618 16.2400503094672 8.5024023548125
Erethizon_dorsatum -56.5374211604759 -25.672143069708 -14.4095212731778 15.0707498049595 1.21073460213704 29.1666271365042 8.58596441779829
Erinaceus_europaeus -11.3435733877614 12.8760538984354 47.4408523479395 -16.8822539917114 -4.72097833396137 20.2021324710291 -7.06500684661644
Erophylla_bombifrons -36.9224168962753 50.7959776689542 -0.382161891530447 -0.755914698480737 3.28038058758719 19.6919269439106 -7.38316220718065
Erythrocebus_patas -36.1029472127748 58.9611381227518 -77.7105618039316 3.43454056048661 2.00916745402875 -0.11882851387822 2.5642596908139
Eulemur_macaco -31.1626486431009 48.3372706240421 -36.3397046280784 6.85669350302285 -13.1871356545398 -2.46847021384308 2.04195669712522
Euphractus_sexcinctus 1.30222309669383 20.7447167235018 33.0430639601319 -12.4550025938812 -11.4952124730297 0.880206147077503 8.8342953039788
Euryoryzomys_macconnelli 58.4527770904091 6.78471056244433 -10.5870800731194 -13.6566913641179 9.08748531403336 21.2627790416861 -6.81020093694706
Eusmilus_bidentatus -20.8705209962748 27.3628430989659 -2.02564043112676 5.06864661536771 3.63601824592965 10.03666057616 -10.1413703847399
Eutypomys_thompsoni 59.7069655165996 -35.950280696512 3.41967347258573 -11.3056717360271 1.69366558254762 15.4146793779002 -2.51392405638499
Felis_lybica -18.7170619048765 52.8179736179655 -32.6975583648935 -23.8497408712554 -6.35394264566721 19.5122430531019 3.26200592676847
Funambulus_pennantii 28.6774020404969 29.9534518541918 -16.3409050159627 -1.84428089374325 -5.45890356604349 6.42816153118695 -3.64840895024692
Furipterus_horrens -92.4118947433971 -6.40025042414306 -11.8416274695715 -3.73116119092811 7.59341026708227 7.75511723263998 -6.89112588707955
Galadi_speciosus 8.5605560153727 -30.272117355362 39.4452493596132 -33.4298810862258 -6.46560947751472 8.34509520324588 2.46050845325711
Galago_senegalensis -19.5792825705262 49.4691874509577 -50.1562624934031 -13.6971478934779 -21.6515535821288 13.5438085522642 -2.94335375396206
Galemys_pyrenaicus -40.1479636643816 55.2739034295249 -10.8796410385362 0.73633886430885 -5.21001955091345 5.80160438393562 -3.40709584991427
Galidictis_fasciata 14.2886366395308 49.3062170349378 -4.66618907104432 -9.01115291788789 -12.0205872756779 16.8465175413236 -11.5531695946421
Genetta_genetta 33.7586965431715 32.8283029360056 -27.3043504453972 -8.40153676201482 -11.5222129186526 19.9825520339436 -3.99015839106169
Geocapromys_ingrahami 3.33351543917582 -17.8749147053718 -5.34565732358419 3.74673658555932 2.61422516335463 15.9057155363137 -1.41676739903534
Geomys_pinetis 42.4919009221456 -18.1044756609354 -7.0728966233652 5.41889583796475 9.44945178184389 13.5584219315087 -10.1214811899154
Gerbilliscus_afra 27.3988307946276 15.4596394836426 -15.3693127358437 -2.03467034718393 3.11924485957885 27.2348502046209 -4.22186344754003
Gerbillus_gerbillus 12.346420481075 23.2425103534695 -5.31151113071868 -5.69457919926572 -0.0761993524838228 13.1287959747941 -12.8273545858696
Giraffa_camelopardalis -65.9112690678423 7.11623322221183 -31.1748829054898 24.531053989328 -10.3297584244972 13.4104272040327 5.97583933887841
Glis_glis 9.37038963960041 -9.58739909446717 -14.489115964055 -10.1105243546542 0.158473424813924 21.1846447785387 -4.35367244666918
Glossophaga_soricina -24.3624785061147 37.5040112960591 -2.53818377280246 1.66252151871216 3.87410627304151 6.32063458242384 -5.66335115483029
Glossotherium_robustum -88.8834796535818 27.6193624021019 -5.97691187151929 11.189953810905 -8.74295627180208 20.2993824141652 4.93047175107183
Glyphonycteris_sylvestris -49.6335523831488 23.951650062507 13.8147668762459 -13.2657021844536 -32.5630299275804 9.76788412599392 5.76085364847395
Glyptodon_sp -69.5047625136246 6.02117269153374 -7.20328448981376 5.54834035858824 -1.80435809873697 14.1077130695658 -0.490825291282139
Gorilla_gorilla -82.7661937009749 68.465390940071 -74.3398770359045 -10.3525135862827 14.7100130487474 4.0938907937441 9.6510642653313
Graphiurus_nagtglasii 2.28372395287807 23.3465529591468 -3.98748765321387 -9.097256685736 2.27013435671527 19.6916921181791 -4.79153493906983
Gustafsonia_sp 7.32261193495694 -9.63646532163351 -18.5806350294056 -13.660120904483 -9.69338349858861 12.8883205670962 -2.2820475834092
Halitherium_schinzi -63.8768782344126 8.42446615206094 -41.1250367286299 -4.79377584895959 -17.8680046253599 24.9658761200543 -1.33911238435518
Hapalemur_griseus -6.43962048622758 48.6487398164205 -40.765983030265 2.32809184693699 -18.1496717937416 7.57287798006958 -1.20954237230714
Hapalops_sp -51.5159708387588 40.7058450971994 -10.6860646626467 24.4992195859766 -0.071220515091184 -11.0151710080872 -0.496441152173144
Heptodon_sp 5.146509888801 -41.3164737707016 -16.6869499720286 -1.36370381066978 -13.2462303506034 18.2395056918569 -13.4171820464059
Herpestes_javanicus 48.5016152425782 18.0711396036262 -26.1556043851336 -2.46873527631416 -18.8834527396273 17.0327563053359 -7.18214936037164
Hesperocyon_gregarius -27.4265200822972 30.7726044345034 3.80226885256418 -1.66141338298636 15.8899927376409 18.0507042373884 -9.47085807877791
Heterocephalus_glaber 15.6187800492437 -61.0496212698415 -2.58169724309355 -11.5454041209292 9.76667900270022 14.302817610676 0.0350271853950251
Heteromys_desmarestianus -1.75938643936771 2.86669901196002 8.05742008324245 -10.0885850459101 8.73539001678302 20.1133801073384 -11.9184682212788
Hippopotamus_amphibius -45.9310656001484 26.0210715172877 -21.7379860078214 20.6624994539998 0.604368543830596 16.8124531446456 -6.87565326389296
Hipposideros_turpis -8.81227431882824 29.9229049710555 -36.1732568458864 3.06379028417403 3.4826733219259 11.0532628802099 1.27588618633798
Homalodotherium_cunninghami -32.8289648479627 11.6316404434086 -13.860703128517 17.7953363097573 -6.64691560464029 8.28664004049445 3.20513253358346
Homo_sapiens -150.011954388441 31.5484363586519 -77.2899276398659 -22.6310935858253 24.3427030508462 -9.0987797694428 9.16630572229704
Homotherium_serum 9.52525203732722 24.3015717907966 -34.0972313040991 -5.20970057316524 -5.4855896370617 10.7855130791863 -0.729110809032163
Hoplomys_gymnurus -8.00508835736302 15.2265130910497 -2.23299798556184 -6.52833723874718 8.08374699454245 24.8666918523163 -11.5295661777524
Hsunycteris_thomasi -54.2550820033006 32.3296738659118 -6.5905996027294 0.799844420577893 -21.450351114207 20.2088810230804 4.77379534701129
Hydrochoerus_hydrochaeris -3.56620997195508 4.30542017580266 -33.1415889909495 6.93663130094253 -15.8123466940567 18.2649176555138 -4.3478465495768
Hydromys_chrysogaster 7.05625112914849 -26.2140311418117 -16.4743411152158 -10.4375009091417 -3.17531151347631 21.1502966925996 -2.16036133319255
Hylobates_lar -65.2023872639823 33.7641095468956 -76.8383011239513 -1.74939008395279 6.80720620065951 5.78554511141441 0.456091030300464
Hylopetes_spadiceus 37.803172918358 47.4089650588849 -19.649754887778 -1.2406922514834 -5.81136707887162 14.2680530931642 -5.43545718226734
Hypsiprymnodon_moschatus -4.31665758648512 41.0972555613 4.73860591570631 -11.1469269693937 -15.7162595884109 8.60894641100604 -5.1197197384929
Hyrachyus_modestus -30.7221195147198 1.29942084353538 -14.8977111862844 2.67879189428558 -9.25233401689651 9.78926584353001 4.87422006301849
Hyracotherium_sp 24.9813609888659 19.0181403832933 21.7084290417384 -14.7464893542747 0.373327718440846 0.309786730203083 3.76442817594552
Hystrix_indica -50.6351913952442 -7.69880846436098 9.57957375466993 3.79239187468057 -16.6913014979162 15.7944472619153 3.37557898154717
Ignacius_graybullianus 19.2324866168885 -38.0964952186872 -13.5916399091171 -0.375889204438755 -1.4492249300811 -3.78826038594874 3.30229385030733
Inia_geoffrensis -105.70240694752 0.618767382996596 -48.348107055813 -5.24661858509321 19.3473221962944 15.8317730979802 2.35177096708891
Ischyromys_typus 43.342855178768 -16.2724291466589 -21.2650190072348 -15.3552110547958 4.51964590861722 4.62600963815246 3.57911584017813
Isoodon_macrourus 18.7122876665697 20.7555323160757 32.679638038897 -24.9313137657444 -3.64541658073436 8.77834523982903 -1.0456451641073
Isothrix_bistriata 13.4788586495465 -8.39307263509996 -14.1472216034773 -11.522798151171 -1.74670815867687 14.3581307153537 -12.0406314867964
Jaculus_jaculus -20.9775501268651 29.9611438968174 -27.5775088441571 15.1267061720377 16.9078804968965 21.1732938866819 -15.950763482442
Kerivoula_pellucida -83.9587909438694 26.2628251683395 -18.5886282600674 7.04163821496615 14.9922710083159 15.3865512999245 0.689678723710763
Khirtharia_inflata 96.7816738098765 -19.7078748357016 -23.9341765664645 -27.9931819186809 13.2558697617185 -10.1262486060307 2.72453954888754
Kogia_breviceps -86.8274830202465 -3.26031545784812 -78.6531882972023 -4.14247459387709 14.8326204584369 2.47285250732498 1.07368808443962
Kryptobaatar_dashzevegi 14.560334537234 -2.53557241968046 5.02305608858574 3.1721805044536 22.0448414883629 -5.33438276508542 2.45702249274046
Lagostomus_maximus -27.9946538745579 29.635000379125 -54.7824585396848 -2.03309647262962 11.394998276166 6.57470471214896 -2.64132272909047
Lama_glama -50.2207668442069 36.1012544975009 -24.4366628863523 11.3993900711692 -19.0243231949138 10.4051764046247 2.14716620743481
Laonastes_aenigmamus 11.6843422681065 -9.07689742062382 -6.55388358018199 -6.61322168731848 8.27344422617225 8.42679827138511 -6.6178588145019
Lasiorhinus_latifrons 18.9651434996588 41.4815365481823 -12.1895673571431 -7.39200459805859 -5.89814996337518 8.59326563993788 -2.04307708077778
Lasiurus_intermedius -73.6999605966 -44.0258053511621 -3.5887591829595 16.2884555972843 8.59796074061356 7.86269004237725 7.97234311807676
Lemmus_lemmus 18.2248446734744 -24.1846717283404 -14.2199773465946 1.67322739817794 9.61837688392289 12.6060150674327 -11.1030052126729
Lemur_catta -37.1566192884817 39.6661834378633 -40.9101527058841 0.637040971661874 -16.3013378068157 -0.16865084224705 -1.29576420915666
Leontinia_gaudryi -40.3373327972573 18.3603429799689 -20.7626192539706 26.3336130810618 4.0334385706974 4.65819720304939 -1.2053242005622
Lepilemur_mustelinus -12.321562047274 24.447635960539 -34.7455573477913 -0.376525733106198 -22.900302721672 4.39460028086443 -1.60391978806767
Leporillus_conditor 41.6621796154475 12.3733347744047 -13.6515620721794 -7.23967909916277 5.13914669740395 20.382049897354 -6.0435304669275
Leptailurus_serval -21.124261412357 48.9527766361046 -24.5771926335697 -15.205660868728 -4.32530778975828 14.1269059205879 -5.32973597071603
Leptauchenia_sp 40.1496898455607 -7.20128682676525 -9.11937199001184 3.88468033213599 4.35865533112921 1.64987732284154 -5.83965137343817
Leptictis_sp 34.2176134884925 -12.0662996795261 5.34341013511266 4.39737168653575 1.48652082815984 18.9939845140481 -0.163608728002306
Leptocyon_sp 35.7403844795805 10.295052419743 -18.7884455377158 2.25894608862131 -8.30091906625102 8.93511223622658 -7.71698547077216
Lepus_europaeus 8.76099551527521 38.663986844983 -26.7514587814136 8.98571861186855 -11.3675240837444 2.26721891930352 -0.378535444934693
Lonchophylla_robusta -43.1048930972501 5.67834541263297 2.10174448540396 2.66765308520266 -21.2381064731106 10.8525760968223 1.90841797284323
Lonchorhina_aurita -55.5972445021715 15.5230135752943 -13.9356101507997 2.9373067209835 15.3821762877397 14.1468851299453 2.84753954050772
Lophocebus_albigena -44.3156228492736 31.1403096534544 -80.9328401657837 -0.490499905107012 1.62689755150588 -1.48827003497814 1.30369844402855
Lophostoma_brasiliense -52.998451965454 12.3171100390696 -17.1684430524737 -9.77610721192099 9.25649357959075 13.1512257708496 10.0883392368136
Lophuromys_sikapusi 14.0538591526846 16.2190510204748 15.6402979961596 -5.11962910534314 2.96837002032696 17.0210944402373 -9.54457027454056
Loris_tardigradus -47.5857839716442 93.0996832998479 -43.6743473766068 -24.5005884285616 -8.87908626732716 3.28044743603601 6.7918339052431
Loxodonta_africana -98.9915840773771 -13.5488743118932 1.47677731686738 3.65782487119691 -15.1121313610637 -1.76324490425079 15.7782876266928
Lycaon_pictus -3.60266387559733 67.2128516940336 -31.9965737966786 -3.85604446200235 -9.91208775415915 7.40369326225178 -2.83393673968236
Lynx_rufus -4.27541881392148 49.4052638213369 -33.9376914743228 -12.7277579407192 -5.83971063957112 18.2034982730443 -1.09801609371099
Macaca_fascicularis -35.3094773247513 45.2863212670437 -76.1663530613944 1.33631844409605 -1.72676556744308 3.919465102954 1.16194540631224
Macrophyllum_macrophyllum -55.8787424474578 1.0367428165059 -20.1327455421824 -3.94693779978669 0.146788050982672 8.06872580781576 2.13963186028438
Macropus_giganteus 20.9542748562925 8.67576804955625 -15.2968594879846 1.99838510304364 -26.2646295284933 6.34452029315021 -3.45499877698013
Macrotarsomys_bastardi 34.9340809884655 -8.34945020306176 -3.10802587355506 -9.51282325680219 7.39593498329924 21.4202231557379 -3.0137019243736
Macrotis_lagotis 43.0429110985223 20.863542968916 20.2293945325709 -8.99517113000137 -2.59975004049003 3.48936796317686 1.42367655672679
Macrotus_waterhousii -55.3126279516443 -8.48446127480596 -9.10309990048919 -9.46158167154596 -5.93164006339614 8.20639370074264 6.49268911766283
Mandrillus_sphinx -44.1802206146924 26.4465141453187 -80.1995719780822 4.33093439017586 4.47454283374377 4.46910381057423 -0.604267957700542
Manis_javanica -52.6390360995985 -45.4022936370002 36.5051517683614 2.58543160959545 -1.20309605033458 13.0297987425835 -5.41327434867206
Marmota_caudata 22.6880325223281 23.2515703504847 -24.9094391077664 -5.44207737918299 -14.5954138066133 7.30699647072938 -3.60368087373201
Megacerops_coloradensis -57.5317221609908 39.0169150919258 -5.65486049440011 16.3565713295792 10.3802430395347 13.9355039639894 -3.49657129722283
Megaderma_spasma -39.3076680489453 -4.93489929685737 -23.4499988093125 -7.51687089454556 -5.02560089306182 10.4696051854043 -10.3884961842373
Megaladapis_madagascariensis 72.3623853882403 36.2400092360344 -41.506168628448 1.70922964489656 21.1502114667266 24.4414082989441 5.67130742482531
Megalagus_turgidus 39.6777909220411 28.3546681200497 -11.9419104943932 -4.49670901087043 6.77486728299285 1.22235729773194 4.0295450108892
Megalonyx_jeffersonii -72.6552696249894 46.5502891487214 -8.66276168359352 24.224251036625 9.76996878750593 8.98380091786183 11.2785118402184
Megatherium_americanum -64.1121638936306 32.9842769877026 -9.38174610595387 12.5347172594229 -4.12791920002133 7.40848821181769 3.16847388354142
Mellivora_capensis 5.18288205416443 23.1495570799373 -23.0546017666995 14.8296292903659 -8.69912690614321 9.05277857798547 -12.6527523211288
Mephitis_mephitis 56.0599980706457 61.6413391386862 8.56033711376767 -1.73929258976802 6.62209792041334 34.4687275429354 -15.5500583028352
Meriones_libycus 32.1421133487085 18.0429570590242 -12.9720454001598 -0.741744393507936 -0.664040269140553 19.4983695082448 -13.6223072524242
Merychippus_severus -18.1651908094494 48.7334105224846 -18.89417099917 21.534104177722 7.25698678640627 19.0008602986401 6.34533159518148
Merycochoerus_proprius -7.22494083554569 12.2020142311351 -19.4302344910224 1.17821824905271 -1.34048028753041 7.32796776735359 1.48172916507264
Mesatirhinus_junius -55.481857095761 -37.9809232040389 3.34725443515318 6.0716526788806 -3.59652840428888 0.828283188485879 -0.399544254647875
Mesogaulus_paniensis 6.95922375909702 -12.7758805679803 -6.88726747689254 -3.42957847280889 0.76688760907443 6.09397715526853 -2.81850607618758
Mesohippus_bairdi -9.48665537297636 31.1795598142878 -25.9579614443616 0.997706582707477 -11.7197117600773 18.1079040215036 2.5845877090511
Microcebus_murinus 9.9477154206901 49.0666200761554 -22.8438330689289 -15.128993179196 -8.5222883231815 12.4177272109862 2.13264237199497
Microchoerus_erinaceus 18.3401608109281 30.8265460501244 -37.604019378003 -11.4201724785865 -4.49825580478153 11.0247566876628 3.91637093515654
Microgale_drouhardi -18.7464205555198 12.6602876818186 39.6630348719299 -4.77556060414576 14.7040571994609 11.0809455013981 0.866445450721396
Micromys_minutus 5.71298422501496 25.8143568276949 -3.02849689649741 -3.05733652686287 4.40267137783831 17.5614364955383 -5.99862607569194
Micronycteris_hirsuta -27.7721126364479 34.56168255713 4.66818839240829 -8.42487555573844 -6.94898019021545 4.13023196199333 10.1515365063396
Micropteropus_pusillus -5.68627033811487 2.16975687276683 -1.16303468065414 -18.6506162549874 -5.64134530977184 20.4704216287321 -9.45499314672036
Microsyops_annectens 19.7297669673759 -15.7164799665294 2.87815496294654 11.9938608295263 0.39663227961729 0.327955067268167 -2.76581211507681
Microtus_yuldaschi 28.403002232386 -26.5171186480275 -12.5327133601183 1.58865013586076 7.76929501018839 1.54488428060708 -11.5213999937928
Miniopterus_schreibersii -53.7045312080059 -0.822500859244817 -8.54607439583785 7.41053973657394 8.88006112187635 8.67500928504045 5.55333815724171
Mirza_coquereli 4.5449190936509 55.9483106381717 -23.6868392043968 -2.74759246600232 -4.46620993030901 6.9591122534449 0.088075224505738
Mixtotherium_sp -33.8793656931901 -13.7883395670793 2.22571301568307 19.5628809497676 -2.49765192238464 -0.44411025072895 -3.36312817138817
Molossus_molossus -62.4202270962013 -24.0887713927488 -6.04940081037393 6.04876068353453 -3.63482838639802 19.50920296325 4.32987184097393
Monodelphis_domestica 55.2828886417029 -31.5481413965498 8.81601648492012 -16.7492664557404 -1.00862200750101 14.435028995833 3.88089496267682
Monodon_monoceros -136.932806008433 -7.92750145268085 -73.1875740328035 -12.3093388895406 25.7668055516163 0.363153214240545 10.5556082890561
Mops_thersites -37.6462053989526 -6.21611273155433 -1.62043887755431 8.58734129623041 11.7400592995499 10.8343424543821 -3.79832737839238
Mormoops_megalophylla -122.484789027691 -4.66368235490234 21.4140172060825 -1.847124991491 24.570318057968 40.5871177672797 -11.5253237475637
Mouillacitherium_elegans 25.3965966063919 11.8908732268329 5.35880377845731 -17.8857939455733 -8.48014123841706 11.5766155892432 2.55771037471095
Murina_cyclotis -71.0466513670004 45.7132882779304 21.2934468965868 5.27594510658729 4.84700860740932 28.1917082449463 1.54678143074951
Mus_musculus 33.811865690203 2.53256530229301 -0.52213348716591 -0.99035401479984 10.0343590068204 16.1293486437949 -6.5082667468923
Muscardinus_avellanarius 9.66568931359001 37.2404775233002 -9.18648847941033 -14.3821057679007 -1.61278583666081 26.9551891535814 -0.930411984820927
Mustela_nivalis 29.8902637206812 -3.22614182208075 -13.8193564393103 4.50268599689746 -18.3430753147004 23.3088622915896 -8.84842349336583
Mylodon_sp -102.341793394818 46.9466632642503 8.28570029615683 9.42580472915487 -10.0797158365106 -0.588396664944878 -7.21144121484571
Myocastor_coypus 42.8691006580375 -13.8596516493676 -19.7346719969843 5.0158718873811 -2.62056892617686 10.4780982031949 6.59781897506602
Myosciurus_pumilio -19.6658387327948 53.5594736113004 11.1284928636794 1.98675685042127 -6.80313519265148 5.08000103352443 -4.88719796175624
Myospalax_myospalax -21.3631444167489 -1.40584068578579 -4.68294580154113 -5.25250576780674 8.40854594474486 13.5406494614032 -7.45896241017946
Myotis_adversus -70.140944090823 24.0670071136423 0.48501877901199 8.15448563059734 5.73545243123257 19.476286143757 -8.95653084688743
Myrmecobius_fasciatus 8.34362771033674 32.6698979957972 15.0731956282848 -8.32456076592182 -11.0887558134548 2.32456699762094 -1.88782312685757
Myrmecophaga_tridactyla 43.4303426462471 -23.2048869338133 9.39789706122677 8.09395926152388 -27.40180596031 3.0472224107385 -3.82676274835467
Mysateles_prehensilis 36.4019064929622 -2.78211680911019 -21.1994509390797 0.663598763174289 -4.3187187752904 14.1848750150109 -7.21680292898268
Mystacina_tuberculata -83.5625192900984 5.81824024367366 12.6280477107321 15.9540683089014 1.92570450837007 13.2056243558169 1.81568222530399
Myzopoda_aurita -65.5869012988243 -13.9354993507212 -15.8134540116449 0.699041733807006 11.4810075993858 9.76053716243302 -0.0150812034951849
Nandinia_binotata 41.4295261055223 47.244838128808 -22.7634522902271 -8.78741178526864 -10.293044558164 17.7583886391922 -3.09724470092016
Nannospalax_leucodon -4.30279250684566 -2.88534909030352 -10.833081865376 -10.78065255673 -6.18395592199874 20.0906491849907 -13.0250975747175
Nasalis_larvatus -25.0103386210098 34.6706741403824 -74.0928242374647 3.64854338744959 -4.10051005037731 7.29497083458322 1.38982674763964
Nasua_nasua 6.87813106621694 66.3544298012686 -23.502183635844 1.89060289924131 -8.51165368284852 9.54689073528654 -0.789490987308738
Neacomys_spinosus 1.76024484853848 10.7766747856965 0.813596746650093 -5.68362790170666 3.47496595423164 20.6738094795877 -12.2879177685677
Necrolemur_antiquus -3.91100207008307 49.7237202841557 -38.7480188347687 -14.970105300236 -3.15408355806239 4.83127259437299 7.70325868722805
Neofiber_alleni 27.2497128468656 -5.8254401890235 -6.34578621755829 -10.8441713221273 5.07695087119262 17.7415436707613 -11.4804399558963
Neohelos_stirtoni 23.9466208166684 -24.5654033335724 -8.15120803659018 3.97310891807331 -4.78936613494914 19.5868117263148 -10.3346046511698
Neomonachus_tropicalis -72.8315164251444 -33.1848102765709 -51.8057002743356 4.21826090106114 -3.2921145019505 27.511957626059 2.74549512929736
Neomys_fodiens -60.5114339600955 -14.1046516678496 21.1894340934055 -6.6648992565852 1.24591399134301 11.39652355371 5.29913747297362
Neotoma_lepida 14.0437122084313 27.3555117903973 -5.58275760453175 -4.1788108311741 2.41567414870933 16.4537463893442 -7.13752279696465
Nesodon_imbricatus -10.1676995999989 2.52555370416055 -29.0943592124779 -5.61691823881698 4.78965124487208 18.794081253407 -9.84427317976488
Nimbacinus_dicksoni 72.889466012638 -28.5884067180355 14.6033158356759 -5.44099923918175 1.76460584296943 4.49477987552692 2.38252057864756
Nimbadon_lavarackorum 47.8185212247747 27.8054871339577 -2.09758432344432 -0.709661697389422 -1.53944558259346 8.42830602292669 -2.33315113405866
Niviventer_rapit 20.2799966220138 13.6559043200357 0.72028249490516 -6.55831173035813 3.35099752950826 20.2332918723619 -12.2872811663165
Noctilio_albiventris -94.9877350685557 -21.4746184516233 -6.61348204101584 11.4940492101587 0.682871603500924 14.0836820450785 4.05696096694324
Notharctus_tenebrosus -12.8131644364214 -21.8832644666173 -26.6170585748712 -5.39713952995511 -14.1286579021271 0.0600234296144338 4.91478024999112
Nothrotheriops_shastensis -58.942126433928 36.9960229900461 -9.79995920350814 13.6081891724243 -2.27413871358018 17.1435670053556 -1.23541440831718
Notoryctes_typhlops -53.5206120664162 -4.6599151645704 42.7858616316438 -22.6068911891664 6.36676065492948 4.7163638612893 11.8915153472749
Nycteris_thebaica -58.0082343029635 53.3407863813574 -29.531291574818 3.71422265888717 14.36324831728 4.34709279337716 -5.70550827201064
Nycticeius_humeralis -75.4354769472892 -28.8736069914861 3.80352641790962 7.95470306927879 13.2434511570545 12.7549306836699 -7.71451112124094
Nyctiellus_lepidus -25.8608714821322 11.632783665051 -7.18499335606409 -0.0789077995815292 19.1159761381272 1.59285702845743 -1.02576832086388
Nyctimene_rabori 16.9023970236622 53.0390951818446 6.72884318041302 -16.7536882313736 -8.39422248309522 31.0238683870244 -14.8784993255569
Obdurodon_dicksoni 16.2631214396027 15.5784702683987 -22.1130871822844 -5.63229374537501 -10.5424791111603 0.970965289317842 -1.57157463082785
Ochotona_alpina 43.1057081679777 3.14703995991358 -30.1410033405429 2.36581304854958 -3.64290692198733 4.12065520918198 -7.97716296850836
Ochrotomys_nuttalli 13.5958484100234 8.02078751122212 5.32308433281891 -7.2251538118998 3.86401327887483 18.8673183152547 -8.0788353849271
Octodon_degus 30.4142016620418 4.23808368344829 -11.8345869267569 1.03744498663367 0.13343161338787 11.0432901144031 -9.2293450923942
Odobenus_rosmarus -123.812144218434 -24.5936128129068 -37.1707592783152 -21.8261698484676 -2.80497547944634 24.8508412543793 2.37073623320985
Odocoileus_hemionus -12.8430147010273 51.1080274880058 -23.6347573807765 19.5849660015013 -17.5083311870204 10.3553132494532 1.00367060986064
Okapia_johnstoni -30.75288078739 -3.74246842076695 -29.6468809117356 20.5078631171394 -10.3141984806323 33.8020718483204 11.3653432020224
Oligoryzomys_flavescens -10.6497007241926 24.8528068961547 -1.23926791862924 -14.1667330158288 1.77657788931736 18.409083825683 -10.3637207371339
Orcaella_heinsohni -113.407539830285 -35.8592273689549 -72.1412230691875 -8.80946247529569 17.2974173817869 -2.64131853989398 6.82151400471114
Ornithorhynchus_anatinus -0.0465522522823395 2.80697816933715 -23.3638244332585 9.45625879534956 -10.5639365477789 3.77145367062452 -2.1110641781436
Orycteropus_afer 38.25631564858 16.6163656208539 2.11200880165915 4.30537440058178 -6.22337975287092 -0.698182827937003 0.295947617596157
Oryctolagus_cuniculus 12.8912143509646 30.5609372767527 -46.6132581574964 14.2041250154972 -9.40370217406177 -12.392212027975 15.4571515403172
Otolemur_garnettii 0.00195070875328954 63.5528939160728 -37.439108551064 -9.99108756872713 -15.674010668936 3.59350405611399 6.05222707242632
Otospermophilus_variegatus 41.0777221561158 8.80669888746424 -16.1015461323149 -1.44737091260909 -9.59455046278379 10.1085334488513 -6.89750493624796
Oxydactylus_sp 5.7545444515002 32.959195472875 -26.5805927708336 16.2598694181515 -4.31391734182054 3.34982616438148 1.74001434364713
Palaeolama_sp -25.2528022261823 -17.9542503950806 9.48146800502489 27.220464814977 -0.0800935725941902 5.08926885580343 -3.5920475450801
Palaeosyops_sp -27.1331213887207 -25.9558864558062 -20.052186625002 1.75863647295442 6.21408930915499 6.14898784818119 4.59531630505246
Pan_troglodytes -94.223515634887 41.1690775206144 -76.8391719753491 -15.3918826834017 6.4173350196617 1.6888965701147 3.67905357708156
Panthera_pardus 8.76021735175418 31.7953994855933 -33.4369348516276 -6.19380106312763 -1.37594614790704 17.5988046023683 3.07843185172802
Papio_hamadryas -48.3662841438769 16.5760355284062 -77.1171755238946 -5.93337054697661 -4.74411199124103 0.990039391531336 0.538340751174141
Paracynarctus_sinclairi 33.7096721545108 33.80529814474 -19.3549059004701 -7.58682522487889 -5.86945475422079 12.726352575622 -10.7849581588687
Paramylodon_harlani -59.0572491762883 6.58370139441548 -21.4563710858291 15.0596409290857 -5.81948807573528 9.73917191156503 3.34181341107244
Paramys_delicatus 42.4859449435488 -21.6889617948991 -7.18728562635335 -1.33184891246333 -0.544460475911293 10.3498058607862 -8.87318331525676
Parapithecus_grangeri 15.9584284473847 38.5236337994472 -50.5808891960426 1.00025277108272 -5.23814830486205 4.30165027667953 6.08534871211119
Patriomanis_americana -48.650396819179 -47.5644542134144 55.3592348352803 -20.6247602582898 -14.995207820853 13.2075993815946 -14.0066722871985
Pedetes_capensis -12.733467136823 39.3707656145613 -22.1866662133751 -5.06727068945538 -4.3102167743718 24.2068219041712 -2.80507235006565
Pekania_pennanti 37.0164454687956 36.9123750554716 -21.0896682415573 3.43235780240715 -12.0117802572728 19.1258746105673 -4.00016373786253
Perameles_bougainville 17.0207396775811 34.5007362828932 28.9252490648637 -19.2019437710487 -3.6718106813528 7.93416456695986 -5.83556853742112
Peromyscus_polionotus 20.502223258821 2.53369112809842 4.74557616927016 -10.9384117610581 5.60014348751158 18.8956258298216 -10.5003057655013
Petaurista_leucogenys 21.7461227345373 29.183340969636 -33.1702002425888 -4.03058078789067 -5.61296800178648 11.4091080710355 -1.91505137592955
Petauroides_volans 6.45387539506448 -1.03727925100066 -6.54557073103102 -6.82193272842265 -13.5790302361928 13.1922596342006 -6.28600844923547
Petaurus_australis -3.89127608906685 8.36856709176954 -2.06484041350745 -10.4952740422366 -19.7476702845492 11.437738706214 -4.40372526828617
Petinomys_setosus 31.4308503382505 39.2806371110684 -16.1940914956446 -5.88920688447889 -1.80791166273923 16.6193234917865 -7.43995472575145
Petromus_typicus 18.5152179036927 -8.07400316996456 -14.8560637220888 0.463449050780853 4.85065955474386 2.36430857630153 -5.33830763428567
Phacochoerus_africanus -102.299024695989 41.8396259805458 -19.078806742551 -0.136364593897889 -7.05146482980946 -12.8896544441528 12.5796680004048
Phalanger_orientalis 49.3642143230953 13.4463243708316 -9.90180329316152 -11.5668062209257 -7.43785902082809 15.8023454584133 -4.55021206101176
Phascogale_tapoatafa 33.0493471437883 34.7598619317492 17.9288149249424 -7.5336216298823 -3.32055825420063 4.18858016986283 -3.49857607965848
Phascolarctos_cinereus 8.25646858275216 21.6004467984668 -16.2994264299231 -3.16163554797 -26.1120225435726 26.0206382824149 -0.99703487968638
Phenacodus_primaevus -25.9121688659523 -35.9436013632486 -14.3020284703918 -1.34709061433325 -4.33269490158818 -8.67065739247504 5.47567586030617
Philander_opossum 65.8126025151434 33.3141815352565 18.2707446068916 -17.575174166512 9.84177534962684 13.8121454675902 -4.59194172924203
Phocoena_phocoena -165.06436597157 -35.2701831025937 -72.1224722966526 -20.4584584860604 27.8063662895483 -8.19854315934931 9.26943957574219
Phyllostomus_hastatus -44.0046660625672 -4.11778903200806 -3.85183214856381 -8.54936520557337 -32.851903859596 0.880344595510572 5.56176715005558
Pipistrellus_hesperus -58.0020303961675 -44.1123874734083 0.54440935511103 14.0645750477861 10.1329734099879 6.30210195385101 -5.14216050380101
Pithecia_pithecia -52.2966037550635 54.480804111416 -74.2262003056397 2.84497088121645 8.51726840774488 0.768829798870871 2.10274349687864
Planigale_ingrami 4.4788885348603 -30.3357754012338 23.1141826840842 -1.51069801300572 4.96060522455138 6.8567522402924 -10.7391656196296
Platacanthomys_lasiurus -2.64322629578044 11.0050734695647 2.43504624766439 -8.77870493593471 1.94395581385064 15.5559481929805 -6.11723431179159
Platygonus_compressus -81.2716419674288 42.1755629649946 -22.0993018437858 6.82762562731926 -11.1356281853107 -13.8898663335796 12.5908922235628
Plionictis_sp 39.9433335525642 19.8555798415925 -14.5182592288547 -6.56702586331536 -14.3107806801097 20.6406434685027 -12.7054901303621
Pongo_abelii -158.07775654961 54.0496780557026 -85.2687439179441 -26.2489457375262 23.1425540293862 -0.820497059955732 12.9777585531695
Pontoporia_blainvillei -109.790814767678 -29.8371451293045 -76.4959994888544 -10.1764638104001 15.0939456786277 -2.28951269514875 3.6018344174183
Potamogale_velox -11.4737676226114 -25.4414792533206 -9.57814833693383 -5.84917741479542 0.60384697734549 19.7406653383858 -4.68833220644563
Potorous_tridactylus 9.21923843281245 58.0378582249191 13.3173237851186 -11.2974703381692 -19.8300689845823 7.9276839340399 -7.00769624263592
Prionodon_linsang 35.8149057822708 9.10497877038403 -26.1599184890606 -5.70592126044826 -7.535772836801 19.0748378978925 -5.79412450755599
Procavia_capensis -5.5815502868094 15.8317615460118 -29.8029842102449 3.16328847414703 -20.4467569122832 9.90504854777606 -12.8685135743294
Procyon_lotor 13.5154895846096 51.7839330564038 -22.1263838168162 -0.787605432354078 -5.64037325243714 12.9924327569558 -4.8238381352963
Promartes_olcotti 4.58197890077956 62.2602613779004 -9.71860604987309 -11.4336752202461 -2.26754687890078 25.2519037055684 -3.41808244036232
Prometheomys_schaposchnikowi 17.48510909642 20.9353978425561 -7.17522516259656 -10.1693555050368 3.4819625338745 16.6871479469084 -7.96454173373331
Pronolagus_randensis 37.9169618089144 20.5273308964835 -36.7737331363011 -1.05687303120502 -9.37220372430144 -1.04109654670877 -5.11923310279323
Propithecus_verreauxi -68.0533976833129 58.199076966174 -46.5084420386959 0.51884632693212 -0.142150079422094 4.50097879239337 2.2034725125543
Proscelidodon_patrius -54.3855499617759 28.3112424806423 -1.61906447140364 24.3109702919781 -6.9855590317708 9.36701493751958 8.0862772184692
Prospaniomys_priscus 21.287641988986 -28.1807297398122 -15.2515966207417 -1.36262672816727 -5.75887011723232 15.5430988183046 -5.30180028507305
Proteles_cristatus -7.59176796016066 3.34012043729665 -18.9907524881862 -11.7368694898847 -5.69980936664867 15.7242362362853 -2.08481542095948
Proterotherium_cavum 0.616834364525124 18.7734330139449 -36.9335825024306 7.04290099742078 -8.69840431596512 6.56561136470892 -3.02308472190621
Protocetus_atavus 109.83734022676 -15.2369006240946 -51.7326563183091 -29.6982402715986 34.0703724844102 -16.0224511443918 3.17726096599094
Protosciurus_rachelae 36.2360211008078 5.27441150501059 -9.2903628294547 -4.12813711866857 -3.3509674390602 12.4090340014529 -6.90755229576498
Protypotherium_australe 11.5831344178422 28.6560892231343 -15.7019741273669 -0.785190951911952 -1.25596941098648 3.09653883084988 -5.08598237868222
Pseudaelurus_validus 58.5045186465236 33.9160823786219 -33.9408507042833 -10.2685467698279 -4.95407443512581 8.69466987263401 -2.10491865896949
Pseudhipparion_gratum -40.5008272188304 58.9246064035239 -18.6646018058761 21.5804797180635 -2.84102371916661 9.89197905060541 -3.34050667471389
Pseudocheirus_peregrinus 17.1717719274275 -6.13467566465574 -14.117423835799 -9.96877620476931 -12.8835367265164 12.7748436192321 -8.40072604840728
Pseudochirops_cupreus 12.2742116040025 20.5385461976821 -17.1613475283399 -4.58128960310552 -3.03077725465004 17.9903001967661 -5.6454723112767
Pseudotomus_horribilis 60.3677340023034 -13.0667311278578 0.785346330335382 -2.24713917484787 3.12444209364509 19.6957416431332 4.64188916248752
Pseudotypotherium_pseudopachygnathum 27.8111864902739 -1.09537716725415 -23.3348546088468 6.33004064563428 6.18942197607773 13.5852915449798 -1.16259038827202
Pteromys_volans 7.92150366785018 20.6211631219567 -22.9286288480208 -5.0796982799299 -11.1136141139877 22.2811179425886 -9.13418710790641
Pteropus_giganteus 26.2033804139871 47.8030003429239 -18.0709362980624 -4.42373393936387 -11.0681972313142 14.2459791925666 -4.15901953358791
Ptilocercus_lowii 29.2659753663487 24.9420894313282 -0.49292771760305 -0.117420722517779 -9.43695519959158 13.0814365993197 -0.674489292229581
Quercygale_angustidens 21.8028261499683 -16.2032261079029 -4.50810436476705 -7.2858587468965 -8.79676975545023 15.7084923691574 -9.2114378539916
Rapamys_atramontis 40.4060608821963 -1.6756740082354 -16.0872497655519 1.53969968347279 -0.830815888825631 3.68991821318027 -5.99493031815713
Redunca_arundinum -33.8302901866339 11.2200445345392 -42.6050225174063 8.63140925409926 -22.8939106936871 3.79700140038715 -1.92667811784254
Rhinolophus_affinis -9.11364517759608 24.306614669611 -41.2873531524936 11.6444028867556 33.1582147399085 12.3208752547939 0.162035757811818
Rhinophylla_fischerae -38.6854392215621 37.3268440898609 12.489171698481 -9.74873842216669 -0.142868399295278 7.3025373694285 3.07067437099649
Rhinopithecus_roxellana -66.7778986081027 51.6822331222458 -74.6231099830979 2.62592677675739 9.51219810076284 -0.935542060938761 6.00917377395199
Rhinopoma_hardwickii -9.15430869104271 2.9939283857869 -22.3500486753235 4.9883311264446 17.9032575397821 5.08039832380344 -7.18583520361173
Rhipidomys_fulviventer -2.6043428154543 1.30778393043422 -9.28229480638173 -11.833750927744 -5.14211525521864 17.4892117967823 -7.66047704508092
Rhizomys_sinensis -1.7932950591395 -43.1958092253514 -8.60576606434995 -5.42934103095224 -1.31327920318185 7.13702619645828 -4.05491086396894
Rhynchocyon_petersi -2.75280531831276 51.8449753180728 17.0842191659206 -8.38270342771072 -9.9385673856843 2.41754246481711 -2.24882075608969
Romerolagus_diazi 51.9222472908616 46.972831292128 -28.8666008810153 4.16644573319419 -4.1260016945601 6.51242624764067 -0.0470966475442688
Rooneyia_viejaensis -0.714646782543766 42.6999075336998 -38.6240321020642 5.44905969562376 -12.1553489466754 1.73260075708658 3.27828693602475
Rousettus_aegyptiacus 8.38048558400537 44.3564012804774 3.95962441776085 -3.30111037754662 -10.3094624054627 15.8051009312389 -6.52139839515614
Saiga_tatarica -35.2170959322875 24.47225040663 7.21090733794576 12.9731036866108 -19.5722425192418 19.8281832334778 -2.10338018608096
Saimiri_boliviensis -67.5142590733973 52.0575909692911 -76.9504247262688 -1.77842289052711 3.11512263726557 -2.79625021899504 6.13858355954964
Sarcophilus_harrisii 27.8457717610858 27.0908233047011 29.6829213174219 -12.9943697453549 -3.81972714905425 12.8032762149436 -9.24109216598974
Scalopus_aquaticus -0.13155669908256 0.728426743157552 1.80267685732811 -1.51420131784468 2.70760643960757 29.3019329717081 -18.1509507390167
Scapteromys_tumidus 30.794736492039 -4.42353397226734 -0.117254904910039 -9.75973199214567 3.34695473702384 14.464210714196 -7.79743852258934
Sciurus_vulgaris -8.4409511080254 15.9682748169549 -9.66799261843374 -4.25168457534756 -14.2376806115516 5.90221430745903 -6.35621784593674
Scotonycteris_zenkeri -16.8612416727838 45.6766800917398 12.5650684282395 -4.88114547136974 -8.96159957221778 16.1345483711135 -16.6995197285503
Semnopithecus_entellus -25.5623435910701 29.0492187640688 -67.8695257932927 2.46313225229533 -8.85396638904279 3.46755491206685 -2.49802704909357
Setonix_brachyurus 26.853387671584 35.2595207960162 -18.3425321750146 -3.66820214389428 -22.0995110250638 9.8599804436776 -4.75006089927637
Sicista_concolor -9.99333070226226 19.3277578339372 5.62262811848843 -8.89421622286549 1.54728199678213 17.6084891662869 -13.0646135987762
Sigmodon_hispidus 34.5478080522325 -6.46793159447128 -8.35897823321792 -22.178970390298 -1.71191914864335 16.0932728218626 -8.82034804937084
Silvabestius_johnnilandi 47.3935897196495 18.2316353433988 -0.334957846275916 -12.7282476797353 -6.42373560626985 12.361632153239 -5.41496218136707
Simosthenurus_occidentalis -19.6366745068803 20.2666011827237 -8.14143425170394 7.64250529208364 -3.31564495518187 24.1825978073899 2.7611501546808
Smilodectes_gracilis -12.7535285559055 20.7305093154906 -22.0988170273836 2.74474454710686 -7.16985461681348 1.73032279626146 6.9313452389782
Smilodon_fatalis -54.5363443271936 -5.47004790880399 -28.2383647118674 -0.350094824563975 -1.34617447256236 15.8982469119421 -8.30078409313797
Sminthopsis_macroura 15.3911341945616 1.23039738625273 18.6046566219488 -16.2834167757773 5.17148342593417 12.4923197577551 -8.6884290213377
Smutsia_gigantea -69.9438811816338 -30.756757969827 0.415637367462383 5.63201529778212 -14.6218448593361 17.5132126868302 7.10671012357342
Solenodon_paradoxus 38.1819844260754 9.30030908597072 28.8928509636979 -3.09729510177107 -3.13275625184867 3.57278333241314 -1.6637131486807
Sorex_araneus -32.7147612559591 26.2965095697596 35.7949351957761 -5.20662500687183 0.39252009147908 11.0335704036667 4.87101311296005
Spalacopus_cyanus -14.0317298118372 -9.73099787837505 4.04404494367748 -2.72104104436395 7.39053393022134 26.7947618186315 -19.3752915698726
Speothos_pacivorus 5.97288841794458 42.4304429108499 -27.2943974031304 -1.2674974200316 -10.5603655736057 16.0449095241426 -9.29066211822454
Steatomys_pratensis 19.7569204636312 -0.631823749927435 6.3411267142628 -0.846318116093027 18.154627053569 18.9343812445153 -10.9890377410513
Sturnira_ludovici -46.5551645825049 28.6931997660437 8.88211599161003 -14.7202995510294 -11.9745119137539 2.66721081117665 2.63128471707644
Suncus_murinus -16.0332844611652 -25.0469130939981 43.3012092270023 -8.23803419862859 -2.80293812618464 7.94357181227602 -0.816765858534146
Sundamys_muelleri 29.3722123135253 8.7407823638946 -4.11540789214981 -16.4367960727306 2.2805287479392 20.4756475843212 -7.07608603272804
Sundasciurus_juvencus -4.83387590089408 48.9807026066481 -3.13753006880427 -7.25002744880476 -13.9343408881497 2.06792184526132 -5.44453632577263
Sus_scrofa -76.5110115557069 54.0302293171794 -20.6660613589695 -6.13298490380368 -14.0962261629298 -10.858207217373 7.46572383096019
Sylvilagus_bachmani 8.91635486114581 53.2276791598126 -27.532316081633 5.08044271009502 -10.6384765739576 0.500789403368629 -2.52225111237614
Tachyglossus_aculeatus -70.7190897860228 -28.1943489279177 -5.78810551278226 12.3455109997239 -22.5076133143316 -18.3992863839697 9.60867292244217
Tachyoryctes_splendens 0.666122258299989 -43.8802058818562 -6.39124537629295 -8.79083136053087 5.67379655140269 14.139001369158 -11.9111120833814
Tadarida_brasiliensis -54.7841635677911 -13.7664790851798 -2.70463145655675 7.44615978623788 3.61856557224294 15.6921738882899 -2.0928964898005
Talpa_europaea -23.2916043296299 25.6800308710787 27.1522628605971 -0.782114762557441 -6.52025313064685 -0.92578212907093 1.14261201491149
Tamandua_sp 24.170801784068 -9.19439883530456 -1.12391676211219 13.2820149281846 -20.4059390432899 8.40491877941367 -7.75921348035186
Tamias_striatus 38.3381212764113 21.8937710264934 -13.2469110731152 -4.4906770099851 -5.73907812508592 11.8996000818893 -8.49402041490336
Taphozous_melanopogon -60.5038240989712 -30.0060809281305 -12.707291002789 13.1630613389908 2.08999642850716 1.61722594646379 -10.9183205687555
Tapirus_terrestris -53.9964886401214 -15.5683980819219 -20.9438857034908 20.2961071440259 -8.32152875734271 25.472326291924 1.00748545638301
Tarsipes_rostratus -3.36058874649751 -36.8921131230476 -6.11333918495186 -22.8165289655888 11.3725987227573 10.6677787637583 -7.61909840138902
Tarsius_tarsier -39.5448619562273 54.2528413976369 -55.4068464262841 -17.4562521089829 0.318239054801827 7.06944919566161 3.57909390772371
Tayassu_pecari -71.1893275240555 45.4711173386652 -27.1060512862981 7.26880815657252 -11.0007828626908 -9.45732421873473 9.523769760269
Tenrec_ecaudatus -13.6067609058357 -7.32783785454024 45.2398195985032 -28.1771038661354 -6.5972600683856 -0.454625491720159 8.69643807762717
Thalassocnus_natans -17.5662802683928 30.5396614302119 0.503410020110803 21.6834791488477 -11.9672668865329 23.8687255745634 1.58098761632426
Theropithecus_gelada -54.977939708584 41.1956007169107 -80.1592916747819 0.297318737215491 4.63751624243135 1.42111421514498 2.96573565684703
Thryonomys_swinderianus -3.30035223765926 -33.6531173689911 -31.5597263089503 -14.0254643827581 -0.704818662229311 15.553197667067 -3.26421378028165
Thylacinus_cynocephalus 25.9339536049142 -7.86840373694726 -28.8816343665644 -14.6865866846681 -0.167520943272306 14.8046445771757 -5.64063131037208
Thylacoleo_carnifex -17.1632712648475 4.29189120415625 10.0099849787273 -2.74128712950453 -13.7181887581176 21.3152055587782 -7.5542603263589
Thylogale_stigmatica 14.6117347550229 32.8966018404424 -12.1097389778489 -6.34102724267209 -24.1338619112886 8.43441468811703 -10.2052104172552
Thyroptera_tricolor -67.4300633026774 -6.17994098835905 -21.5762021471817 -7.37307467420463 10.2773201469133 14.475668999539 4.06177337521202
Titanoides_primaevus 33.1391349701545 -14.2439343220941 5.11429044102244 -6.29374112705446 1.22105353577606 3.50583391160336 -3.08333022250274
Tomopeas_ravus -65.1951372855677 -8.23385449600553 -8.45184723888423 14.6529667322928 13.5429674509772 5.81431545767295 -4.04009420935181
Tragelaphus_scriptus -26.9411246313418 40.2981470618806 -39.8290821127983 17.6092292688201 -12.5507065280466 8.57534323905157 -6.14638011619756
Trichechus_senegalensis -162.527263149965 -5.2202341080128 -13.2559731042242 -16.411477277288 -3.5002839963814 44.8050348673545 4.02045586223023
Trichosurus_vulpecula 20.7986113736524 29.3152621228779 -11.8506286827963 -10.698755549332 -11.4586902794121 14.7628042651334 -4.42409782430437
Trinomys_iheringi 12.781547001011 13.7952814001923 5.03999853869021 -3.5488876004958 5.60122920856385 27.438980576333 -15.9586401571367
Trogosus_hillsii 12.8805237025694 20.3056513562955 18.8700156936264 6.4574977770387 10.8165201730013 -2.75056784361977 -11.7266508122637
Tupaia_belangeri 26.6286454598356 43.4541222758278 -4.71139841506306 -5.96589729326676 -14.3580990968693 6.81451787902325 -2.36970485582828
Tylomys_nudicaudus 14.0581293953606 21.9861646036033 -6.35208130749324 0.612543396866123 1.06528972371298 18.0707450561309 -9.7810982479948
Typotheriopsis_sp 13.9187050383243 -30.544946406088 -43.7714585239165 -2.0438459453179 -11.5996083181684 8.15365335675773 -0.0575294225768542
Uintatherium_anceps -7.63148235561327 29.9667563249866 3.11396630698537 -28.3733628059681 13.5217288124195 11.6651021216202 -7.54003190664321
Urocitellus_columbianus 15.4103811585086 35.3905297898309 -17.4990784184248 -11.9672144612034 -9.94044792766811 7.10192690836675 -4.19219487662139
Urocyon_littoralis 1.78302631848264 57.4812553164843 -30.7005947642342 -8.26153890489301 -19.465082732864 16.9908475913863 -13.0614292171626
Uromys_caudimaculatus 48.0826989055901 -0.960301903770807 -1.92983873896223 -7.54319577823491 -1.87857054549534 18.6642347718891 -7.81269631049694
Uropsilus_gracilis -53.5205950981913 30.3170010530871 30.356768963476 -14.352855186861 6.18578156173142 6.670945301296 0.335249727524858
Ursus_arctos 21.9451720541695 17.6942791046813 -30.7299745774954 4.30316748009518 -8.44268523939655 10.4846988064216 3.36367212517264
Ustatochoerus_profectus -64.1925613246346 2.1896948778934 -24.6141963854686 -13.2653541020905 -4.34014157391684 4.64725737049578 -0.421719645231969
Vampyrum_spectrum -9.03049276351867 12.4718430673522 -7.59614865784541 -11.4945600805687 -4.2587608982577 12.8537987977077 1.71905047302018
Vandeleuria_oleracea 8.24732399878585 17.5226565955929 -8.05882993015965 -16.4219899969679 -8.34472767626312 18.8336669811195 -13.7191320016908
Varecia_variegata -35.6825285163054 30.9813190099124 -28.9583358040996 2.73833440969845 -17.1257346650001 4.75879763087119 -4.80774808374987
Vombatus_ursinus -9.8888037934656 8.51529930618355 -7.27557577314389 1.15269519997676 -11.3068790909726 15.1497777477747 -3.11872256453346
Vulpes_lagopus 11.1588530482588 71.8068619494166 -15.707560785014 -11.4715162504701 -16.3660371773132 19.74597011172 -13.496963835685
Wallabia_bicolor 33.3482670978611 8.64364455212411 -6.65683646142712 0.731531188856673 -23.9282893150801 12.4454196500911 -10.2498174456079
Yalkaparidon_coheni 9.46493388540254 35.8171225362983 32.4782162182787 -15.6680388071056 4.72270339459559 19.3912612232078 -11.9245929606085
Zaglossus_bartoni -78.9022981821424 -9.58471615592257 7.18318594760932 7.87466052529036 -18.9538805847623 -17.4945632406565 2.33919045170126
Zalophus_californianus -39.9924859429854 -6.55798163787108 -44.8479734155654 3.37616817866296 -15.1851666879116 22.1727890814984 -5.36748581403071
Zapus_hudsonius -6.92663765176985 24.7273589127374 10.2902742156044 -14.2561617667757 0.0124718651373031 19.9553517186536 -15.5998157403131
Zenkerella_insignis 33.7424046041694 35.1854654343678 -13.2794084002293 -3.97733402811225 5.78917100676698 27.4509368095996 -16.0795856501899
Zodiolestes_daimonedlixensis 37.0002263866368 -15.9724372833779 3.185972348807 12.8540944410141 6.81435319473864 21.1824885875829 -3.94040241188213
Zygodontomys_brevicauda 10.7167557852297 4.61749211356478 11.5914388033981 -10.8263482489199 8.18149699456632 17.4354777845947 -9.81928312079004
Zygomaturus_trilobus -5.37683329031783 24.4500505105685 -8.18663449590217 25.1941354996311 -9.54864337737638 11.9715717193537 -7.7344694386174
