Abrocoma_cinerea -32.1857538311582 -51.1191608350868 -21.537720137835 -24.9115715183132 -7.88285822597603 6.37150568650996 8.74777843431454 -12.220461638578 11.4902830126168
Abrothrix_olivacea 49.0108608028405 -3.01672921542325 3.42148936774958 0.535343555600202 -3.18678405168159 9.49072460774488 7.41324572535412 2.36633659387668 -9.5000550759181
Acinonyx_jubatus 14.8936866206454 1.03443241489682 29.0379285299886 -10.1757884422477 -10.9268005852743 -9.8250461697417 -9.20050158157417 0.637759767970928 -1.63885819170155
Acomys_cahirinus 31.277158726774 -25.0116208199008 -13.1109726610914 -3.8397168883323 12.6461698291795 3.11065164569176 9.24463177803606 -5.01245415330143 -0.204483980614065
Acrobates_pygmaeus 28.7012066784887 -13.6472576997559 13.3776764875784 6.45739420487067 0.701474466690586 -23.055188550011 2.49236691531383 0.409165203148701 -3.86834078586245
Adapis_parisiensis -9.94010064499195 -8.1364567489316 -1.40320493936963 -23.1096685570301 -3.55237239053398 10.7969000884293 -4.72566950947955 -7.14778838730984 7.066504184789
Adinotherium_ovinum -62.1372333788722 -70.0962932833725 -16.9671034351153 6.86169850226763 -8.12625520780192 0.148564728543893 -12.5738421245098 -19.9203627111532 -9.3771724772939
Aenocyon_dirus 2.02840940278354 26.0449886675433 0.493139006375965 -26.3407284943154 -10.2887225128062 -5.45137473253072 -16.1221983541996 -4.84854855894366 -7.76485852488791
Aepeomys_lugens 54.4075997612015 -11.8385665378368 4.45935192620848 -0.0918062023936639 0.811369419115329 0.42759368984917 4.53510526689363 -1.16013264506286 -5.75901288134237
Aethalops_alecto 11.2597747713682 -24.5877517364949 -13.1775451509344 1.16230598184195 8.10853403280066 0.861322634932363 0.153189889632901 -10.3818811174953 -1.99072369656432
Agriochoerus_sp -83.7149697345623 11.0791665864655 -5.38849854252384 -19.6184510860407 2.68592563433581 -11.080225865922 10.5280257881728 -8.43641851486788 7.86688665461277
Ailuropoda_melanoleuca 26.0833578201441 -4.6891898589344 17.3735636279417 -39.595908651962 8.02356250951327 -10.3471100436711 -13.9000911327864 8.67376226132821 -5.3096986010914
Ailurus_fulgens 39.521643180375 1.07574561916875 -13.1992254190816 -44.1191161002789 6.09421636822957 -8.52685250302356 -13.0080120537387 0.855528604231853 6.62335526904456
Albacetus_salvifactus 27.8609091824219 76.1297689727841 0.967551216220997 28.790633940985 -3.33059119724621 -15.546859299777 -15.4399376032018 -7.77058308142577 3.85733696372595
Alcelaphus_buselaphus -40.9219335459237 -38.2687888965866 23.7278868438237 -14.7139235156898 16.4328740588488 -17.4043571288809 -17.2458925540063 -0.43367409327802 7.13336707681312
Alces_alces 3.38889847823935 -36.3068763471156 -4.92009604191549 -17.3472732472062 3.65144913220489 -13.789605463333 -0.433969342143883 1.36534668995874 -0.898216943539253
Alouatta_palliata 84.6218497360476 16.4565900182962 -4.47911348674811 -43.3688015412887 -3.31000737749248 -4.8240312193025 -11.3703311155255 3.35502907952712 -1.57938973999857
Alticola_argentatus 4.7054089369278 -4.58848556393381 -20.5442700426991 3.01811868569539 -7.0972437185136 6.93546837489906 7.70102850032942 -1.67234409292038 -1.12004519778678
Amblysomus_hottentotus 83.5782714206469 -32.3181957237015 -15.2921226142063 3.79734110053114 -2.38526468437851 -19.8243331988117 -1.68575851077747 9.91697765492391 2.22989941184235
Amynodon_advenus -46.2735337651904 -62.3701949242494 -22.3643772648434 -13.2283723292253 3.76511093245025 13.070707814934 14.3237142572886 -13.3230961505764 2.93581195133955
Anomalurus_beecrofti -1.33007878104434 -26.6783061046346 -13.0246854303346 -16.2902444752001 -0.791734512244075 -1.16957091279789 7.52147579180106 -2.70659980951557 -0.544579188136862
Anoplotherium_sp -92.7029802412658 -31.956370833568 40.8041010077358 -35.5524570070445 -9.72873448376442 -4.60050152152002 4.46438423360206 0.94664835002839 -5.58979041923328
Anotomys_leander 54.3535006803662 -4.60756769498134 -4.21878354369435 11.7328160112936 15.3313600412715 -0.964704999162693 13.146235441875 8.12501663298418 -7.35194350582236
Anoura_geoffroyi 21.6487979167913 -54.5739798092682 10.954881812731 -2.61118706265498 11.3870665602976 -6.90165650626476 7.81593551017612 -10.8756330635428 9.61648385138881
Anourosorex_squamipes 59.6210436866272 -38.8308534317059 -10.6633430723459 31.4783907922109 19.0656006089084 -6.56974161111273 4.44076826095337 5.46898982846683 -18.2004996269143
Antechinus_flavipes 28.0688276182317 -13.7407068822003 -10.7335936133522 11.3896153826834 8.55943294159667 -6.41731235587526 11.889071266318 4.02785272041519 -1.17419526348871
Antilocapra_americana 38.9007060717315 -27.2785684523779 -6.760969884426 -27.7198015886814 3.06835554863242 -10.8080118969213 -17.114280744582 -7.67426741122571 8.79290275102756
Antrozous_pallidus -10.4485737936407 -45.8717607309408 -25.610351288566 2.56246984293618 22.2132970899167 9.69834077689214 24.1561851794865 -4.42968087485648 1.12001693253767
Aotus_trivirgatus 90.4032782594807 14.0271729112588 -12.0108202100371 -32.1792300039614 -11.6282208011467 -16.9570336721753 -2.20683571821244 -5.09638325676215 1.31920441743544
Aplodontia_rufa -0.866753974915098 -28.308923753904 -10.2509065062427 -9.00881868477451 0.900134945531246 7.23946497785079 -0.691627103718186 12.9793642617063 -1.0659907889392
Apterodon_macrognathus -57.1885114502187 29.7795449770952 51.0486584494054 14.3034023177149 9.33960161267887 -14.6838619798366 -19.6407186745849 -13.5445253062442 -0.582734906316954
Archaeolemur_sp 81.7621901478017 -23.4725701564685 3.51037567440254 -37.0837872675007 -2.66162351484343 -0.534685452197866 -15.950383413062 0.299829080438285 0.712559976352103
Archaeotherium_mortoni -44.847699648602 -31.172959852709 10.3965256175753 -8.33260898451741 -3.30878939166915 14.3262217340317 -9.14359155234003 -14.8816245068668 -4.9373535676277
Arctocyon_primaevus -46.8429813971875 31.8324260332386 17.1327020787642 27.7979830492306 10.0162808018563 3.76796958381941 -23.1819285462619 -17.6090714135664 -14.088412318072
Arctodus_simus 14.8370992062375 25.128380293455 20.1755816671677 -33.9238834130554 -3.90240147540748 8.62660223722513 -7.31176026830867 5.23060833064919 -1.80424221634252
Argyrocetus_joaquinensis 21.3475958889821 108.057612017533 -52.7505864318696 41.7683807439409 -21.5047056144526 20.1157246078533 -9.04896915585153 14.1271082412293 -7.29001578763794
Artibeus_planirostris 38.0593060289879 -18.7288525898243 -3.09531334038696 -3.66853198013937 17.5811930712969 -6.16785914717149 8.83192626776848 -1.46452540970642 3.02901944920714
Arvicola_scherman -16.7612830024322 -9.33280522652157 -31.5448403641154 10.1777146305331 -7.99760246816751 3.17019588301937 6.86770402637165 11.4580041532631 -7.71116877981748
Asellia_tridens -10.1713998806549 -42.2487364073629 -17.2683867034816 -14.6267858535025 33.0194877068147 -1.89193784564917 16.4232122991437 -5.10413705110507 13.7851757589492
Ateles_geoffroyi 109.57263438614 15.4860724952691 4.07596458013782 -50.7030273009427 -8.70021832920117 -12.3898800871393 -21.1444168354023 2.64440385275272 4.04387645123022
Aulophyseter_morricei 50.3564345089756 98.1827681256848 -78.8792969315542 64.8759512147823 -13.9485530665737 5.97240374902025 5.60622441446267 -2.97514115717169 18.1092527695325
Australopithecus_africanus 107.731043893284 -28.3320495836276 -7.57843010891507 -56.1523898802112 1.73496566849944 -17.3847184588353 -14.2449523374234 6.29665306249798 3.89710723912502
Babakotia_radofilai 52.4575871198886 -10.0871689414941 8.83947051085595 -46.2921127547199 0.280041950034131 4.10863264041111 -11.1415805277376 2.07784459656785 -2.88274146997655
Baiomys_taylori 34.5143905922213 -15.2489205726447 -9.33280837451431 7.02124174472388 5.60842043136245 13.6490688244455 15.2305017620541 -1.9979060162289 -6.2432051939317
Balbaroo_nalima -15.3239688769988 -22.5398189430537 3.64594092115575 -11.6618725651222 8.31520919144361 -2.87847158970536 -6.02471766117509 -1.60637798393039 -0.771463826010497
Barinya_wangala -21.1627505577129 -0.431620384432986 -13.390624063044 -0.985904089658596 10.7921602959172 5.12902777695509 3.52183828079455 5.21208982709214 -3.15732147937566
Barylambda_schmidti -72.8221520820574 3.03701264925707 52.1565302509279 35.7219465357796 -11.0589612886785 -22.0805388977575 42.0870252030462 5.7030203396259 -3.18407934299515
Bathyergus_suillus -7.23404070592896 -47.169002205837 -8.74264614023276 4.48624357382267 -0.393127855372066 12.8142517002761 9.94424741299302 10.391080213567 -3.92746460813256
Batomys_salomonseni 30.5494643797004 -16.4380157708433 -11.6647251023663 7.06845306476189 3.53245340563501 2.79504346385062 5.88090848769889 2.40684192186339 -4.58827146856892
Beamys_hindei -2.97352416795327 -20.6593774599717 -9.68383385337124 -4.46238048214539 -1.99558748386378 1.70527892010006 2.59374898055989 -2.38015658695837 -2.37112996735936
Berylmys_bowersi -5.31749881850085 -8.30229834086561 -9.5421942341053 -0.331430962676488 10.1146995986684 -0.0671732094719289 1.10982840805471 -2.53168499780423 -3.04572063252979
Bettongia_penicillata -4.60761325480974 7.69185257384175 -30.405624064429 -45.2687761552439 34.8823931622749 25.5475524658395 -18.3606387283152 22.08019936043 -27.2119768774991
Bison_bison -32.0721952262066 -13.4386199714048 18.5353711783335 -17.9408686194264 -8.45641344573484 -29.455937072356 -0.78764713988746 17.5686591089846 -9.73825468346438
Blarina_brevicauda 68.3806717068635 -27.1646480697305 -3.0372673168205 26.2749035722449 14.339449220871 7.45116024589691 -9.34545292647345 7.41027518578174 -13.6804700254826
Blarinella_quadraticauda 59.5933888228305 -13.7295421601097 3.09896577352024 33.9228628377719 17.754745000192 -1.30804458568316 3.66418733803636 12.8708058443376 -15.8319289062662
Borhyaena_tuberata -71.1462600118868 -14.6332448219256 18.0022908544663 -7.45986331704576 -14.0618354822602 16.7326717687903 -13.7477514406513 -9.94102381120125 -6.86731207775389
Bradypus_tridactylus -24.8525250209436 -8.51303494632124 -2.89815647653331 -7.20849305384982 -10.5112039516203 -14.9909265590479 3.06355345062676 -10.9711631440999 -4.8952891122697
Caenolestes_fuliginosus 43.8827055093083 -23.8832139166422 -14.1657394819555 20.6707429903614 11.0370647096875 2.34540966984691 12.4732086254197 7.49872336610163 -1.67680270493252
Caenomeryx_filholi -13.811255849497 -22.5212914885394 -22.1372776508085 -29.5689525826128 5.65629332403843 -5.01857697802396 -3.15704350336755 1.89600472354573 5.8457725988891
Callosciurus_notatus 22.4214373014648 -25.9372604040635 -6.83370656591029 -19.3070735316841 2.53989386940173 -1.79626615135676 -10.222716669752 -5.44153401663852 1.36777665451646
Calomys_laucha 39.956797878344 -5.11411524914398 0.488269302343895 4.03701071468842 4.87643342736259 7.34152376898113 7.85657673072613 -3.95320603932105 -8.35506788906317
Calomyscus_bailwardi 46.796005092779 -28.0323391298904 10.0942567202795 -0.182296100503119 -6.56839333995473 16.8200871862308 7.70024110997377 -3.74981851676922 -8.98729020954632
Caluromys_philander 20.5719483372241 4.38908299155293 1.36294379943793 -7.2481660426948 0.768037665361198 6.69794548546545 -3.18992591935366 3.03798696119286 0.151688467456251
Caperea_marginata 12.5342299627408 111.38900633582 -22.4383023169421 26.9970229425177 5.1446828288725 -4.74912380729861 -25.3677305875029 5.39336285734495 11.019646933711
Capreolus_capreolus 21.6801028660637 -27.9835557496349 -7.13331606820131 -39.6955067271241 -3.15892103254142 -19.4797600969731 -5.7362230968512 -0.912956478961591 3.03117457087731
Capromys_pilorides -12.6823949704092 -30.2064427973438 -0.782408154308524 -7.53949477707125 -1.47204624011753 5.9132341657081 7.59716767317647 5.63508145767793 -0.419808954506588
Carpocyon_webbi 21.869771645764 17.7732379642092 11.0034196511328 -29.1038316186979 -6.4350972248061 -2.16801707930693 -12.8842966510764 4.3648022612956 -0.863859165207324
Castor_canadensis -13.7517663915153 4.74779423694387 -6.1575233883598 -9.7142254109583 4.75897700664625 4.50282982828348 -7.04756744070534 8.64039804435914 0.28958107984859
Catonyx_tarijensis -4.96813375300633 -21.2045208579441 8.45581530660919 10.6955397250276 2.24801881831916 -11.8769963361662 -7.96914567029505 -1.85826792744359 3.94879820415229
Cavia_porcellus 10.4439022394829 -22.6693818385692 -14.2202711416938 -23.8680340823781 -6.84587963950686 11.0412057044002 8.6236871169836 -6.85975701935806 1.79194037498667
Cebochoerus_lacustris -85.9991724473307 18.7765806129948 -26.6908858448403 -13.5407627485181 -0.725359585501987 -6.41974656271434 0.156353214522931 -14.2018140629606 -0.0876093416375585
Cedromus_wilsoni -17.7834446233109 -36.2202879772579 -2.59787271973537 -9.66115481169182 -7.83669959803383 3.29591409192572 -2.78863680604847 1.00492146352184 -2.26718853074487
Cephalophus_leucogaster -21.5011853355637 -23.2430866648083 -18.9603710743927 -19.1355811470785 5.1581269195073 -8.41786090697526 -10.6874427667212 -3.07548800650174 2.24475710087438
Ceratotherium_simum -66.0598063993425 -24.1517408996098 28.568552335588 -33.5540796748113 -9.2363937675164 -6.49732144777251 -0.701090261841042 -16.4370612045316 0.641645209584217
Cercartetus_concinnus -2.8972134193886 -23.6262505509481 -6.10745590755531 12.2334762370974 -6.593077697296 3.89058238647895 9.25862388031416 -2.01603003672841 -6.46081459031865
Cercopithecus_ascanius 97.2327921704536 23.5755127640355 -4.77038355425799 -45.938434460052 3.25848031256339 -2.13346468469159 -14.2614079859733 4.18554071323998 -1.25498851235493
Cerdocyon_thous 10.6621126032993 0.665234154939427 8.63836010121564 -14.9721924057641 -8.03169880741697 -4.89338996839834 -15.0318067870571 -4.02954363586729 -3.93915307582583
Chadronia_margaretae -24.8700800561893 18.2894299933587 25.267505510165 -8.47218940240725 -11.2062557821416 1.19632088271144 1.5411062329009 -1.07637295107928 10.5946221799475
Chaeropus_ecaudatus 28.6801838610491 -52.2461369274149 -27.0898981558255 0.606487356204571 4.96523611523382 6.84938792781266 0.51711207743263 -2.50625576648162 -4.96679073471154
Chaetodipus_penicillatus 9.52884779748703 -60.5179561444432 -26.7362877628768 2.30026082775313 -2.233685273723 11.5811853221941 4.88527800077849 -8.67934532655455 -3.50101813020947
Cheirogaleus_medius 50.6231936401612 -8.42695509928399 0.919986624428747 -9.26859415729557 -11.9348576733527 5.38511821378323 0.698619439545188 1.41439800803669 0.0889911809123675
Chibchanomys_trichotis 31.087501243993 2.85378184611507 -11.1096649260858 3.42737767820785 13.0973483065298 -6.79409483792397 9.36156817585913 4.24261373867491 -7.40281130241355
Chinchilla_lanigera 12.8530248516492 -64.431087869042 -33.6981989093205 -20.4210783705485 -5.08322352492404 12.481675340455 -0.942948090041344 -14.3131162004857 10.0967903080836
Chlamyphorus_truncatus 124.637512610199 -22.8423203389042 -23.2090095220861 3.12165369456666 23.5342378509526 -22.6791521434731 -4.86146875181966 13.458282750859 -2.65679910098145
Chlorocebus_aethiops 97.7826342018685 7.87914081000793 -5.01834550979361 -40.945512856464 -3.34777128889886 -1.67142149335819 -15.068224547 4.27465854912861 -2.02481329343681
Choloepus_hoffmanni -5.74242281483634 -27.5703219809121 -3.66864039449675 10.4035945395956 0.630534215833534 -8.07763146205763 -15.5215246467562 -11.655337655191 -10.3546423222549
Chrysochloris_asiatica 81.7571304015631 -18.4372347889968 -19.7476377290535 9.04334049197679 -4.36126155550126 -10.0856428588419 0.241394601764943 10.1319993145576 -4.03155783046919
Civettictis_civetta -11.6718329653237 22.8302662082054 26.9442769212027 -15.7286940361529 -13.8041609011172 7.60849359460187 -13.3385907274914 -14.9863978396849 -6.48574398913297
Clethrionomys_glareolus 6.28516943775355 -6.13656552346779 -20.7899601049266 6.59462965372923 -7.29412466729406 8.38230634925125 9.94453241112319 0.0384073859623514 -1.99083831989182
Colobus_angolensis 118.09801335609 6.38111256996386 8.09881477327214 -45.2078066996513 -2.9496261366375 -6.7918799223964 -12.2394476994462 5.2882587191653 0.785542488753921
Condylura_cristata 90.0293723527855 -21.0199584391682 3.16036801575863 -5.75576804180418 8.69189811401427 0.932297945567149 18.9473074727473 0.799654473936588 -13.447105390465
Cormohipparion_occidentale 41.6363532567097 -40.9600080276806 -2.65100637935884 -23.5409216250323 -6.51882304560283 6.98303289050513 -13.2566886477111 -5.66817996848459 -1.70121716671618
Craseonycteris_thonglongyai 30.5029785305611 -50.7195646762226 -20.3265351598067 5.56963586404465 29.2676690462473 -1.3337236822627 23.7829154525851 -14.5830266564104 6.32965460898541
Cricetomys_gambianus -6.0087416296404 -15.4569659765847 -10.695116794355 -1.70623712100577 7.08557625172485 2.67310351530693 -2.41244671101379 -1.09580275125808 -5.02346633853109
Cricetus_cricetus -22.0240684731102 17.9121233546497 -12.3091705305616 0.735369958813286 -1.36490298298143 14.3559727654988 -4.71059891714586 11.2016604606699 0.094250591359008
Crocuta_crocuta -19.3129601324821 29.4341407249158 0.0965129256848666 -18.5645642093766 -9.80790077731848 -5.75344550602038 -7.40741429375517 -1.28453031955519 -0.776286628787082
Cryptoprocta_ferox 9.51086431444125 28.7601916248033 11.3536985258225 -13.6945292929976 -6.96472725953995 -3.23352994988689 -10.1072460308737 -6.13061449274221 -6.18316130939453
Ctenodactylus_sp -5.66611889710258 -43.3125564433747 -20.4972875321883 -9.66227739831887 5.76404369031686 6.40399828804515 12.9798793355775 -9.2860963998922 1.47176675678974
Ctenomys_conoveri -15.3618917438284 -28.2007624109203 -15.4070373442586 6.57783417772326 8.1497926670092 14.4864875137091 9.78669286027043 6.40120086243956 4.94362907704642
Cuniculus_taczanowskii -24.3567238616626 -17.6345967316514 -19.7955433562315 -12.7103687867641 1.91778110203532 5.87756399196915 5.76238282132731 6.70342049246312 -7.1406053086081
Cyclopes_didactylus 10.1401069704075 12.3872024122017 -12.9269527286244 -17.9991795711565 9.69696123324105 2.09242806867584 -0.163352232461334 -2.74294110435605 0.459596630629244
Cynocephalus_volans -60.032992275053 -6.03065642158027 -31.8664521025809 -51.2561685279249 21.3117411118432 15.57097717481 -1.17183450528293 14.9951867622949 -35.4346597451691
Cynodictis_cayluxi -37.3444870710482 23.5772084520765 9.95033308683396 -2.98189933359882 -15.7988612169783 4.95180414785392 3.58496183678438 -9.9693545453806 3.97376577495739
Cynohyaenodon_cayluxi -64.8791764907159 20.0833937998876 9.40501285795161 -18.5052633146773 2.89878246802543 10.1750028369706 -1.60697934377358 -4.62982166097125 -0.291264165748618
Dactylomys_boliviensis -16.0214265540331 -8.40631802855723 -7.14513888295798 -34.2520761456971 4.28648204990067 8.4806814962995 2.93818572084319 -5.28009480830921 5.06105797904557
Dactylopsila_trivirgata 19.3077611444442 -3.38537785109047 6.54514913608587 -23.0740518652199 6.7260783827101 4.38126175104321 -16.2479821912748 6.21738556601702 0.584937672390566
Dasyprocta_leporina 3.57618464670586 -14.2152206725433 -3.11119056796554 -25.79100934754 -1.74079564101759 6.62323459410974 -1.56307146684552 4.72909666053196 2.2706850780079
Dasypus_novemcinctus 77.7810005671423 -58.1111202422698 -8.6399624302767 -19.0244292614081 18.3570044383479 -6.25922476961792 1.46464452153253 -2.06379155336959 6.33793089259528
Dasyurus_hallucatus 1.77058919294357 -13.237122317595 -5.75026088765028 -7.97476298996223 13.6016833030215 1.43203169235225 -5.50966610435044 7.04435179440993 -5.7779874182724
Daubentonia_madagascariensis 80.2259137719967 -13.8085563950198 -13.6190968744752 -35.9675884921563 -2.85100481426849 -11.2642430194229 -1.62115462845034 5.42602545172568 -0.454117968862931
Delphinus_delphis 73.1191563318175 79.5385403052069 25.8824739187968 18.3273422764797 -20.331392713279 -14.6292690985874 -16.1135952591649 -2.6451449273427 6.14504506571708
Dendrolagus_lumholtzi 7.62656571815632 -6.01679045938897 -14.9463351008958 -13.1368024101637 21.6460434698285 1.6688113638269 -3.04998013563963 -2.3471971491634 -1.73835988117407
Dendromus_mesomelas 37.7088646009696 -17.3420229517297 -7.4300619212667 1.72919763765405 9.4699690152426 4.83744329066694 16.579283988691 0.100358763237238 -3.87517870998584
Desmathyus_sp -7.3691233294096 -69.4006481460806 -22.0199693759776 9.2174905415524 -10.3397004041745 -6.2743896938645 -5.28951368220896 -12.3433096134139 9.35401408781227
Desmodus_rotundus 52.8426746978602 -25.839567529675 -7.96564601243837 -6.07055686209861 9.11317943655249 -3.10589253357825 6.37042406715456 -0.577069461400744 5.43555222630517
Dichobune_leporina -0.684504319489368 -15.4597023405765 -20.4574897348039 -31.7405643754292 13.3877822289323 2.71863794885168 2.15431241598725 -10.3440592775541 -2.76837341273777
Dicrostonyx_richardsoni -8.39470060106674 -16.4052537214365 -26.5867747550546 6.66692494177366 -2.85443244220667 -0.576367033155842 5.12826401794433 2.20141795443774 -2.33340803821233
Didelphis_virginiana -21.9912148570506 -16.4223994832613 1.32958213072913 -8.93561091143928 16.7542369713752 -5.05254410330224 -9.12048912315439 -4.38768547180774 -8.0622778434843
Dinomys_branickii -4.2026198954536 -19.2275654061959 -5.50908209374964 -22.8529111084596 3.26225112518824 -2.09337331960553 -11.5784589444138 1.94516153886626 -2.41552998423687
Diprotodon_optatum -20.1047774836386 -33.1097600603988 40.4261590191541 9.13587476438399 28.4409653205161 -6.1176955194287 3.76459905248528 -7.30502217353166 -7.25219233413413
Distoechurus_pennatus 22.0594518122996 -45.2985717455444 -2.30881062817667 15.7370513111716 9.61350495983467 -3.14562744276062 -7.42573054820285 -8.39712715459275 1.55790886505971
Dromiciops_gliroides 20.3659514900603 -17.2470052766734 -14.3787162585381 9.76958666778551 -1.98239629736092 0.292746541942925 8.97700604058258 -0.586844974933678 -0.144116478761685
Dugong_dugon 15.9956375462489 -52.1637165754723 32.3574789250913 20.8405547811827 -25.4191567521193 15.8881306522701 14.6523687188189 31.4311164994955 -8.25186222851441
Dymecodon_pilirostris 110.152488737973 -12.8885163147259 -9.59264745542863 12.8479789494929 -4.61621620014357 -24.4694576681652 12.990978950052 13.7819693051101 -12.0627940234891
Echimys_chrysurus 26.3300454192138 -24.1917984922386 -4.37474910749955 -24.8495386150044 12.5878314391555 14.6155584680678 0.42953734562452 -16.3159739246592 -1.72753028307747
Echinops_telfairi -19.2333229954566 -29.3171242214381 -16.2418243242973 18.6513217325753 13.3243923900472 -3.09612492025347 6.08946200846346 2.1346376187677 -9.77947264980903
Echymipera_kalubu 29.0893099749292 -54.6371599231103 -7.54863813622328 24.9993754310437 8.39254136323341 -0.620403389625067 -7.86881102664151 3.74778750182251 0.851133570774507
Ekaltadeta_ima -15.1707707514844 0.272275603866529 -11.1952823859487 -2.58542753394742 11.4495358778671 1.47380359437804 -4.41536254120659 -3.35256454840505 -6.34591587209221
Elephas_maximus 65.7180191303475 -29.9817676379802 19.8263600439576 -30.2984173041207 -18.6034580337263 -26.1300667217136 -12.0397023097785 4.48633984320948 5.40884547296331
Eliurus_webbi 14.0313078911069 2.51061539030999 -12.2759341976034 -4.4135593230129 3.18350954228844 7.76883531252561 6.00758758783273 5.22055097463375 -4.28364511703206
Ellobius_sp 0.00446648980832329 -3.96132874010858 -32.6063114814186 20.3334290196133 -8.8203411856191 2.03423270992129 3.5710212801221 11.1998387849934 -7.88156035535926
Enaliarctos_sp 46.7999066937439 3.55496507979263 -4.40136099943224 -6.38930066756538 -11.6028752226755 25.5230007440971 -19.9100442851339 -18.2259982079095 -24.3783790236672
Enhydra_lutris 79.9092129740599 47.4672809086496 34.7386137879266 -15.3763544520973 -12.6537851475695 -16.4066944790467 -8.47282943442325 8.1471520488377 -9.31008228613251
Eonycteris_robusta 6.91050750399873 -29.8297190224245 -2.18444780290603 -9.3691035266509 11.3345090755242 0.529265617359424 -5.04953445544793 -3.93993452932609 -4.02785331985877
Eptesicus_andinus 15.0496367119018 -22.0326608018058 -11.7344996359227 3.83970060183461 20.8634555705186 9.88978275259939 25.5297418983901 2.13811160588955 -0.583364395483065
Equus_quagga -12.7390195199939 -42.5933800509866 -3.40098510189298 -26.8472092273984 -10.0206594463765 -10.5234077467963 -14.4311585767453 -2.18273308515719 1.80253960259334
Erethizon_dorsatum 11.2205070273905 -13.1949525710718 -3.49124553732162 -19.1654340658147 0.281507524389789 8.72099886203795 10.4830272183941 -4.97533067029227 0.546360087583021
Erinaceus_europaeus 11.9479468307279 -21.8475518511908 -5.66742411684919 15.8213259323881 -2.52034226293011 -4.10242969965512 6.725667972221 18.0403958086902 5.22336123961582
Erophylla_bombifrons 53.1212494101619 -42.3659398709634 7.05909869380634 -7.88621075032793 15.2062205326826 -2.59359849007773 11.1138741792165 -8.26497209619624 10.6076279313168
Erythrocebus_patas 86.0336530266234 15.5290003981632 -13.9617706609674 -43.6996359072972 4.5618360045982 -7.8307047572018 -15.1251969196139 3.12845625026132 -3.19258475612114
Eulemur_macaco 69.3278996213667 -2.64366619429343 17.6871786816393 -31.4244071585206 -1.37221163766784 2.69876937641216 -20.9505466532267 1.05814281606833 -5.94286371704927
Euphractus_sexcinctus 19.368839834958 -16.8445329029376 4.31563275311273 -9.32684012668342 5.54691339597332 -3.87792313347881 -6.67191750062513 -3.06539391064274 3.19247723064004
Euryoryzomys_macconnelli -1.05886225195264 -17.665505017748 -13.8534128608965 -4.93768642865655 3.77642361054322 12.0034600873524 7.54989018702407 -2.52758676926301 -0.909417061406789
Eusmilus_bidentatus -31.0585550029109 0.716438256145727 12.6075996976268 1.59683438215633 -18.2884442036712 -7.98694343276945 -9.20185201827422 -9.72590515637361 -12.3574876109611
Eutypomys_thompsoni -23.0124307166087 5.00592939002262 -26.0672437453333 -14.5823626653022 9.55382205945113 16.639932334321 -1.8885994755553 -3.60088332578985 -3.02020488731748
Felis_lybica 28.7480456046837 -6.16277037554885 26.7417165541691 -23.2460504878473 -7.5577081950784 -1.96294423434688 -4.58148899552631 -2.49014286907078 -1.05024244153382
Funambulus_pennantii 15.0877097795579 -15.0772219251719 -2.36476397643441 -5.75120120871661 -9.68703375793435 10.2512780928091 -3.83174640555743 0.777932404644826 1.14939609320576
Furipterus_horrens 28.6104439301439 -37.1914773607322 -18.7695479287043 -3.6390204686229 19.1342846998268 -5.64378724827857 25.6796657021337 -4.50169483725498 12.5690516310856
Galadi_speciosus -12.0897215062616 -26.5763521147583 8.29623780618009 16.7933125634331 18.2074065635396 2.65827487249301 -6.58356119001084 10.0309173164705 -3.57924926747608
Galago_senegalensis 95.76178847119 -13.8395143141176 -2.49508772193431 -40.5623482334421 -8.89558192808961 -4.39225596917728 -1.51966223081136 -2.67998786394223 5.21150275680465
Galemys_pyrenaicus 104.367343042465 -21.7721531655264 -1.11118198209668 11.5359627192816 15.1930925291493 -6.26378318869731 6.87704870847884 3.82311771123826 -9.63558239301591
Galidictis_fasciata 33.9747360978039 19.2720679700133 4.69240087230347 -17.3112742580561 2.26419116594749 -1.75185468221042 -5.6264365967091 -4.45408133542859 -3.69207614283685
Genetta_genetta 0.557863691067597 20.5518712386906 9.55363519819683 -16.6399513339231 -9.92721742023253 5.6773149706084 -1.93144186237779 -5.87807097782869 -4.49474386393095
Geocapromys_ingrahami -6.97794233892811 -27.6340668708897 -20.5798410867409 -14.7225912960743 5.96641823454748 12.7627830894655 8.83667102403385 -2.37677329685629 -3.58658594623946
Geomys_pinetis -28.3345899463891 -31.6621432868942 -38.9025131379241 -4.29773264426318 -6.69469354713312 17.676231337344 3.79250286442521 1.76840956846759 -7.71417426278527
Gerbilliscus_afra 10.6183505495963 -25.0093268265159 -29.4412927570884 -9.29287315374056 3.05021467917388 0.000587367060251213 3.75161236882374 -0.276139731864264 1.26419200269798
Gerbillus_gerbillus 18.4968976424308 -29.8238036328134 -29.942361293856 1.66060955154571 5.89640493971005 12.055974593919 12.4993004480392 1.8448268349081 -4.44701609461539
Giraffa_camelopardalis -21.576008383248 -33.4292319908897 8.79729593120815 -37.4132376327603 -4.07792334492577 -15.1650896726282 -5.12996020561878 0.752999786429747 4.77899812610111
Glis_glis -1.84505670733668 -20.9350900368292 -7.37280591132785 -3.5655014368551 -2.68344827093072 5.65963366859583 0.409953426052331 -0.719540438883063 0.888383717228145
Glossophaga_soricina 26.2678918187615 -34.7025358136103 -2.0483951416608 1.62797113543229 12.4127672187132 -1.82400958045657 14.7184742272121 -10.7298861533736 9.81561556795543
Glossotherium_robustum -6.52996979166691 -2.75992635790348 16.8890788164754 8.20004708690334 -10.7697071128665 -15.6019354123558 7.89594109146635 -16.4562537385048 6.46598864432928
Glyphonycteris_sylvestris 20.9414764836191 -32.1816704925589 -12.8363068788185 -5.89954900744247 19.3187516989524 -8.05588348480854 15.6980282281812 -2.42922803926424 5.14238517694403
Glyptodon_sp -14.8358605999357 -48.8645489076106 59.75321589177 31.3683192891688 21.9689160339869 -10.5890283214134 2.82289598241883 -24.3004985786684 -3.05930980730209
Gorilla_gorilla 106.819304938825 -6.21404731999546 13.8508166403378 -44.5136787832904 2.19352068927658 -5.73732878968727 -21.7545690839439 5.94011601335084 4.63634255405774
Graphiurus_nagtglasii 25.3847166780949 -20.3198688706041 -3.7819338201177 4.26398938217848 3.82142545867156 -6.40516199355614 2.87218451095043 2.37390518425501 -4.07155644585317
Gustafsonia_sp -34.0778803349945 22.825410050982 13.4808578614466 -20.011888225414 3.12646369457281 12.5325840476135 0.517683012915407 -1.26365268815161 -2.16308799905977
Halitherium_schinzi -39.5440015848004 -30.5052047631325 -22.4814597069599 -2.96333889716421 19.4762042142344 -6.34392916676192 9.13973311397826 -7.20930999490708 14.9265852453171
Hapalemur_griseus 62.1206562903707 -12.5723983148062 -2.40402673685702 -28.7264171683466 -8.88356172344476 0.905216754707032 -2.74123230025556 -6.21211976954585 2.24425517334383
Hapalops_sp 15.6276866558646 -41.9696349633318 13.9282804992333 -24.6944502759424 1.39971535245952 -7.4556684082841 -15.2732025362181 -5.46595886411346 10.8571168579528
Heptodon_sp -85.4093798919356 -21.6142976016209 -47.336015250812 -10.8554220260829 6.11749105018402 -1.59117445828286 5.05307631153727 5.87097410248749 -4.63053815265195
Herpestes_javanicus 4.73236184389534 41.755362313725 8.16919074387976 -14.4243057970759 -15.5928780287762 1.09364943898341 -7.59890615196222 -5.81038129074338 -6.48993833906856
Hesperocyon_gregarius 10.311301885005 64.8999249532669 -5.4352216372937 20.0768805247733 -13.9666453746364 -0.799320366147711 -2.38773690609829 -21.6138885347857 -5.95464394998248
Heterocephalus_glaber -30.4065905856208 -13.7571152554729 -17.9654692455613 3.32541416962802 9.82985712652984 8.36434482243384 4.53780777684438 2.89300648189031 -13.0375574148559
Heteromys_desmarestianus 8.23758641476918 -46.2706034585055 0.310503517684103 -9.93373540015446 -2.66654587418383 10.0343631436928 7.56449262689496 -3.18919926790956 5.10765735420757
Hippopotamus_amphibius -21.2237874528247 -37.3833357589407 20.5603546934596 -7.74143563027175 -5.58745159288746 -15.6236683276182 -1.34705807605527 -0.141961171942523 1.81471437864435
Hipposideros_turpis 26.701418674209 -37.6135291902011 0.352654329911073 -19.6892734197395 27.8770037777616 4.41545406844103 5.15706324072194 -6.3995904234616 24.1957028698114
Homalodotherium_cunninghami -12.0892756740384 -46.7761127124485 30.9784683194681 -29.491113233203 -2.25795699257544 -4.98109610491726 18.2780410302945 -9.2350484988697 0.246567012722155
Homo_sapiens 160.837410067317 37.2289369726523 14.4345418047412 -81.5377070668065 7.34665197181093 -20.6674684150015 -16.1313098400865 6.25238487192192 3.51336153665783
Homotherium_serum -34.8208391619386 30.1594880017845 31.8313439364627 -17.1275201882373 -23.0134332165856 20.031624318411 -0.587623439779852 1.80877651742828 -8.43938367892545
Hoplomys_gymnurus 40.0218241635918 -31.9483870272751 -1.66436946768806 -32.8882991124978 15.7017143221536 4.48474024806887 -3.07204715951459 -9.01136699307417 5.09734469683655
Hsunycteris_thomasi 46.0849184310797 -25.7492078346332 -5.41288012778189 -8.05655544150024 22.7664421406775 -7.12091937097302 16.3401460541809 -5.69409142680683 8.8393498303708
Hydrochoerus_hydrochaeris -13.3500320811472 -59.8762926779503 -15.7423482916359 7.87635672866638 -22.5799920021119 -8.19481198648119 9.70568592213595 18.5158577222095 5.93714612612841
Hydromys_chrysogaster 18.4507502782351 5.46593420372286 3.59375109664867 7.07515181650005 9.4701549728419 1.94951260558913 5.260468634701 1.5654942180664 -8.34110749569504
Hylobates_lar 104.389359517799 12.5090812595667 0.591828695761805 -45.9652075098657 2.66981089507754 -4.8398545847505 -8.73369999313564 -0.146750991739582 -2.02622905960297
Hylopetes_spadiceus 28.9993222857885 -20.2070079699383 -8.03130698891266 -7.18652411335817 -3.03744190966015 -0.255281978529832 -5.16156414983691 -4.25773402681404 -4.45118789710245
Hypsiprymnodon_moschatus 20.371378798834 -25.4328897426468 -5.34405580892885 -0.12237608554443 0.0070827945468778 0.736900994648152 -7.82313296234509 -0.301135145177226 -2.56407710011091
Hyrachyus_modestus -68.4257263229368 -32.9163754467283 7.57772729440936 -15.5770945508207 -16.6767929667231 4.44801861263473 4.84856368409442 -17.5147470498072 1.20510783687305
Hyracotherium_sp -30.5742597542695 -0.989704240890702 18.9080332581717 2.27852498006822 20.9198240804372 -1.1505969283375 -6.66900170304696 -10.0740970505067 -0.936312464777934
Hystrix_indica 9.19153034133547 -21.6628966522182 -18.6229855064209 -16.8581060494724 2.90615152603486 1.16593560228418 1.64505186207303 -1.68549231918355 0.188086525618302
Ignacius_graybullianus -53.0210219731025 -10.7274599857746 -10.8353225697153 -17.0844660902271 23.9274332570246 4.97409859013531 -8.58635523096686 10.1237820046515 5.5792637145459
Inia_geoffrensis 50.299928133748 67.3056648907192 22.5813402306632 25.4444516345555 -18.7059017249897 -7.72812970618261 -8.06141646994323 13.1679413741136 1.65288211614974
Ischyromys_typus -44.5234192857473 -13.7384821643674 -2.90036967646665 -19.5069624433451 8.68172147858167 11.2792727549733 -3.89109887887607 8.00146562853626 10.1552295016829
Isoodon_macrourus 1.01309213707077 -41.6095978604226 -20.8183259993854 6.47259538103114 9.00916026615326 5.92802916723115 -1.86856954234084 -1.53795713489942 -3.17847291120751
Isothrix_bistriata -20.5580246648024 -15.1740130141767 -7.94930102308665 -34.8205667187628 3.73793177754371 10.4314739505661 0.845547028875508 -13.0807773174727 1.82375445994825
Jaculus_jaculus 14.3581019930526 -78.8237515819755 -20.0517567623158 -4.38208578901772 -15.1642979441735 20.8303927597281 4.10405471114979 -9.93186974841108 10.8705998071812
Kerivoula_pellucida 60.4845416442149 -44.7313687035819 -13.4359370152993 -7.35145988170997 17.5648560014415 -5.11719209776128 16.2281361593691 -8.35600620256139 14.559497766335
Khirtharia_inflata -68.9428999522937 -11.2293918797358 -5.36572304086092 -45.0044232983836 -8.62511805695208 0.68631423154812 -0.245240320720922 0.897209272801071 -15.7135572579023
Kogia_breviceps 53.5215690485843 60.8600397604321 -0.756870668602018 17.5573434871649 -34.5123751874537 -29.13395028812 -6.20138642108193 8.37838350258893 -2.14704836065477
Kryptobaatar_dashzevegi -37.8190026711738 -36.211349555116 -7.20585983204023 10.4418331360158 1.05623437366019 8.46204451124515 -2.62011907816448 -5.82341865577446 3.55100799266881
Lagostomus_maximus 36.9244898275299 -59.8123508444155 -17.8764081082491 -14.5749350775717 13.3479702097802 -0.613179674888337 -3.40716933738473 -0.758575470210901 13.4476442787359
Lama_glama -6.01750229860952 -57.2746135951764 6.52194714295143 -30.6881458707805 -5.32321942281083 -7.44479516969285 -18.9602125006932 5.8469958822032 7.83821206540803
Laonastes_aenigmamus -6.79493219505788 -27.1792222696053 -10.3167237470914 -29.07497755251 17.945844430663 5.79051940473179 4.47661651794331 -16.0916095497179 1.07912250815171
Lasiorhinus_latifrons -2.36920097253551 -30.2987202516742 -5.07635918828372 -2.90730433734827 9.07640595172716 6.27257911200207 0.792130017360532 -2.16142958365092 2.7832794469161
Lasiurus_intermedius 10.0938372462947 -26.4330185551373 0.587918388567954 4.89729185971676 13.5426601508944 16.7637531680901 10.7444741906431 5.35618360404326 -2.20089649889395
Lemmus_lemmus -13.8678284716145 -12.0809908767303 -4.33971043581297 -5.1382602275959 -18.1078397037669 27.2295205119557 2.80740416689813 -4.89071796217356 1.13480637242159
Lemur_catta 69.8697391823061 -4.6075884920728 9.69798919211958 -38.9429493624693 -14.8614627499846 0.109796723434818 -2.71099843361525 -2.34607495046074 3.29917653039236
Leontinia_gaudryi -38.3398126262327 -48.8035597386512 -5.47581216093786 18.8881977062333 -19.3619291723861 -4.77602389498249 2.33580996728895 1.2308704852151 11.7129994172597
Lepilemur_mustelinus 39.0240899551312 -26.1334739145278 -10.9612452047958 -28.6103241692508 -4.32392292880801 3.25972282101293 5.36073296708942 -11.0338669436007 4.58904242708684
Leporillus_conditor 7.88926495551209 -23.068861534066 -23.1378137250763 -4.89761884341954 2.79539096714349 12.3491308629478 5.00297671203459 -0.865011202481636 0.478663229084998
Leptailurus_serval 25.7893567894298 -3.53403027827534 14.8066809500342 -23.0020138483712 -10.6770458363182 -1.90158892657116 -6.90587744230103 0.40828112806714 -1.15132319657132
Leptauchenia_sp -69.2143322396255 -33.7088423891755 -10.9270693485244 -34.0571877449413 0.03332502957096 -5.05761174608082 -8.20291078014765 -8.52877021167256 0.253157787792124
Leptictis_sp -19.9074238942845 -8.8347245763801 -5.82499930642264 -41.9572231546476 13.7698534462443 5.01809274751921 4.47870878659097 -9.6643225724067 2.15865868474323
Leptocyon_sp 5.90630195222829 32.1805644367952 20.4329276315334 -28.9922920050109 11.0509815982448 1.16691067983559 -3.43047146011071 4.76182666247569 -1.05324855930202
Lepus_europaeus 15.0287241872888 -23.4745758261372 -24.6167152323805 -35.2488053620425 7.2921934623575 13.4390086321296 3.9223261485135 -5.74577726302417 1.60112788913516
Lonchophylla_robusta 37.1314309205862 -15.4941247965781 5.36455193892857 -12.5283086349177 23.8542672497143 1.30433332942366 12.0998659288299 -2.47894397941655 5.27038624849506
Lonchorhina_aurita 33.8289410482903 -37.7126370886861 11.0439376052328 3.40618066796551 27.5001264796505 3.04454731266482 15.3768165429275 0.455341224331014 14.5073432207118
Lophocebus_albigena 125.361093092004 15.9441120152109 5.38824379438481 -43.4399554490365 -5.69936274899693 -4.65778203533347 -11.0032624001898 8.66816558057548 -1.13715457193248
Lophostoma_brasiliense 42.4594682461725 -36.4940722075085 -6.05417873415101 -18.7494477116541 5.35080834961881 -3.00884588090284 22.2230063034095 -8.16047169431353 6.44353922667495
Lophuromys_sikapusi 28.2895251537806 -25.2229116726681 -1.47962647314687 -6.47862697674475 4.13587891829918 10.9771523408406 -1.60855663895255 -4.52283619197791 -0.416177879268938
Loris_tardigradus 96.69363839119 -10.4597653393458 -7.93732435394368 -39.8429811312392 -7.77554843209414 3.95826828384441 -8.72396437651823 -3.14912760742769 4.17585724942554
Loxodonta_africana 32.9712046652272 -38.4439357977051 19.8744565574712 -34.4985401087824 -6.7689926403048 -1.03755204536143 -17.8382275302502 7.86635730418904 7.70115938239022
Lycaon_pictus 31.6251187137692 12.7737170290531 2.34212379779373 -27.8950778787057 -15.896739859727 -3.77232878929814 -13.4027869565545 0.0127261605665414 1.37218534133514
Lynx_rufus 38.9114033430154 5.32196279268579 23.8112572490887 -22.3857622102247 -5.99022848443348 -2.47127889893863 -14.7601224293626 -3.53636233628411 -2.83391554544533
Macaca_fascicularis 108.688597411945 10.7799836595576 -6.6725197079102 -37.6239675572239 -3.14511477928076 -1.80499782956612 -14.8291106310302 2.33239017371909 0.208126996646832
Macrophyllum_macrophyllum 46.3819449242137 -38.9666099647131 -8.13252489970617 -1.4838589080191 22.7957724954319 -8.14457315003423 17.8049542780627 -8.12008754205441 9.60796996450482
Macropus_giganteus 2.40748466185182 -20.9252096549733 -25.217497377637 -13.735851212064 10.3162209609491 0.0578189526177717 -10.2960085143145 -5.05562789449522 -2.62040861705672
Macrotarsomys_bastardi 22.4400783914679 -14.4280195847859 -19.7815225484994 0.426691614016431 7.36395044993648 8.88051324069102 10.5844694796309 2.44591007921781 -4.53218639117077
Macrotis_lagotis -17.1819417362814 -39.7578183182951 -28.2998713040891 -6.61690848675787 5.30420334516464 2.38466535130576 -9.22171596513314 1.51001691841418 4.7121773576083
Macrotus_waterhousii 43.107926642621 -47.5462840072812 -7.91126710254607 -16.2836191953724 25.8573678411682 3.47256258592182 14.9606125383483 -3.81863758491125 13.4595414793117
Mandrillus_sphinx 99.3382801055396 14.4764273061287 -10.2549707358618 -45.9359699996444 -1.88289825370662 -20.8327041339098 -7.85273518480912 4.59691090176878 -3.08050853450616
Manis_javanica -17.9108047195341 36.7868352941006 21.3863223201723 21.5901128603476 -10.5517398308501 -10.6447245644268 -0.771834354101866 -3.56289062317451 -2.77645034312943
Marmota_caudata 17.8168651933831 -17.0421594961415 -5.07338185983763 -7.53413103701534 7.00174308582231 12.9633978067146 -9.80980094031693 6.79548653459535 1.6116765358274
Megacerops_coloradensis -35.8056248418914 -73.469096771583 -11.5474117149796 19.396231796972 -16.1852101297024 -11.2735146434665 -10.7433597062498 -14.0088885269135 -5.40086261089178
Megaderma_spasma 6.54076363515108 -33.5124952039141 -28.2656061883387 -26.1238464016304 26.2223969217441 -10.8392668366411 9.48469767279218 -14.2691493116278 11.7494958276263
Megaladapis_madagascariensis 39.1552198335383 -0.701744526282033 4.98373024300523 -25.9647444556035 1.08721599845286 6.71791893578387 4.35870893420626 -3.27581961670697 -9.21198411447551
Megalagus_turgidus -0.363398948092365 -25.3278044752905 -11.2305756556044 -31.8226813450894 18.2500594005525 7.8992933820634 1.00245084459939 4.0659918313416 9.97096179523146
Megalonyx_jeffersonii 47.1451734208582 -25.2282853341647 19.1682974249071 16.0965214320104 5.9946140558286 -20.0473529659444 -7.12432862990246 -7.0257058513261 -8.19424049744141
Megatherium_americanum 17.6994290768127 -28.4276349017734 39.8116230995496 -8.46187181668393 1.69601839036631 -20.3576583069646 -10.5151885929486 0.257158833713543 -2.28987867982949
Mellivora_capensis 13.3179179099444 40.7518367918256 -7.9711573593506 -32.4026861252742 -4.95900091988967 7.53432585584699 -12.2886713355644 2.04586683164134 -7.47267479503013
Mephitis_mephitis 51.1093451917138 -1.29552372369888 0.255112255525515 -8.67619648584785 4.74638157223145 -0.101255214056731 -4.4170066203844 -1.85758048107764 -3.94608739017858
Meriones_libycus 25.8761099665235 -42.8517275878975 1.82706333340885 -12.953345008772 -23.7023140824918 37.1118176558821 10.2177184106097 -2.43855833378083 -4.35933402157349
Merychippus_severus -19.3747524707205 -59.2107073922709 -21.1832620778013 -14.0387535251202 -11.5503637180762 -5.06112612978542 -6.51520134023033 -4.59571686443257 6.04554088852497
Merycochoerus_proprius -41.7261268207932 -41.8432009659708 13.4749116511457 -13.1766215420671 18.474176732046 4.66652257518 5.12481272331996 -14.0818819452899 10.0541013138616
Mesatirhinus_junius -70.3921062458045 -28.8743763038747 21.052840179681 -4.22353317850394 18.7298417453378 5.40383539943626 6.25718364904772 -3.45520107351008 -0.134885008464266
Mesogaulus_paniensis -17.990834369488 -10.45587203892 -26.6747582329738 2.39702325277297 7.11853690439179 8.75279268179284 9.55317853510163 6.994599712442 3.3421537679463
Mesohippus_bairdi -30.4813000933484 -35.4920848117859 -14.1824619037935 -23.2778521053638 -5.22931106750002 -3.84168450328435 -0.783793999124298 -10.7225487484245 5.90588864786499
Microcebus_murinus 57.7235194280827 -15.7177850480509 -4.9533933428683 -12.6257861048073 -5.78912067308257 0.0693553022795799 -6.66273112879669 -3.66138683477861 2.74149727308094
Microchoerus_erinaceus 38.7405368939896 -32.0644397832183 -11.2464980778229 -16.7229220104761 -12.3083290163525 -4.4865487122096 -12.3525424319811 3.59403408043865 4.69122250536343
Microgale_drouhardi 39.6872064140173 -20.160697818508 -16.2877889243114 35.2398481442861 11.0697616671069 -1.74602173763013 16.0352304472698 7.07374629259962 -5.20648281857004
Micromys_minutus 55.0251476438476 -25.3542647221181 -1.16837453544707 -9.97251572925061 9.19548320917093 14.8716665649907 7.76859050036768 -7.56445638239563 -4.75947968016377
Micronycteris_hirsuta 34.1230646601381 -38.1106899946201 -10.7311419769308 -17.5883132678194 12.024476094014 -7.84918616611396 15.291911875733 -8.60667521365062 10.983781801115
Micropteropus_pusillus 2.12338022926908 -13.3794755570243 3.38183798582192 -0.357652486566722 8.83110312015389 1.87458374599641 -0.120686505413534 -3.27883456791479 -6.62415291471344
Microsyops_annectens -38.1921292662077 11.9930978176726 0.66785713633463 3.88611660977695 14.7747732798312 3.19477761199581 -8.31938172766255 4.83181345606471 4.09530329123364
Microtus_yuldaschi -1.76592209703744 -18.5274258015042 -20.4692600522232 17.7661366019115 -8.50308865913431 5.8349345759891 11.1229074626648 9.83684940444386 -9.36752856554237
Miniopterus_schreibersii 15.1856656748246 -43.4668962827049 -18.8478604848106 9.311498578302 10.5668564175772 2.95112456093829 21.6791430318613 -2.66879795226867 6.44002760670319
Mirza_coquereli 65.4042627342357 -9.59034797266449 5.4219879017173 -15.602204552173 -0.309513373557494 -5.62489035678098 1.00734410641948 -1.54857962090739 -1.44498427985342
Mixtotherium_sp -30.1219331088213 4.51626546084091 27.6715735192834 4.31406644530269 44.4763067789788 17.6404003939964 12.8694977410672 -5.82910566583001 -4.169463290703
Molossus_molossus 29.9999952853088 -32.8571618007059 -11.6665696124349 2.28853379619216 19.3409521553769 -1.57731274508735 23.6899483559965 -1.9278002287955 4.74151935229334
Monodelphis_domestica -29.7053168879369 -8.22089288269465 -9.66238700422544 11.8162548020011 14.5157497167705 4.20575064083172 3.02832055392683 0.324551015435036 -1.82157167624463
Monodon_monoceros 70.1172409084133 46.1492586417214 13.0472257600196 47.3676507758668 -19.7691952838265 -6.5896642905168 -26.1176318927776 1.43311297718618 3.17600126719046
Mops_thersites 40.8035239227534 -21.3111281554547 -11.8833018069847 4.38638881568713 17.0394239019373 5.55968616871644 30.7801063343311 1.38108989830977 5.26979620462999
Mormoops_megalophylla 36.8064996965194 -30.3142679276288 -15.4940225623992 30.0183657013812 -9.73948806899808 1.79572375321311 25.5391832371079 -1.24248701487339 1.53789937299518
Mouillacitherium_elegans -10.5134892128705 -11.5553161336306 -10.7917814220492 -22.1383464976006 8.49348853394608 1.33351121498328 8.68531618801764 -7.7802476997452 0.578553288267831
Murina_cyclotis 47.6300855564936 -46.6370356178749 -13.4547360015298 -0.213671431487711 2.19661907600539 -7.42506799705558 25.5222893703898 -6.99846822419448 5.56255284471497
Mus_musculus 20.8998718309606 -10.9131127220747 6.44953933520256 1.74517046429386 -0.714908109743359 19.2825839461792 7.68878990978333 -0.404555572613081 -4.36027161449584
Muscardinus_avellanarius 36.3367657060479 -20.3007803518147 -13.6161879808232 7.6939922182368 0.86409656540914 6.92819596376707 3.45410125910369 -6.13355952388928 -4.14771683866424
Mustela_nivalis 34.3063950077126 28.9715466615363 -1.21065344899726 -9.55684839109476 -17.8242243683395 5.3284771200137 7.2530102902347 0.494342048518506 -5.60644580895075
Mylodon_sp -3.25977843737966 -52.1851263432022 37.3359063585118 19.3443834174794 3.05965646285335 -10.9797159478221 7.44805465451243 -9.10610470117096 2.43672749856184
Myocastor_coypus -0.292529458097747 -14.3606930695449 -12.2283902581673 -11.7188352122156 9.02248758520491 10.8908142424996 0.036242850792037 0.867385155026896 -8.04290811440076
Myosciurus_pumilio 43.3406489762065 -30.243835368379 -4.31276120954487 -4.72222508188494 -12.0340253414799 4.30373792961303 3.11434198383631 -4.0523485271634 1.43399197580211
Myospalax_myospalax -21.3514354966805 -52.1915370437842 -47.4767317971098 17.9375510219915 1.07689761665733 -6.12395613165994 -0.783551744031815 15.6417296626346 0.883339527000109
Myotis_adversus 24.2225309580019 -47.6752963762567 -27.456039444026 3.6088011125073 18.8889142886328 -1.50190064010548 23.7870343190765 -8.55212034406274 7.11538323422736
Myrmecobius_fasciatus 7.7192518668403 -15.2957353668573 -24.5200558796695 -4.00900875171008 11.8576621849759 -12.5321407148833 7.0698082383314 -6.14370350076345 1.73783251448921
Myrmecophaga_tridactyla -36.4190989099155 7.83284781630413 -4.2991994962959 -24.2753773312652 -7.78655330643203 4.99543030124778 -2.3828910829561 -4.87107004750331 -3.96910938027478
Mysateles_prehensilis 0.628353378416637 -19.0284282635325 -7.77604479091796 -16.0188181618616 1.26672531463687 14.5556706284659 14.1548455205973 0.176306234211999 -3.39873678031912
Mystacina_tuberculata 48.0004853238381 -39.4113267904026 -9.39553931531434 4.02465999524716 18.3318326868844 0.403314066659276 20.725212508315 -1.89022304538767 1.65940006212693
Myzopoda_aurita 14.8266100602356 -30.7346912662335 -4.10126565205607 10.8169125444272 12.0406517941746 9.75262160344053 29.3213904212823 -0.884941376171265 10.735755027379
Nandinia_binotata 7.73602960714763 19.965450524229 21.1430115810641 -23.9143705251036 -1.22602198552546 -6.79328980317548 -10.8129995361093 -4.69930061043067 -0.512293635073024
Nannospalax_leucodon -24.1340692349742 -2.8501450419773 -50.8394765779698 20.5503857229111 -4.0294795422612 1.15775926481998 2.42530024176535 10.6331981916915 3.23554587246264
Nasalis_larvatus 93.6074212891313 17.4099430624791 3.81056480575663 -35.1108113313325 -4.27017408862427 -14.901931011952 -7.39264905180375 2.74600797925858 -0.495049485988048
Nasua_nasua 45.6702814072694 22.3589048006017 11.7148238278269 -28.0071899534423 -7.96338650486397 -2.9645766588181 -12.5918964379888 0.0172097606118326 -0.207878118591787
Neacomys_spinosus 31.6679080524269 -23.3271603038732 1.48674231626506 -5.26648168065922 4.42257633827313 5.45375671083492 6.29529118632283 -5.56378917943514 -3.5273549253241
Necrolemur_antiquus 65.896822083891 -39.4940843515023 -12.464780305638 -19.7942911375451 -6.85143403091723 -0.992501776012014 0.0266455690719231 -4.75924709361247 11.5866086567628
Neofiber_alleni 3.20597481128073 -4.474922752159 -7.0942543370572 -3.89202156274231 -4.45217437622392 8.5174824320962 1.84581691237602 -3.5714199342377 -3.92038781597418
Neohelos_stirtoni -33.552660848567 -6.86752635992398 31.6571254543546 19.386759542204 7.86887910687039 11.8524242755803 -15.5711474426743 -0.635127698553953 3.18889092070603
Neomonachus_tropicalis 67.224821816867 76.8027181454709 45.7633682555524 28.4100688791591 -17.1021124939972 -21.1818010000904 -16.3017457156086 -3.08311987077999 -6.1701891849808
Neomys_fodiens 68.2505669507212 -19.0065394964327 -3.52511404825151 18.0915440148525 34.6701931562078 10.9595166695774 4.12344482338839 6.4061126369601 -9.97118990805625
Neotoma_lepida 27.4252012358305 -17.0712955382338 -21.8390122606044 0.262818839893591 1.40860044858648 1.75087119818662 5.0444888436151 -5.95283522742757 -3.42099932710552
Nesodon_imbricatus -96.1098020524874 -60.6694193902874 -27.3757240426421 12.7830547680081 -8.04286981085108 -25.8412844408295 -7.71417537069065 -18.9123716293672 -21.8069444147314
Nimbacinus_dicksoni -32.9729949313339 3.03628900754937 -11.7407320668079 1.82000968997433 13.7577671494856 -1.54749135570816 -7.8526855051477 -0.981721979949558 -11.110600626212
Nimbadon_lavarackorum 15.2393859037731 6.8488541136486 26.4738630049999 -20.7516586014497 8.99824875622797 2.01064937544189 3.80831854348678 -1.91136485683097 -3.02236496069667
Niviventer_rapit 19.9668066747535 -15.7419569410987 -4.32959006671636 -10.0930360050106 6.1976815598813 2.10403873799875 0.575719866550656 -1.01893907141101 -6.85615011943019
Noctilio_albiventris 44.0772149413527 -17.5530796447217 -9.01307758032788 9.23355761289774 17.0390740237098 -2.44357246750236 25.435311987012 -7.10658490030664 2.39571329549141
Notharctus_tenebrosus -4.36369467857211 -1.97547007135027 7.64731253293779 -33.3829942087604 9.43868417793914 5.74782535377921 -2.21872277183963 1.62292114912036 5.14619842965058
Nothrotheriops_shastensis 45.6213010128796 -46.2789485011034 14.227799435411 2.0273184962971 13.9594787508628 -4.53417379327048 -17.9167546516515 -2.84289531325717 18.954717096704
Notoryctes_typhlops 78.2444018000888 -27.9803833452833 -21.6338750482187 2.47753963061944 3.79982549778801 -0.860484618489753 -5.63497930318747 0.624587434185791 -4.95339131161337
Nycteris_thebaica 13.5887680618234 -52.563840237827 -24.4125263519439 -31.6042081939958 13.8176575609268 -8.19000964237619 16.9026580086947 -15.5277743342818 19.3613965461048
Nycticeius_humeralis 11.2192494625956 -29.5790111049847 -24.7503818269593 8.25226353990949 29.8937388444987 1.00965314493906 20.2590136312895 -1.10150855674351 0.943262549582342
Nyctiellus_lepidus 25.1654423806156 -69.0475998997575 -18.8278203465572 12.22187125543 15.5156528055565 13.1695029640417 26.5690022298781 -7.54940656272307 18.5423064147258
Nyctimene_rabori -9.20679761438347 -2.88944796485193 5.82252980869096 -2.4425939814794 0.0568539830965091 -1.94226331456153 -3.58746771073341 -7.38430849644254 -6.70819522523879
Obdurodon_dicksoni 36.8154962427992 48.2493953215228 4.74451241704708 1.08656239617057 -12.0996071408741 -10.672167040988 6.61835764790272 1.91500448194906 -2.25378869829419
Ochotona_alpina -7.57262573273047 -20.3824295904069 -7.46359370478361 -12.3175862674899 2.57542252482915 20.2455742365814 11.1582143472511 -4.37361421969293 -1.9504867016746
Ochrotomys_nuttalli 38.0309715044379 -13.909506580097 -12.1318474101186 2.18605577701495 -0.831471941477271 3.57287072541419 7.2760140060632 -0.708487828248642 -5.08617795609124
Octodon_degus -8.62729543823339 -37.4237641302383 -23.2771386549162 -15.5581570908952 -3.22877773388398 15.1550735914319 3.02737611028838 -13.0475755680055 1.395787074307
Odobenus_rosmarus 70.7035487199014 39.3263673722275 26.405849596415 6.72609082875618 -21.489262915259 -23.7022282490518 11.3452063052104 -2.15293849337927 -1.91020251946832
Odocoileus_hemionus 22.1238245531437 -23.2044779804338 -2.65026033801625 -28.3785134948548 -5.26608646538319 -13.2859139161813 -12.4275050601379 -9.96596995051902 1.64675488913438
Okapia_johnstoni -20.399742553591 0.159657606117018 10.8395805750227 -22.5469483690512 -18.2129200064533 -13.3834028355865 -1.42270246957901 -0.682316019655091 1.28981684811402
Oligoryzomys_flavescens 44.2008414595797 -12.1265154161962 -2.55760542113544 1.06863618733384 6.93351786585628 3.08360686180945 12.0703123910831 -0.85649962518035 -4.92657456905258
Orcaella_heinsohni 44.8499504800867 41.4678238617242 20.6266887845874 18.5942343888913 -22.1681612156659 -7.48021520230307 -13.3874711847459 6.2002659312267 0.523948998523749
Ornithorhynchus_anatinus 41.0582563835092 31.0206373565884 -8.96692917786381 2.82847813579711 -16.008557409889 13.1721615940279 4.70350880483383 6.85312207058803 -4.62459453685028
Orycteropus_afer -21.1129221073543 -18.7887733083727 1.4878956598289 -33.5133152662295 29.201111333058 9.58456313807205 -6.4721472560122 2.75778489223496 -5.48190978626019
Oryctolagus_cuniculus 15.603582155255 -32.4833884038314 -9.929836600468 -28.1072052126029 6.66021845245795 16.612825535728 5.01924304715727 7.94659301966172 0.147068229811356
Otolemur_garnettii 68.7730418493351 -21.3422600630266 -1.2668442516503 -33.6878847838926 -6.15845607247061 -8.08922604486125 -12.7367024703572 -1.14292053790028 0.90477855467748
Otospermophilus_variegatus -0.135799371774374 -8.78742077302811 -5.03538740917432 -9.50869139346525 -3.18970699531459 6.5813758778382 -8.71238159411387 3.97371173439654 -4.98218676710384
Oxydactylus_sp -31.6720320646496 -6.38911374009567 -8.44140197402731 -46.2406262192201 -5.47385931699705 -4.90083250658434 -0.42521318155701 -11.9851884802753 10.1745115987234
Palaeolama_sp 10.6627790942055 2.15465794717272 4.42729021100031 -31.5045286914915 14.3492566658548 -11.8435228502813 -9.26066885436332 -8.10830792629053 4.88340247756204
Palaeosyops_sp -76.7580249962939 -65.1298983254672 16.553295574687 20.0961228207063 7.8604860979023 -2.46301752276173 5.14233960949223 -4.20169586533124 6.65835189903478
Pan_troglodytes 104.737253033969 8.16815146162697 15.477742294892 -48.7006529569423 -1.7711108929778 -11.7969245849384 -6.2581024706022 4.82541666163124 3.12722000459458
Panthera_pardus 12.6079878916301 18.9944186583718 25.4067123086208 -14.9373099935425 -6.19963873259551 7.93363668634268 -15.8356543760696 -6.54837492099338 3.94584793115639
Papio_hamadryas 110.153238581232 30.4338543419413 2.8901534785585 -48.1912518695216 -9.33906739861982 -18.2387688803196 -10.8699459398579 9.10528203544812 -0.104295048419182
Paracynarctus_sinclairi -0.961663276630581 19.2362996819479 7.28000077327344 -22.5647024866943 -8.05306611421943 -7.90086520263906 -15.2096791069868 -3.39078828595141 -1.24066674804759
Paramylodon_harlani 2.74914269395358 -17.0573400297446 54.1466763081218 19.5537167718234 11.8937249065551 -0.909273970863489 1.24774909747856 -17.3380427535818 3.02965168661003
Paramys_delicatus -45.7080170522844 23.1581602342866 -11.6508563509448 -2.10499360298467 14.1051928237742 -9.87653608618875 -2.07862375955946 12.3787693731007 -0.550621733823797
Parapithecus_grangeri 107.887829673836 9.27623748657649 -12.3799217638341 -40.8193686607914 12.8101147720276 1.07828533359233 -17.2301452301927 -1.48765627846887 -0.992572961643365
Patriomanis_americana -13.9225746851101 24.5447021099217 2.40529429245446 -28.8518985105812 13.0127205108262 -8.23501436164754 21.0191994911386 -8.21778459957907 1.59904338924989
Pedetes_capensis 4.87151839351788 -41.0165029567193 -33.1773084925684 -2.63282735739913 -6.62027265627787 2.10397009176602 1.54620076336576 -2.91336767953595 -3.20422568675449
Pekania_pennanti 29.7384237971689 32.6960348984035 1.89413671984316 -28.8851604728867 -17.7381471383511 -8.41393221116938 -8.7753923199407 -6.26446918617885 -1.53244319535029
Perameles_bougainville 51.1810878411979 -37.8154423050824 -23.0924257428135 -9.0544317419676 13.1019742600788 0.6284823863882 -3.20789946575552 1.29699890549204 -0.950656394008957
Peromyscus_polionotus 45.2252537330853 -8.95929051824481 -9.65245070566 3.93344812646383 1.82437200397904 6.92282341643456 7.66363930549084 0.152502595581774 -9.18690297959704
Petaurista_leucogenys 22.6323120298758 -25.8368089800163 -0.470810197846456 -18.2684549632255 -3.42868788406995 5.17308023937951 -4.5779637372248 0.455426430484726 0.691475941393052
Petauroides_volans -21.4855175053469 -23.6560406508656 -4.12428076396954 1.05016328614314 1.0174199757879 4.02557536001746 7.86635776070196 -1.58189520053401 -0.956423722952441
Petaurus_australis 24.4484019542488 2.42116782978594 2.69814981970158 -3.33293428019427 1.7494718161837 3.84144511220766 -4.65928171561975 9.55351669127193 3.74904580249325
Petinomys_setosus 33.7740621870174 -17.8705949800239 -10.405232306185 -8.17968349306024 -6.14589064997799 0.326193690658835 1.84420993354349 -0.631286913240486 -7.25333942255416
Petromus_typicus 6.01910712411473 -36.0359611174052 -14.2974415879717 -11.9081989140074 7.21642544282565 5.68866976605838 15.0281253128985 -10.1456580174662 7.76031313122181
Phacochoerus_africanus -13.3324173347009 -51.0884688175539 -1.7017178489599 -1.69931107028699 -8.96602629297074 -27.5653234339542 -4.28543706758273 9.52857564864472 11.2565964634102
Phalanger_orientalis 2.00823849080312 7.55574511920535 0.351845412180366 -14.6950279833211 16.4231551793635 -4.36949679279319 -5.57514874883437 2.18654011081513 1.575286220028
Phascogale_tapoatafa 19.0887120414785 -8.37882454351024 -21.1077324634571 3.55181580175554 -2.12859189640275 -5.61460254514822 7.11426463423867 12.1471468823848 1.34204769322525
Phascolarctos_cinereus 3.96898746923115 -27.8772111904686 8.42013252761331 -8.80992574629034 8.63295854912377 12.5180072640544 -2.49481638130326 -3.97385950020453 -1.70261287716107
Phenacodus_primaevus -47.8942170967697 -0.735649184585282 47.6645581801254 -20.6032968053695 -0.00507008609875653 8.8379165864849 -0.67265668978349 -4.53853943254655 6.98433969123705
Philander_opossum -4.44948967511627 -17.2874363176491 9.70955040312804 0.972497933179114 15.3644604191473 -0.00788849215008497 -9.13782795949682 -2.8268273739081 -0.524644541749912
Phocoena_phocoena 57.4314080985066 89.5883991451492 54.1327688631794 28.2597548540818 -23.1671307493981 -22.4509687663975 -19.5651376149124 6.18076338703979 7.6715172749047
Phyllostomus_hastatus 37.3573423218039 4.96794785333628 17.1485235801108 -20.5816661511066 28.220880435232 2.73577560085853 6.34927084619202 3.88161346948564 8.72163943163598
Pipistrellus_hesperus 4.83054599677253 -38.5754889537 -17.239947528209 7.02538654759619 26.2221536461426 13.6348037304313 27.3765306940854 -4.62634055932478 -2.17572942583269
Pithecia_pithecia 94.3848837802161 14.8505256940614 -18.6700778889312 -36.3817742464334 3.6365408661748 -8.59846377190851 -12.2808365610372 -1.64830673675749 1.16337397758292
Planigale_ingrami 32.8856516991279 4.09293711537632 2.00107378648568 15.6930029262623 14.6515414956704 9.41396471792288 10.3916897114402 13.5027260126383 -2.17422744370718
Platacanthomys_lasiurus 21.0301410173446 -14.0061952095479 -7.50378758093958 -13.4993169389623 14.972082856141 -2.66569469772497 2.37163727744443 -4.93135738594783 0.425400493109545
Platygonus_compressus -14.0045204672194 -18.739619009491 -5.65119487502006 -7.93551699783029 -5.64744727464821 -22.8834155156977 0.694773513608381 -11.5928216681762 6.93013070835965
Plionictis_sp -5.26889202228726 29.1490776522332 4.62264083641497 -23.5393955737626 -11.5035745398543 -6.28789868286007 3.2404172033119 -14.0153581902406 -3.64479878737007
Pongo_abelii 128.088241752097 12.7782344774295 -1.26430233096852 -43.9335554760067 3.18636989488316 -20.4080942082277 -2.15035159145108 -2.68416428331757 2.26514280567622
Pontoporia_blainvillei 66.9859887935072 52.1720903472289 39.9279824043864 27.9574870672314 -21.0652296181163 -14.6412335320664 -6.20421584126085 27.6753867946562 -1.97687480428303
Potamogale_velox -11.1468317669394 -11.5095850919116 0.334545666281722 26.2341006334305 19.1858463687928 -13.4233038963664 5.64807417622259 -6.7713261297241 2.48805375954086
Potorous_tridactylus 36.9582370084563 -20.0561682940401 -15.4020715318373 0.0183691640099907 6.54099573144496 2.09655707309738 -0.37936145064209 -3.41130654708248 -3.83446734218441
Prionodon_linsang -26.9187303795652 25.9051300429103 15.0740248896406 -18.1142893520343 -14.1139087710572 12.5274029790452 3.01631389878808 -14.2161786988749 -0.886308950205583
Procavia_capensis -10.6044000384048 -30.39269226705 -3.56533210273234 -19.4114237650035 -9.76073293606155 -0.0547008671316584 -6.91239329171483 -12.5120301491144 3.57012283788679
Procyon_lotor 43.4616449506924 13.6853068549243 -2.1650923344724 -32.0414086112147 9.66392661516486 2.43150209011136 -17.7340373927897 4.48852637151624 -1.28486995514499
Promartes_olcotti 46.1363007736911 16.3367594497422 -0.54388308339455 -16.8825282450777 -4.85844323132554 -25.3834672351183 -16.3243140161882 -3.0441387976474 -3.14903733393934
Prometheomys_schaposchnikowi -6.12017211065552 -22.7846395536805 -24.2559566551931 8.69586599449717 -0.00938871353273818 -1.03766497756801 5.97174304558146 4.00359253770423 0.039266771388831
Pronolagus_randensis 6.49169710330314 -29.9046060574021 -30.9179900210834 -13.0479152350346 6.02012872964409 17.4745508297019 11.1821109962728 5.13456525608708 -13.7242145047481
Propithecus_verreauxi 84.9856576598371 -18.77065670037 -10.8369252244443 -28.5166395708426 6.97763130965936 -0.413123033968893 -6.71880018984373 -3.74386387678194 -4.42966136368395
Proscelidodon_patrius -1.02613965892202 -25.4597748453283 27.7614828667727 -2.93610983489101 -13.8462386894158 -12.3058348256326 2.2449316997012 -8.819762114394 3.50230970263996
Prospaniomys_priscus -28.729784393339 -15.0037416392505 -17.1885104434861 -12.9705050128134 6.0914795967114 15.1391687938363 3.74491455254712 -4.69192756700452 3.59376689040959
Proteles_cristatus -25.9401157612623 13.9403460317433 29.9287633067741 -17.9624784679407 -18.5106294025807 4.61386158982134 -13.2603805734624 -0.0353208506118406 -0.867955664271598
Proterotherium_cavum -59.1878138017674 -38.8072401824345 -13.7246233732853 -15.8637739480917 -8.96602588612503 3.11286535386962 -4.16065204299541 -24.5735219292608 -1.54255438323853
Protocetus_atavus -50.86040506676 40.8889303493674 13.3475236963444 -13.5554382569898 1.93313401138042 -6.064150331372 -8.33470006431012 7.13323847742402 3.59734238319551
Protosciurus_rachelae -1.45640989803876 -15.8516996955595 -20.5680340114832 -3.31803722449471 2.31053916176063 9.30501079420008 6.43907956623821 -2.16477373994153 1.27983196663946
Protypotherium_australe -16.9281767525297 -67.8468323967832 -5.60851183356102 -6.62504286873761 -1.83849438972926 -1.92742079306001 19.3486973677399 -3.61848983474142 4.00100880112614
Pseudaelurus_validus -7.186164263013 14.8962819172386 28.1194686345261 -27.8194356754228 -14.5002639251522 5.10167509157903 -14.0487885026994 -5.33678815341848 5.30737582160071
Pseudhipparion_gratum -6.68255242264895 -66.8664286574081 1.07038740502867 -14.3687206750975 -3.63772782882223 -5.68215299196265 -8.8783513431953 -6.57423224937989 3.07023122153672
Pseudocheirus_peregrinus -25.901779970636 -7.96687045154048 -16.8942604989214 -10.1306600262017 6.01418884583295 -3.28501070492299 3.07412078036345 -0.0308065583560969 -2.96714976582603
Pseudochirops_cupreus -24.587282237187 -15.5779695528828 -9.36519572052248 6.72560471838675 6.11698357310064 -4.78443165483798 1.07653566212159 -1.84212233403176 -2.20820063099947
Pseudotomus_horribilis -23.0340779444686 24.9862520582183 -14.5792640158967 -15.9322007891765 29.629828328072 -6.10880490314632 -5.96626190011245 9.66983317583288 2.97021814529757
Pseudotypotherium_pseudopachygnathum -33.6250481892884 -52.8795947785486 -10.4925187934208 1.46290428800423 -2.82522703242675 4.31776171401834 3.47699460011439 -6.69928591268463 -0.113744818693431
Pteromys_volans -5.83441614408406 -26.0895965527516 -17.0694512485838 -9.99292978057596 -5.96164189683296 -4.09371738825566 -2.67270413380324 -11.1235233380926 -8.61261102789796
Pteropus_giganteus -15.1654357129391 -6.80984161507538 7.95572387557393 -28.6182634868009 1.53334761023742 0.0250895057825639 -16.1171891751141 -10.7461994941868 2.02613603194817
Ptilocercus_lowii 29.418310945472 -14.2738215835128 -5.2857503795457 -7.77019239368419 15.0118830521165 3.59049696639186 -2.53510630028928 -6.36765185443519 0.0523942709144844
Quercygale_angustidens -61.8945476542312 29.3256956357398 9.87865857188755 -7.64035184412319 -6.48354219885067 9.8483134124463 -5.07113294247149 -7.96355325256203 0.968737771359286
Rapamys_atramontis -34.2323384551337 -19.9146632777894 -8.1803352145623 -12.4290355839584 1.73000316860699 14.9241976285275 -2.13351854555546 2.23441180533873 -0.0765575130156208
Redunca_arundinum -35.5490427681389 -41.5179186646156 11.1369502862299 -31.1089385531002 -2.86576934570614 -12.1732534413103 -18.6339691902558 3.26166858275749 -2.26825377381335
Rhinolophus_affinis 30.1666132679001 -30.5262186229129 -0.619640151876928 -27.1626671870251 14.3331338805113 -1.99045037566799 20.5544375247738 -14.7947821610596 12.8534842809451
Rhinophylla_fischerae 50.0543741543442 -22.6783519306571 -2.78495666718244 -5.27414237428622 20.8634957528359 -7.04836566062437 17.6880582630058 -3.41204510881196 3.13968099814681
Rhinopithecus_roxellana 115.642162798102 12.1353756331252 -3.32883416836419 -44.0148562240518 8.77629077527653 -15.9503991370173 -14.9938799226261 3.97947340862005 1.80922946084358
Rhinopoma_hardwickii -13.3618707391716 -46.6906469318738 -22.2631179903605 -17.6736006971362 26.6291580918701 6.61670617051878 21.0017071082844 -11.0114952138911 10.9951219138179
Rhipidomys_fulviventer 38.8855354846253 -5.15107720875958 -0.489315843693342 -15.9260902052054 8.12253879197016 1.62906338380805 2.50569672454691 -4.82010870290544 -2.88372789899205
Rhizomys_sinensis -67.1820666610051 -22.5754912857504 -40.5140261407049 -6.32127212259959 5.00484669172669 -8.84381355537415 -9.41950830290224 7.28546619775358 -2.46630173502205
Rhynchocyon_petersi 12.1617899216752 -54.0365273176569 -19.1727441624778 -17.424978311118 8.50989846678649 1.10721674621724 -0.117594780778404 -2.13083866868969 8.9814846001946
Romerolagus_diazi 23.269905919802 -21.9878286347072 -21.6151612103588 -17.0702925223407 2.86882378142578 12.3409317107064 6.70827264261499 1.5820087780764 -5.07977015201851
Rooneyia_viejaensis 51.8770666933866 -29.7601342781493 -10.3724829838647 -18.5087133521685 -3.94229472079997 -3.26880424958158 -7.24846658371919 3.37546849591728 3.5697992203501
Rousettus_aegyptiacus 6.31020395128242 -25.8898262986704 -9.95423939724524 -10.0363328964304 2.46795144456964 1.54399027633295 -1.16289229506689 -8.2935854128245 -5.04352703609525
Saiga_tatarica -6.56284621350864 -12.7282966034139 8.38493376861241 -8.79731758461921 -18.2610830610733 -10.1513132166391 -10.3389923887738 -6.10106623336697 -7.17832040979679
Saimiri_boliviensis 117.142242377815 23.6404435364704 -22.9713700462025 -45.7502911136429 -1.05909923147107 -13.325334375355 -16.4971462225898 3.50059063470674 1.36917456130102
Sarcophilus_harrisii -28.1401257099347 -23.0131337788192 -12.7906976866312 8.83668600390359 15.7506568869457 -7.7288922166598 0.422135497653234 3.59354322837923 -3.56601510605583
Scalopus_aquaticus 10.7165927065361 -36.1090596687545 -25.6233707324899 7.07173134078046 -0.860818541019825 8.70336863802293 15.1672133670993 -0.670748775662939 -4.7496106261842
Scapteromys_tumidus 37.1282608596764 -2.29915662694993 2.02292038935976 -6.83844138724427 2.8084383901357 7.75819820389786 1.48244020208953 0.0331872099030244 -4.73184118407216
Sciurus_vulgaris 0.184334604342285 -16.8163015938698 -10.6587550402493 -17.2236430780641 -14.161456927403 4.18437401728442 -4.63901401405023 -4.68016315606538 2.2618802431864
Scotonycteris_zenkeri 4.08230431180337 -35.0900351908297 -15.5408690408132 -0.724210769884488 0.403330482973925 3.99789095824854 -2.75585191112542 -9.78964785885463 -9.47529460956213
Semnopithecus_entellus 74.9009162706948 14.2423543861676 -18.2572366435771 -35.5729294244156 6.76963836138524 -9.56919248165373 -7.38503744260816 2.37899086063995 -2.51339986647697
Setonix_brachyurus 16.412455076469 -14.8402485415422 -17.9363915627445 -19.7481742036862 11.719524265085 -5.17820109055266 -9.09826033264917 -3.46637517476914 0.542327613477074
Sicista_concolor 42.8700778071672 -21.9890248077405 -4.46325055751802 5.92105775070454 6.14495542905986 10.0592883744062 5.16119336393638 0.433149729770985 -6.55505966711364
Sigmodon_hispidus -16.5116509743715 0.545362931948079 -8.52901446461224 -13.579822027305 -3.2777199374559 11.7795775401146 0.371359918125314 -9.12551451721819 -2.08349919957538
Silvabestius_johnnilandi -36.9152963471797 -7.26072725940777 7.73569070379996 -12.9237958181997 14.1156102870452 1.78377705877152 -5.3838640195883 6.37731685629113 3.31247412254886
Simosthenurus_occidentalis 11.9539244266833 -22.8704927281053 -6.42684738016248 -7.57111037187577 10.0000858806119 1.37344634869423 0.305653823553169 4.62679612500631 -5.8709652673244
Smilodectes_gracilis 28.3428108476966 -33.6098177261157 2.97760477326554 -18.4069398350225 12.8837912156807 11.5602916122798 -7.54604775059658 10.234220679695 3.96802419388603
Smilodon_fatalis -64.693070022873 12.465707549554 58.3565615466485 3.56000298081614 -15.2500522527761 -1.27154245912807 -18.1956629451458 -10.0733921617567 0.724021809703184
Sminthopsis_macroura 12.2741610234691 -6.41568755338786 -16.9646638126062 18.8785814629542 0.431595025325632 -1.37951568274536 12.642998380689 5.53077519101231 -2.90991863600735
Smutsia_gigantea -5.51102621730244 25.5012554046973 23.1383095496623 -9.38810048832121 -4.4844783340733 -12.3331390494094 2.82165397080849 -3.5389850488557 -6.79698207415303
Solenodon_paradoxus -11.0058312995631 -28.2396688461384 14.6606708637091 -4.57360906793439 10.6631906696185 4.23307858774756 0.851209228748711 -3.89471052445581 5.23365027979316
Sorex_araneus 87.6667962725262 -36.7765037983955 0.167921259320437 9.52873026415911 21.5069121452724 0.503523431162501 -1.91433416689716 -4.74249569195012 -12.5498233808917
Spalacopus_cyanus 8.51431700750156 -30.3894713781292 -25.578225686362 5.86898581544219 3.14276375655258 9.77278354941642 16.2764509199398 -1.21707363992321 -5.5433905497358
Speothos_pacivorus 15.5622188654098 21.1110617188979 5.70715264165308 -15.1608447820853 -15.5267454429474 -0.100979683649538 -15.4589779092097 -2.978934072861 -0.806736608795995
Steatomys_pratensis 31.2518460959347 -5.86485125777739 -13.99506159505 12.3471127026108 3.60592939123445 13.9826004137926 10.165540793728 0.462840046570124 -10.3835933887256
Sturnira_ludovici 49.7498582558173 -10.8017212017863 7.82009909949981 -12.1943418734796 5.49913978582437 -13.2986569539903 16.1036645430668 -1.19053824866345 2.5665145668488
Suncus_murinus -10.5024871259758 -21.9244048933725 3.16681948218024 17.3863279742791 29.2786863789209 14.2478702230836 0.988856987590879 2.32974452241967 2.4708246085611
Sundamys_muelleri -5.8845531961683 -10.9842401670917 -15.6070499047475 -7.41346115986662 -1.20595685082082 -0.754430164904853 2.33774578878136 -3.14999246224774 1.50145104194536
Sundasciurus_juvencus 30.3587611057709 -22.0737889251272 1.86337848719245 -12.6270602905548 1.95967299719146 6.64388760281066 -6.9207808863418 2.22782894422508 0.901696037570933
Sus_scrofa -14.2713791615385 -24.1301820781668 -21.5405359124959 7.26155696510282 -11.9372821279911 -23.9421826389354 -2.55056506261906 -4.19718905652552 6.46840413082186
Sylvilagus_bachmani 20.3605436663864 -40.3327898953146 -31.104486987105 -13.6436401138983 5.32316312477333 6.45136334175067 5.19366638197393 -3.90525266071406 -7.54315658773665
Tachyglossus_aculeatus 43.8311137135489 49.6410651938227 7.39572794244568 -12.4845556849817 -8.8094163531332 -7.80046622153572 0.95522225501092 12.2145260098728 0.33866354621346
Tachyoryctes_splendens -59.9156352173145 -9.13592291419353 -32.6720646003032 -9.60437099203145 2.51147339285808 6.30120513401643 -1.13509702443172 3.37404991892253 -2.63916386132026
Tadarida_brasiliensis 11.5140126321942 -58.5303629685526 -19.7469775168495 2.40809712882723 15.5702322752839 13.606859536993 27.3042557145417 -9.07995531397551 2.59400418405823
Talpa_europaea 83.0853543909631 2.94911254361123 14.0754776934117 -17.2781818261689 13.5404760042203 -8.62998194593449 0.0604282146582886 10.3629362944957 -13.5598924769533
Tamandua_sp -9.00347751686773 -3.91090671253848 0.497195408228663 -17.0014698381159 -2.35855148655187 3.5432776379553 -0.832437224915208 -5.94297112786174 -6.691013702191
Tamias_striatus 18.8514148479471 -16.351250365131 -6.53387429314369 3.60295882287749 -7.00497400797473 1.45145369462731 -1.49311958157947 1.63229107660995 -8.4198434177341
Taphozous_melanopogon -8.36592485509781 -26.4153571653911 3.71534539613064 -15.4692094313863 18.5144577122517 10.0223358803741 20.8643870813058 4.24751022131641 10.9643093383979
Tapirus_terrestris -58.502977175858 -71.8706319901597 6.53838970610632 -10.121027893872 -6.80659380637476 -9.78398970439892 -9.78553755618125 -4.01150800568889 0.00912047013677977
Tarsipes_rostratus -4.02908938644238 0.31350631411137 -16.5456351156795 1.2013417737222 2.16959170990193 4.63204229268801 9.95676467641166 6.16336836103061 -8.50963722030577
Tarsius_tarsier 99.9841249543206 -3.64468955328205 -8.38992055023313 -38.3523463540389 3.06546708676954 -6.50564688986067 -1.83896539266966 1.03801770453264 7.42717247926519
Tayassu_pecari -2.93353289577601 -22.2905402459845 -11.5157795179355 -0.489638983965029 -6.47485676686753 -9.98453096648614 -6.04864025258753 -2.47505606095872 3.15253278980793
Tenrec_ecaudatus -21.3633357495657 -14.3866645997671 -26.7911323273864 15.6629288572224 16.2092935286371 -14.6846557348518 7.14767402223927 11.9911926288467 -0.0536920083850617
Thalassocnus_natans 52.1758496549095 -14.4125633745916 25.8804991498205 0.825079695171378 -0.693338725194628 -13.0264536976765 7.36144796194223 -11.3496748227989 -1.51560429335375
Theropithecus_gelada 101.907030923453 0.864313033084305 -16.4412556970933 -42.5464504294648 -0.76794086525707 -13.8203714028822 -10.4024457720458 5.41014869259769 -1.18044605547773
Thryonomys_swinderianus -36.5551253336589 -26.2606463836921 -19.5055689574554 -9.55524234477796 4.82839454467036 -0.0730130361448735 2.15111305348829 -2.68439381451959 1.03565412452921
Thylacinus_cynocephalus -22.195005203715 -13.6874317440715 -1.59924485808333 -12.6899107575617 5.52338726355144 -4.64583316313215 -2.41825564511001 0.328753586896799 -6.63796561951028
Thylacoleo_carnifex 13.8822451406498 -21.9974904843315 9.94574858399046 -5.85048505331462 5.32089075941709 4.10584201965848 -14.0530350311323 7.19267536939255 -5.45565344465698
Thylogale_stigmatica 9.1960300261706 -10.046724982612 -18.7785384966601 -9.0298653515875 11.1392328813313 0.563564151548193 -0.583888819912141 -3.91502850266326 -5.07795773396985
Thyroptera_tricolor 48.3538571786017 -24.51226516067 -5.92349875182604 -25.7135292299643 21.6509815578669 1.39849857949048 7.40148317544514 -2.78675695879068 16.343715564242
Titanoides_primaevus -102.425139198523 22.0117682699378 22.153480895672 8.97011818798303 9.49861935285388 -20.7527539799743 22.0984302325203 2.53588306416564 4.05232494181294
Tomopeas_ravus 25.9022759352345 -44.3287201346235 -6.57173146329135 -8.53938057178731 7.43963831750174 6.25854867771531 25.8378456614669 -3.21969086779721 11.0749995403056
Tragelaphus_scriptus 5.78630884033559 -32.1444700635354 -9.69189651561554 -21.5261525584567 -2.23970741060352 -5.22893899865534 -2.01997458846705 -6.35475914374907 1.72745956151955
Trichechus_senegalensis 5.23365265214057 -28.4540653624553 9.02131568614803 -28.6462325591844 1.59164894583315 -3.76106021820364 -4.00374870841728 2.87761937345408 4.97749645518818
Trichosurus_vulpecula -12.1028659608431 -12.2813297449354 -3.63566164906231 -10.5551044953095 7.71460406555025 -4.4002782322966 0.053690197614503 0.841434651602791 -0.638253504602337
Trinomys_iheringi 24.4472139058981 -32.2509780188014 -6.80846708641702 -17.4846961599961 6.3067855491919 9.43536908463312 6.20143286104352 -10.4878483582275 0.954569605510614
Trogosus_hillsii -48.490825128262 -25.9647682266787 36.461119766182 -4.19280527063773 0.00854077908657743 3.64212377377067 -11.5274011502842 -6.43984728028568 2.72646101348713
Tupaia_belangeri 15.7425063347464 -15.100157257684 -8.0529304517198 -9.25274023894995 2.44081872175196 -4.08958790055421 0.296808830312141 -0.151793079140097 -8.100475652778
Tylomys_nudicaudus 12.6505589999392 -13.6547450696268 -6.67968764931032 -20.083249042756 15.4459740238548 7.23763472533308 6.29888522535111 -5.38509957078865 1.46377270389338
Typotheriopsis_sp -73.1719442504683 -41.2181950638954 -36.9481817995962 -3.59130389688546 11.7441713151999 -10.087910918571 5.09433734806961 -12.4822572858642 14.793503216608
Uintatherium_anceps -72.6290274582812 -42.4165575028109 -2.68472118727695 85.0063874304302 -18.4147044928908 -9.1476985089301 26.0853098079902 6.51036176582288 7.48886215335938
Urocitellus_columbianus 2.07026692146502 -15.8688240050834 -12.5259758862769 -8.26619035192041 -7.21638405169127 -1.97439744309662 -4.22107956558183 4.26649904821076 1.1439701273081
Urocyon_littoralis 30.8866249037055 9.54387192616487 3.58084058050398 -26.197910827909 -12.6414381344751 -10.5377281623741 -15.0022161354668 1.23129589709087 -6.43098286255556
Uromys_caudimaculatus -3.53418729893993 -4.87043732360841 -11.7811119267972 -4.12231108248947 8.67646036425545 -0.827209127708765 -7.54356096165568 2.057696720234 -0.933005400504788
Uropsilus_gracilis 121.217270184508 -18.617751669455 -6.12943959234225 18.7449116554667 13.0439485988126 -6.20376816654449 11.5550814175661 3.86483710711755 -15.0458287194262
Ursus_arctos -15.3545825983745 26.2714084159358 18.9332825300513 -4.85010314572625 6.26117150723693 15.5928385884566 -19.022103164545 -2.06418533068662 -1.47384631425124
Ustatochoerus_profectus -43.7535197896604 -8.19614649976433 -7.07785486972797 -38.723588486247 0.10268948125633 1.20624680531619 -6.78522907867176 -5.94929169675989 6.44914358981144
Vampyrum_spectrum 15.4267898625611 -2.13927366621748 16.881031317665 -14.5847815298303 12.686233878404 -19.3504260930064 2.75271467425336 2.78168960574972 3.32216830541856
Vandeleuria_oleracea 22.1661643281513 -8.05950155244544 -12.4878715452172 -6.97403282596551 2.77574391364316 0.330119266971373 13.3216955921161 0.0939057198027902 -4.29458059664279
Varecia_variegata 52.2186161148855 -8.0892213606002 1.60223552071263 -25.8966560291184 -9.08572816104576 -2.01214955204444 -0.149702512071573 -1.03561153208715 -4.06762683369662
Vombatus_ursinus 6.9906912559729 -15.0978016805489 -10.1461040381543 2.30442932789431 6.95594327996335 -5.96234232912443 -3.52200516432948 7.01013900076044 -3.02887010833389
Vulpes_lagopus 30.6750621771262 17.9112800380441 18.2314153741 -16.3572580778076 -2.48887766002898 -13.3439300719573 -24.0252382159674 2.18892616006452 -9.52530841137788
Wallabia_bicolor 23.4407321686786 -15.5073011055182 -5.0111490539861 -4.95459028284259 2.87195264309847 8.89834715998031 -5.57513290569506 -1.0751026687583 -2.63397495402302
Yalkaparidon_coheni 30.5915688812505 -21.0838919504735 -11.5824491858509 22.9184271924886 2.05282998937814 -2.50973280852275 4.82664348892039 7.98344879210807 -3.42303829716316
Zaglossus_bartoni 68.4824310662326 53.4542087508668 15.5069167625421 14.6523875583645 -1.43662191529148 -14.7964607153446 -5.46012533889961 15.7556752204673 -4.20071057146866
Zalophus_californianus 38.9420182222188 92.088664300789 34.7968233647099 15.8696350488392 -24.352761971072 7.52747296405964 -19.1810011400235 -11.2887758542994 0.252003064161185
Zapus_hudsonius 21.7595203789971 -22.1095507401172 -17.2293561737016 7.27269806441602 15.0661180033159 3.28631669709436 8.73618843126627 -1.21183727124113 -4.94595938656922
Zenkerella_insignis 4.16932936027394 -19.9230457325978 -13.4686004136764 -12.2538869146689 3.12634859583283 -0.730197244164323 -1.00832775800914 -4.61379179367621 2.13860508620585
Zodiolestes_daimonedlixensis 10.5258238310068 41.1115577905858 16.7559046341701 -13.7956970155185 -18.6216700308191 -5.62522343439914 -4.31193068527023 0.515712557178618 -2.08225266815146
Zygodontomys_brevicauda 18.6345349660023 -5.42529050997462 -4.84449051530945 0.998432356328132 -3.88065243257914 5.24751927718757 2.83226557083138 -5.72367141756043 -8.08731279059968
Zygomaturus_trilobus 21.1651356452861 -1.36691207230863 15.036630790238 25.432689702053 -10.1566852809172 11.6593465280941 -20.7866633168566 -1.08627783579429 1.55028514629991
