Abrocoma_cinerea -57.9051289047122 -25.8327067499906 16.0047148793688 5.43917225921925 -2.83990454115908 -27.6885561999609 5.11031185509513 0.806814696358711 -1.29878218156043 9.82630722462967
Abrothrix_olivacea 13.7624251074907 -11.3923578015491 -14.7359334558119 -4.82622932827029 9.17541851172783 20.1806304399882 -0.812908548812093 10.8730095239683 9.28065731817414 11.1615779089547
Acinonyx_jubatus 9.46215832699314 2.99226436193983 16.82554389893 26.2576670998205 32.9116236219063 2.74359608145542 -11.40775250763 -11.4099610069592 -6.07780006274335 -3.15220229714018
Acomys_cahirinus -0.617015717673009 -21.7138454113802 2.1292288854738 4.18846165031469 7.09734126507489 1.1117933594418 3.25988895568818 19.9264472225354 1.40245397734787 3.54857031088109
Acrobates_pygmaeus 34.5938179914749 -28.7254197260572 -4.55043836521388 22.8488158044321 -23.2489653939138 0.55936801405528 29.5908913593981 -0.284188302160539 6.79768780705483 4.53698103823766
Adapis_parisiensis -29.2006664648043 -22.5190308923926 6.48541146793065 20.3782930281257 9.54172457122839 9.01253133255339 -10.5891614799561 -2.83631192893376 -4.64243946134505 11.3958845434768
Adinotherium_ovinum -66.7955058377398 13.0522833506119 -22.2855399354535 -0.123025495216598 14.0171257889678 -8.61685968534113 2.90132291136647 4.26947259868152 7.24786773624021 12.355724890921
Aenocyon_dirus -24.5690860992964 16.7895982576017 -1.73453068466489 20.3555314141828 25.7945207259967 10.2517367186336 -24.0323316608946 -13.5593838879073 1.37280735069722 4.50267443690122
Aepeomys_lugens 20.8259470431296 -10.48768450984 -0.0305910040991369 4.25440968857487 8.49791856616313 17.2741822005981 2.48019855094405 13.2322536417098 2.92853889013654 8.87395503293547
Aethalops_alecto -6.86216758404511 -9.88420539440746 -5.41560841965756 9.11549017421369 19.642247819658 -13.773108771488 -1.69767411727966 8.32521321064157 1.44238672411521 5.95024907175327
Agriochoerus_sp -6.47717895000899 -8.87528995459111 40.5511750559201 -14.1164104548187 8.03760304618623 -15.1109379418006 -8.35102742023932 -1.22058083253719 -10.1817159819389 -0.622343732050852
Ailuropoda_melanoleuca 10.1093653147409 9.01145384332713 7.95545138210526 18.5361331750468 29.2205940311014 3.70698657509018 -5.27049732607688 6.44880022423152 -2.0593388997902 4.70759586017314
Ailurus_fulgens -10.640855223974 -9.81877563980668 21.3230946382453 39.0384937606994 17.7638962715767 9.04266969941207 -11.1665321922205 2.13685238825431 -3.25309913399928 8.04683148256565
Albacetus_salvifactus 72.747584731504 34.7662292261485 9.52090955317663 11.4504025702713 -20.9658878805556 -1.58304326132483 -15.8536178170407 -2.4426843786678 -0.0670589027649032 -0.8204366348137
Alcelaphus_buselaphus -9.32974790441981 22.9904862573014 -18.420484605165 20.5698389685009 28.0400694920436 -22.6667439601509 -3.77100318186184 -0.192067947393188 -1.20452306310332 -2.79546810625017
Alces_alces -43.6491954679323 17.7665230845096 -0.360160191752864 24.7268188559976 21.292824869193 24.6922517443505 -12.3425476268804 -7.51814494900137 -11.1052915700905 3.78736324609868
Alouatta_palliata -9.30645112056271 13.4254365447231 3.03727273776631 51.8669591084762 26.3543738988203 25.8028308054443 -20.9332678858589 -7.3577112320581 5.52668056371626 5.45002551650991
Alticola_argentatus -5.05239681972524 -14.7112706630216 -4.01480889849219 2.50046659896051 -8.20161134430986 8.60117166640051 -12.9840640906163 2.70868179144602 3.56879456579407 5.90973071270933
Amblysomus_hottentotus 43.5528408326161 49.1593471044015 -11.2619347373583 -4.1015719881456 3.68534301244301 -0.505507449826799 14.2555194392991 15.1615767975955 7.5214680522951 -0.674486380778107
Amynodon_advenus -57.1380487318759 -1.33404783350357 12.4100975464883 1.22975371031687 -3.13491799716143 -31.6302875030583 -12.6805238245432 2.38074636104541 -4.96927211356975 10.8345065129087
Anomalurus_beecrofti -34.7055222193349 -18.3715163256724 11.8229050381589 18.8228661173115 -0.517249409144742 0.253172913336505 -7.20140846344804 -8.39292515624826 -0.310493578881993 8.03327835216191
Anoplotherium_sp -34.5570104296986 -6.54118433608535 19.8359903819213 -20.568744428584 9.24657455326018 -20.6495263531251 -13.8422975725715 -4.15090076893419 0.63974106182604 4.84886622872958
Anotomys_leander 29.8313012684892 -9.41695074945847 -2.08199858447735 0.521801655335186 -0.541459713007673 23.1984414316538 -12.3524928822471 2.35546927367279 -1.57627425301074 4.8843224634514
Anoura_geoffroyi -26.3507542117565 -9.02839000549825 -20.7631206763939 -11.6621077680523 57.0917551683986 -4.75415900181744 75.3232821291284 -8.2097352287186 -3.16286156632965 23.5153730364133
Anourosorex_squamipes 37.8289260618814 18.0284250207908 -33.7032664421842 -14.6234059232888 -1.98050245217441 10.2954116378147 3.33605995416339 22.6412895711136 1.79948331661444 -1.71784275833766
Antechinus_flavipes 14.9076770095948 -7.56720591840307 -13.344365365516 -4.84097632104069 -8.48772858489282 10.7065652844734 11.8460912983013 2.79644064793919 2.26090397063717 7.25509221832064
Antilocapra_americana -23.1150102546212 10.1249026397203 19.1951009264727 44.839118425626 40.0037725600587 0.1570151668845 -5.73601455585471 5.07371383262129 -12.3296463901598 2.00947063808523
Antrozous_pallidus 5.91717157858207 -44.5832827810724 2.8478955146865 -22.4503172942053 4.81282251569953 -17.330524501565 -1.99377939726009 20.5339618487162 2.34389301318123 3.49367446460504
Aotus_trivirgatus -1.84992927682836 28.45854238227 14.931205733465 33.9772892050297 33.2103891881485 34.7507600601661 -8.33714478993161 -17.078958966299 8.40169231722673 7.08759861219412
Aplodontia_rufa -4.37599320046851 -21.5988638748832 -12.9814808447007 0.94544260246349 -8.83099846023917 5.67863430245042 1.13281338302399 12.2600507011378 4.1538666182694 13.3432766749822
Apterodon_macrognathus 30.7094950430206 -16.6529588513641 -1.16702794712012 -6.15326028065093 36.9488368064824 -19.9753363760755 1.43721444947874 -11.3781134620978 -12.0510851363846 4.61117544107257
Archaeolemur_sp -13.6820558372055 7.51408618307031 -3.53065380993695 51.966639843303 7.38275896592433 7.05854558349594 -9.52383010526246 0.215096116286318 0.122472124632809 2.95459078202796
Archaeotherium_mortoni -47.3860536930572 -28.4817442971714 16.0436363200633 -10.0733253505424 -1.05897596793575 -8.50901012259168 -11.438741314315 -12.9662724037442 -7.41526830893059 12.9684114768182
Arctocyon_primaevus 6.96545043710952 -11.8009770171243 -21.6732401029841 -11.9624000711158 15.4024367889561 -11.702083408673 -19.889636903747 -5.15396999663614 0.319067867585682 10.1168071777582
Arctodus_simus 10.1488673034355 16.2883634589759 10.3718297386814 16.8181543744581 9.1564012705724 -14.7849790619566 -26.4920551225149 -5.80945517529084 -5.67968614917633 8.72901286048431
Argyrocetus_joaquinensis 63.1978342347619 45.2901194242269 -11.2485513666575 -12.7696872481785 -51.867243398383 26.8975545363314 -46.1387187714899 -10.0045225566124 -17.1290314415922 8.39643840574946
Artibeus_planirostris 49.4095957552126 -37.8342029654145 5.21110961523814 12.9473121328599 7.76368150587168 4.55630989583722 4.75307105848449 11.8654875996429 -7.34869812719388 13.9284628237759
Arvicola_scherman -8.15858317341925 -4.95341116420511 -18.8351868412685 -9.84848096489918 -12.0888820704197 9.86882353186162 -5.58324990774733 -0.584389878066587 9.29023862224189 13.2669693957031
Asellia_tridens 5.42104569448592 -43.2350659694195 14.1908747415427 3.51332530704254 9.29362739311283 -25.0012158544793 10.259443855142 14.6180581873265 -7.03412586657044 -1.34263592044968
Ateles_geoffroyi -7.17966184809029 39.3234060425636 8.07273594647294 60.2581314151362 17.0459925136372 24.6743719453614 -13.9539472524272 -2.51168227225696 9.40943794833572 -7.17376289273504
Aulophyseter_morricei 57.81103187708 82.9868040064534 -17.4525602183468 -11.4421052416423 -84.0887534445098 17.5512262885366 -19.5653008362099 -3.88138436972117 -13.9700578496244 3.30704052410119
Australopithecus_africanus 8.20494537255535 30.8520326337173 2.32271935087976 67.1789356140237 13.454681698503 1.59249896011842 -20.8055226464223 -7.68189491743931 11.5990696339671 4.18434630158971
Babakotia_radofilai -29.9623659883837 -1.44024169490348 2.95316311968462 42.406300206113 10.8983865393223 12.8404981245198 -20.1739453194755 -7.91196293603287 2.24467513905386 6.34599594002892
Baiomys_taylori 5.20222305356179 -13.6857275953081 -3.9058956780371 -2.04269286594885 -0.835551822255698 7.78662915936966 -6.63511464183041 8.71264990978561 2.39539938614726 4.41866133777624
Balbaroo_nalima -17.1394064440134 -23.2589055724699 3.23233620313502 8.92425694025784 6.60806554224999 -1.30287026017722 -7.55780123807898 3.82897380919832 -0.495010432549522 5.23836473866392
Barinya_wangala 2.12858520553758 -12.3995957194907 -5.73357749807851 -13.0907704608701 7.86824166942659 -0.371436703409983 -6.22253452481665 5.76998447246151 -2.86068042982897 6.66528927216365
Barylambda_schmidti 63.482308074732 -37.1751853232041 15.6586705751579 -16.4697049847812 -14.2433088171325 -8.00200532018727 15.4006431948804 -18.5218755032202 1.97735766013055 19.8347487395821
Bathyergus_suillus -13.9686070743763 -34.7889007329594 -27.1489718266989 -9.29328109297573 -4.57384009031973 -2.3708811599741 -1.91542414572698 5.43817497694979 8.24075855931501 16.136537041384
Batomys_salomonseni 6.09318964475463 -10.9003907987902 -1.78411714178964 7.58803234271708 -2.88123309841646 10.2799160960063 -7.29221188001563 2.27249897034514 -0.243850690842855 7.6507413177409
Beamys_hindei -9.26269807554244 -17.4497438651546 -0.261603451945843 6.95444697795637 4.1992398807128 -3.02947705604662 -2.70780291278359 14.0516950171988 4.57762102692 7.53294385702826
Berylmys_bowersi 7.62403773600557 -17.0437087791466 -0.810336916051906 3.24132653122886 5.75928494698641 3.03200811932604 -7.07082982163223 10.2015255564857 3.59622977758968 5.6570270107687
Bettongia_penicillata 46.4035210017091 118.247208852843 51.455802408005 -23.9518915668423 69.955332536213 -42.143484016907 4.22532913804684 4.50057494201535 -30.5511699631535 45.0410112409381
Bison_bison -8.03602986678293 35.4675494445335 -0.239722238757946 16.6671471886433 26.7744962301969 -5.13335449168999 -8.37664617708144 -3.69251314056682 4.64185523931567 0.737014306187492
Blarina_brevicauda 36.7104818204159 30.1231659457936 -42.2664628676031 -17.7377023910306 -6.84107458219605 12.5611386525393 2.16892116702355 23.6422819938185 1.25746729598327 -1.82640955450969
Blarinella_quadraticauda 27.4548081139975 16.4749710691186 -39.4057286532286 -21.0998656377146 -10.3155975311932 16.863579086953 2.88221201471812 8.83639256334442 -5.79732291450024 -0.0881785617951185
Borhyaena_tuberata -17.3068803446331 -11.2099725304526 -18.8939436816239 -2.14969011842032 24.7742502705098 -11.863802650111 -0.764830142741904 3.90773895345258 -10.3242353117741 5.70180684358521
Bradypus_tridactylus 16.8097974589969 10.7425549329581 24.7417492698568 14.934431645701 10.3724285608151 -13.3413009567109 -1.47741184620341 -0.781304148387095 -7.60368530845835 -1.06497338040633
Caenolestes_fuliginosus 17.0662650016345 -9.06270606354708 -18.2972009352916 -10.9114546438314 7.41485647154097 12.639722968693 10.0429159261496 17.5848550943772 5.76587790001366 9.50364337067174
Caenomeryx_filholi -54.3967744985702 -16.0704098024663 14.1123772596745 26.7567250719517 12.4600898607523 -4.15403196081536 -1.84893724306534 -5.86639099478787 -5.22017640196187 7.2566939914753
Callosciurus_notatus -21.9601655808638 -21.3721824060641 3.79393730002642 30.3377675872245 9.19696138591615 0.287077157233256 -6.99175076428712 4.06631699546255 4.31944254642799 10.1495690882015
Calomys_laucha 10.4490654571409 -23.9064930514249 -9.5908701552556 2.03871230475204 10.5214750930567 10.9609108491447 -2.55967074872544 6.41684348639826 8.94397970569477 11.1195753792745
Calomyscus_bailwardi 0.503137908011967 -19.6326916467874 -7.54213719562158 -0.974804903434817 1.13415730800873 12.3273905810192 -6.72009473018413 3.48755070955977 4.87156351516518 6.98007148578894
Caluromys_philander -2.83592036501639 -7.41987146673951 -5.71087124553007 6.51648836685705 -1.55812930399436 12.2752942040377 -6.89081520962987 -0.07812669982002 -0.773823851284085 -1.49937110750996
Caperea_marginata 40.7933943058493 37.7810308600543 -18.4820576705488 6.40723918051665 -46.7571378592585 9.29739358081532 -24.1327321094567 -6.14136718888729 -3.7938959516569 -6.42032529152932
Capreolus_capreolus -37.397168691532 14.2038147383431 22.7681252916395 45.2537125034794 20.9065875602959 5.89838605274304 4.30717167591926 3.36473317689668 -4.65094705598442 -4.35323729986555
Capromys_pilorides -18.6112248161756 -34.5015958592232 -3.58456739907597 -0.394352069420969 -10.1176404587963 7.29184397933695 -6.47261456227698 2.07890614063148 -1.84602728467714 2.46047585271657
Carpocyon_webbi -7.06717268485904 -9.48115385090302 3.4186753211995 20.8333988063327 26.4176886884981 5.24753782127292 -16.8237933509983 -7.8657774337351 5.12758346030116 8.80878614928793
Castor_canadensis -16.9364372147708 -14.560473054527 -7.14252616378172 18.6262195643179 8.60854362881707 2.82784953389597 -12.7855071152405 -1.41254392613908 0.134807898286263 12.9154176130012
Catonyx_tarijensis 34.3689162941535 -36.5406714926369 -2.89770721382845 20.0989776150916 11.4636655763583 -10.5103352101625 -2.53542677633389 10.3023111945745 0.606197427993044 6.98525914993019
Cavia_porcellus -60.1196345233473 -25.600771929824 16.5632413269328 21.6070564941133 7.62186410813782 10.4032909407395 -10.3094984861317 -3.19078245555608 -0.619040913894309 9.3577521340183
Cebochoerus_lacustris -24.1268636436564 -4.77813983843772 29.241901365005 -22.9610279939818 7.04262897896007 -17.6469341161181 -12.3084976589159 7.8904139940222 0.369639148950301 1.30137835409692
Cedromus_wilsoni -41.9356850057568 -31.1205844086341 10.864668924203 17.5992970622422 7.65095718250636 4.47899702330784 -9.18416198064325 -3.25535632332856 4.68132963076852 8.02667181951011
Cephalophus_leucogaster -32.9341593026895 -2.12297734064772 2.02671443808771 25.1162787273884 16.4280752935576 5.68629996674769 -7.63081095467764 5.25426965480961 -6.29304837748602 -1.72104793384651
Ceratotherium_simum -52.8044493226073 0.82231878696247 -8.97182220647787 16.4688007554225 5.5071021986352 -4.48019716579222 -5.5949415282352 -5.59962259375962 -0.0234364610611804 7.54238413802878
Cercartetus_concinnus 3.58729389442046 -21.4004744166668 -8.6894869390402 -1.19961773371444 -4.75522506734451 -5.46089664438423 2.10693149121542 2.79492734855642 1.84841065236735 6.6506649083078
Cercopithecus_ascanius -3.55168065187891 27.0807577330634 -14.5040069672942 37.8901981947526 22.0234369709142 15.5594403794153 -19.7835308584571 -6.24249183186577 6.12198052416327 5.79598728383808
Cerdocyon_thous -3.61102279284055 11.8057880674533 9.91988553197884 28.0455645821807 25.7943223310832 5.03872498474443 -17.2711741611905 1.80531770229638 -3.70538608542804 0.640131420433942
Chadronia_margaretae 8.12475337641498 -5.93459979441489 7.28877837297953 4.72360872506458 9.40982391238125 11.6521994062272 -1.79417889213186 9.00735261625587 -9.38717248445884 5.78568610914462
Chaeropus_ecaudatus -30.8516360087733 -5.33715347510323 -17.8362630713255 5.9544236978409 11.2215847363826 2.68162625743846 0.641021697953152 18.1420660334425 8.26405320250326 8.3715043465634
Chaetodipus_penicillatus -55.4878135219318 -19.4909494706296 -14.0851194090339 7.95721024979599 1.69989072043748 -9.85028500487544 6.8471993738793 6.18226082709262 10.7874925770635 15.6739524323957
Cheirogaleus_medius -4.64997751331533 -5.55746369347263 3.17478447589317 26.7619397766013 9.08667697906484 19.5000854694384 -8.51216701019769 -3.2028656379502 3.40423190248671 8.92534877186598
Chibchanomys_trichotis 20.6660580669256 -15.6380662577555 3.67534275432961 3.92569462336004 2.11813148422736 19.3197637478254 -12.5964277050286 9.46997062279211 1.25542993513384 2.39168759952608
Chinchilla_lanigera -90.769826797337 -15.8650430204668 -0.896306925657655 37.1771708620992 13.6986696327824 -10.4700955499515 4.43946923164972 -1.14126890530641 -11.8270727568292 7.35791013398993
Chlamyphorus_truncatus 66.0323593021884 37.8469292584889 -25.4047612497913 -4.6945458724611 0.364070683432865 19.4538905240467 6.20538658073065 35.3889635023296 -3.47735887013808 -2.36371555364069
Chlorocebus_aethiops -8.55302304847762 31.4572511804352 -12.8822848847944 38.7173329887847 17.9097838282396 14.6369731727688 -22.3034759693345 -11.5476014319025 6.72941543838162 3.57791694199646
Choloepus_hoffmanni -3.76660480494015 -4.67125100166939 -24.5070454095304 18.1058278988397 -0.0387313524482442 -16.7584175861912 1.31793795105485 1.00256213080877 2.47556316779589 6.31459166995511
Chrysochloris_asiatica 37.1521332595045 51.7652057682467 -28.5499181879489 -14.5505416423062 -3.73440283496048 4.13177266402776 14.3729307372413 15.9816606107753 8.49110641036175 -3.57335579720589
Civettictis_civetta -16.3610227487066 -6.21994699583273 20.3180285107697 9.5327719127437 28.6896730707503 0.447321484604962 -21.2494463153823 -11.4428616589718 -5.38073568285774 8.40932176132462
Clethrionomys_glareolus -3.15700061307651 -7.58499923349263 -2.80982650059046 1.65885837511467 -13.201327093737 5.95471265630084 -11.6755905073124 3.17649516184311 4.14540027557479 5.79141100479815
Colobus_angolensis -5.74765807134164 24.1013374435995 -4.16562764256555 51.4430989634315 24.808401024455 31.3052507549731 -12.9630478384564 -10.0487689449709 3.31158992020883 0.359897593952684
Condylura_cristata 11.7559873259499 -6.73655723067824 0.0717556620131458 4.48405271306901 -2.42401460485972 19.8309712596688 10.2998211081991 -1.57459668228799 0.74969680368941 -0.889689753775137
Cormohipparion_occidentale -39.5930220858995 -4.74428222823489 6.4025169587506 19.943875379703 29.507272337572 15.2775129181362 -11.6889259741536 3.8567889056058 -0.0894242140477126 9.76966204175966
Craseonycteris_thonglongyai 50.1643582283436 -49.9635068335927 14.0448355132223 0.702086190558679 9.93992983270358 -17.1559163158976 17.9314797326057 27.406422400818 -12.3252324419152 -0.359974917428596
Cricetomys_gambianus -5.75007819169815 -27.0999477696698 -4.09650707049722 1.31461289896574 5.34660860867461 2.50405976493851 -8.12013242020524 18.2491040001512 5.21640697085682 6.57146310790812
Cricetus_cricetus -3.39334378791454 -6.60538380839487 -23.8613148475282 -4.69934794734927 1.85378528471929 4.5642250472019 -13.7232452525078 6.62943087586001 5.08170646363934 11.5273793033756
Crocuta_crocuta 3.69859754636123 21.6399606689429 13.0437986443166 23.5737812159117 34.5976916508077 0.393375110199925 -15.8801444398448 -18.0172554836265 -4.37843298129432 4.93332360783787
Cryptoprocta_ferox 1.87406223304476 -8.88744918741182 21.5842261298384 17.3680152885923 14.3226394205204 15.142953428164 -17.1405807198059 -3.84794115802298 -1.82386351200884 5.34776104765964
Ctenodactylus_sp -34.8304750458127 -33.4838552229074 2.07896550252898 5.09268004698222 2.70237449940762 -20.654689976891 -5.75649342759954 5.14443110815536 4.37699975312161 5.63963233578666
Ctenomys_conoveri -32.7511398419614 -27.6045187231499 -21.8721679996457 -1.56757900595353 2.38268521684173 -2.36769774852999 7.84013542358856 -1.56730654000348 -6.22955110907806 8.45207660207666
Cuniculus_taczanowskii -35.2654596654976 -27.3781883278568 6.5526750078088 -2.59610593962881 1.72696201541464 5.10184342459582 -7.09538552969204 3.98607842816888 6.47874193330462 14.358496827351
Cyclopes_didactylus 14.234173291028 -18.7816635860442 0.996409733677044 10.3209994895183 -7.68690332350358 -2.85132258527483 -8.37955388432515 12.6316671771818 -1.26727960129121 5.09292928874182
Cynocephalus_volans 34.8948030536283 134.662338895303 63.2496417216033 -52.0504425071351 83.2568690982459 -69.165151842364 13.2227283733626 0.0396937867010006 -31.8389301571126 42.1847450285682
Cynodictis_cayluxi -15.5038295230736 -15.9850412713992 27.669548759966 -2.97734430059644 16.7110179849914 -6.78905994155297 -1.9371994087493 -16.0548964758809 -8.08362037577455 4.18373760344138
Cynohyaenodon_cayluxi -7.6866692973965 -16.0191040631142 20.2814148461488 -24.0544218338909 14.1415521909646 -21.1434800168897 -12.6371672123711 0.663372589940727 -7.00568923585373 6.81564577394392
Dactylomys_boliviensis -33.8970066075804 -40.6627087831853 16.0729878751059 14.3524753995184 4.4634580131011 -4.86193798106314 -11.8245964459701 4.86019781075865 -1.00054090875091 3.74816927382705
Dactylopsila_trivirgata -17.0214987690774 -8.5017148590119 -9.45682451500128 29.0773059053887 4.23322304016751 1.85442487241629 -13.5922800926463 1.88863662931339 -1.79571586026243 5.14386277098755
Dasyprocta_leporina -47.5523113049002 -23.5488088273719 10.2583950144856 17.4411962393647 20.7456772075753 14.6715129892331 -3.26764607404251 1.62222128701864 -2.05546147399681 15.1609171232377
Dasypus_novemcinctus 0.076422790608763 -15.6769070653175 -8.34714148169515 17.5147436630151 25.0377325108839 12.7039696518072 20.3017418948698 27.872062137795 -1.20826135255138 9.68801766140035
Dasyurus_hallucatus -13.9557986670364 -11.3731354268415 -16.0225277043994 5.46340121147847 12.4839986840554 9.22683946247985 -6.18056698110998 2.95673541297658 -2.93827601204728 7.86703131418101
Daubentonia_madagascariensis 0.274002594039081 1.81086722874471 12.6282982198269 49.4817739645553 22.5669990948098 14.5331513892859 -17.2954696728635 -6.27039398350559 11.1063342139421 12.3192902987389
Delphinus_delphis 80.211141255014 49.7416027054231 33.6515704232102 20.5947271518185 -9.43709366589443 -1.84483893756586 -15.361768769105 -14.7491191349685 11.6210404222826 -10.4779820878914
Dendrolagus_lumholtzi -24.8314145526456 -33.4703909532291 -0.284772101661826 23.8522205286287 11.4316496966765 5.75630728697746 -7.43411040210162 -3.3357525488141 -4.60307051415956 4.17084411043156
Dendromus_mesomelas 5.59915814571659 -20.1688405485398 -1.43270170764406 8.30244217551029 7.55602581174263 3.77171775187567 -6.59691505879148 -0.478043194260365 -2.46695794645001 9.39598940030241
Desmathyus_sp -42.0736840460966 10.3251401299718 11.0306655879869 30.0361245862082 -0.935377245386004 -25.8474356619899 3.61442474539832 2.57392324324499 -8.27621280741357 12.3256975731889
Desmodus_rotundus 41.8641188291205 -16.4919499829077 12.1662449764495 26.8939874392799 18.8542659869887 8.04933841515361 -1.67362608700911 7.25295099759744 -7.9845496898796 10.1653558376212
Dichobune_leporina -35.2450153356499 -35.0607605600656 18.5089439873882 6.21015988245467 21.7342906110652 -0.438645517908762 -10.4938484708471 6.57908730329619 -1.47934851664802 13.8227427363717
Dicrostonyx_richardsoni -7.69441504497212 -9.76989685763423 -9.58080064887897 2.28833244204943 -9.02785914177714 7.14184716563675 -9.3018221786331 0.284546135751986 7.9454301695519 13.1625328865682
Didelphis_virginiana -16.3615110272844 -5.88101163297062 -15.0956242231368 -12.3682771024537 11.0083288890867 4.1890957162201 -2.84956119202189 4.57091719620149 -6.95489602734034 8.13501841339876
Dinomys_branickii -27.8174779676339 -26.7549159165501 -2.23520449795513 34.0892314928914 18.3203901859242 14.3234477030794 -8.41416231017912 7.19350640164345 -0.554243982022463 14.3975096250075
Diprotodon_optatum 43.5518163659495 -6.15773484499857 -25.2407495522497 -2.29465336626092 23.2496189453655 -20.2266034295128 -0.646122071296148 13.6361323874154 -1.05361620217908 3.62371425701512
Distoechurus_pennatus -6.62164640814089 -18.8433965181747 -23.5948467072892 10.6917682147136 -2.29042589027165 2.2956291853574 16.15395235662 -2.59204250941404 -6.82392746265803 6.16579205331704
Dromiciops_gliroides 18.9679621653756 -16.6488330504631 -5.53454331196731 6.68707969900035 0.197972797716266 7.95590074296483 7.49754327325077 7.05863703104361 -3.92365733790148 5.84665783632319
Dugong_dugon 5.60936966611692 -32.2906918424727 -29.8003226165509 18.3814861060876 2.90905638398786 13.3244344802047 -1.18871177565776 -17.6993567232851 7.72104563965366 20.6591731158581
Dymecodon_pilirostris 38.3870374906153 35.2220634770516 1.72498123886049 23.9585132050194 -25.9786652707991 26.424449781795 13.2298617960935 -2.41828478044506 7.38533127580534 -5.91042402449723
Echimys_chrysurus -40.024002491181 -36.898166282773 5.9184290440366 23.5686444179894 23.2982134445807 -8.373949219363 -13.1519378958131 4.08032156505086 1.25280765893025 8.43286078815588
Echinops_telfairi 4.59942029759691 3.30654573151866 -33.1646457854369 -32.3588863855817 5.2633973466983 -0.940996446751748 4.55653350725061 11.1789241149206 5.68552376119907 6.55234260683516
Echymipera_kalubu 2.00305727840353 0.388598006731178 -21.0794009269431 2.7041231445683 11.8809770054742 2.18591891713756 15.4874471651366 20.183847802581 0.923328311584123 3.7435525776159
Ekaltadeta_ima -16.0600876170308 -25.6700216865051 -2.30601837702874 3.1838702014199 13.2996468815387 5.96458138890247 -9.78571584769887 -4.08713882572018 -7.48304949995514 7.81619892026364
Elephas_maximus 36.9436226704945 25.3331585026824 11.8160627138317 58.0684738325634 -5.12280225892537 -11.3063228289814 10.2444086351672 19.9646248671351 19.9467068243691 -10.6677192170762
Eliurus_webbi -2.00487734300731 -20.5330955268474 -0.199252071602495 1.92861662994233 -5.64379756204914 13.1314300050464 -12.075049526906 8.19720184784472 3.86974527412309 3.76009202698517
Ellobius_sp 6.16830076444423 3.73491918667592 -19.4689330460788 -5.81753496551435 -9.08283640040703 19.0729624375554 -9.82076625863992 5.51952352819723 12.1646831751937 11.568551420928
Enaliarctos_sp -29.3851239040014 20.3784011617546 -8.81521826324675 12.1486405885127 8.50583591149174 12.7820269532409 -26.8132515207727 -8.3015682048279 -4.94391198734024 6.25114977824438
Enhydra_lutris 32.4559572256682 25.4554235890811 12.5805126073742 17.7610311585756 14.4203440889813 33.0317058503486 -12.9302327427295 -7.7924626732566 7.42100711931139 -7.24973694373864
Eonycteris_robusta -1.17445505621404 -19.2268392733006 -4.06880855026054 7.63056747303569 14.3124827202795 -8.36647285842888 -6.49395332212996 10.3017344393629 0.809579005963491 7.53678756785274
Eptesicus_andinus 41.8337569974435 -43.2603215170223 -5.8781420872111 -37.3888112208369 -4.37522329213952 -1.17090057522127 7.14334627630268 22.3328900800966 2.15729255953791 2.82474043856343
Equus_quagga -53.3296783055761 25.8483685263814 9.80446112060508 30.6156822795965 15.8984201103653 -6.0346477547766 0.627023709482703 -1.01550081549407 -4.16115726543021 1.07351752917601
Erethizon_dorsatum -4.34950781318165 -38.0558392704707 5.4895880859762 14.8034660964196 4.33238955203415 -2.79479266809363 -6.73966687787201 2.60438930294031 0.411845370683852 16.0652229691469
Erinaceus_europaeus 18.1703006097278 -5.95538020514718 -30.6324758606445 2.31988818948518 -5.38838194470451 3.23053244910979 13.9807029750526 2.44819352429454 7.97863935480073 21.2352111669419
Erophylla_bombifrons 24.5235259038339 -31.2154229308357 13.3393346554474 26.7149334207342 9.35770191983218 -3.05887591573617 6.94580657161808 6.13355012141076 -2.64861623644537 9.699146944976
Erythrocebus_patas -12.6857951851109 36.0125910572797 -5.14317984121928 39.5086732297703 31.1811869084548 7.23984952739023 -25.407647611319 -12.176088628264 6.08775712668831 4.02851256067441
Eulemur_macaco -14.5782704017238 3.48537508882975 4.30677454875983 39.1414368628135 19.8282114625842 18.1761283758983 -29.7017754838664 -7.272893124814 6.44624503712681 8.66849637816513
Euphractus_sexcinctus 22.0815939392787 -14.1167643647535 -0.706028446780314 24.2329738427363 0.285243512080697 1.18285777363839 2.38095687299168 18.764643056845 -5.65714709128616 18.6791485309091
Euryoryzomys_macconnelli -16.5282017083571 -18.9934193091755 3.98295621006436 2.54838410339811 9.10909981376011 -4.44597091458259 -7.29252110411916 9.29296498398439 2.2293502640477 8.62736340450309
Eusmilus_bidentatus 4.16133265179833 4.06783398202558 3.45872111956888 8.77215021888183 1.74996182274536 -6.5414558639091 -7.8038824220595 3.50827572556965 -0.774084649265671 8.50982308055288
Eutypomys_thompsoni -25.0688105084788 -27.7528271665347 -8.97281930549487 -11.3183410249916 4.01469935167873 2.5859186543371 -21.5835325572499 16.6055392602763 -1.25111882583736 8.03629519277649
Felis_lybica 1.90211353495727 -8.58071330081474 22.9877367873431 21.0051315944039 24.1757437252042 4.7649175460517 -7.83573265196798 -2.69228962923179 -2.59421091319567 1.87747871016826
Funambulus_pennantii -26.5612857519039 -19.475470660201 1.74043803210323 22.2199793676389 7.6509707049086 11.1468283396929 -10.4691529271506 -2.11691217754753 5.00954690670757 12.1141761195624
Furipterus_horrens 49.3112758489591 -51.0403684191476 19.1077361310797 -4.42693075215713 26.9570337288589 -3.06556716440975 21.1293586992702 34.1984506715604 -4.41270851300177 19.5653864485431
Galadi_speciosus -2.51319704465375 -12.662442704797 -28.8840335872894 -20.2009470912624 19.5883069539439 -0.737115430294336 12.6037329886587 11.8654496343099 3.90645753155171 9.08497355316942
Galago_senegalensis -16.3813465494745 6.66969360910937 6.55955815175569 54.0108633511597 27.8761468701776 21.2959325288338 -0.090817251984197 0.642295471970794 3.60073771675374 4.81332879701559
Galemys_pyrenaicus 36.5028288029016 18.0170902292054 -5.28017102509991 10.6450913304742 1.86323510430428 24.8900986048501 -3.18321048969087 5.98700419587337 -9.03516403266372 -1.79676539302671
Galidictis_fasciata 21.3146387738605 -6.24516690405713 19.0990667818841 22.476676500501 20.3504512916827 14.0692198398722 -15.9903898487492 -3.51635293287241 -4.36482444886648 7.56096252699026
Genetta_genetta -8.32546605283161 -9.92125446780117 29.914215845641 15.4332642443218 20.8310972884373 6.90779358630393 -17.0625077029266 -7.21199174213203 -8.9636497630917 4.87942402910216
Geocapromys_ingrahami -45.6373672164527 -36.0374119686827 0.379948387653674 4.77229488344653 5.79662314570962 -0.843614173159466 -4.42623664884487 7.02089586291307 -2.32702845898221 3.2424823462883
Geomys_pinetis -25.2299817825984 -19.6334898581995 -23.4269317162278 -5.70174567451166 14.4798112110282 2.34648789019735 -2.97059708238746 14.3723735808373 15.3609700191188 22.2851875022033
Gerbilliscus_afra -25.3956513859921 -15.9444885884736 -5.5340319563991 12.1221834363901 12.3827464348538 13.7679519285513 -6.50806149459383 12.1698985116937 6.50969168236549 7.07613389050043
Gerbillus_gerbillus -16.8907933934101 -10.5184520166563 -12.1138945017178 8.11695314565486 -1.75202504657669 4.24562970530715 -11.3227828037092 2.44356087864218 7.53560912706085 0.79790837225767
Giraffa_camelopardalis -40.9583278651882 3.59460379537802 16.8519262635182 28.1823930790955 18.5568526871481 1.05928392130953 -5.66056665298062 2.05665759874198 -0.547959776864352 -0.205857283715441
Glis_glis -10.4640438283842 -30.8863177266782 -8.35093510684373 9.53339124002407 -0.024888700797624 -0.172154449434957 -8.86646891545752 5.8579072092618 6.11778067198492 13.5654910928614
Glossophaga_soricina 34.7387715948117 -33.4477731726825 12.2764925717281 12.2388254226121 7.43441281119159 -15.3766599046244 13.1710240056903 13.533160544834 -7.30345135700369 7.30634108006732
Glossotherium_robustum 56.6158817204628 -4.39643264109601 21.130224947124 24.4885103531104 2.62964704356426 -28.9699905672819 4.82706496062166 -8.11681197413644 1.99971271916163 3.48905854164567
Glyphonycteris_sylvestris 43.2522801935527 -29.819644375534 29.0532767255948 8.0004053313024 10.5028304283312 -7.32408113063329 10.3321320121497 22.2296533271029 -10.5591158976188 -1.18238818325005
Glyptodon_sp 31.1495450661426 -24.1780066764207 -49.6517923544428 7.82065722023655 20.3234908181033 -21.4474329765683 4.4291410789768 2.5449058230784 -5.10888648824938 5.33963310608765
Gorilla_gorilla 25.0354801190217 28.2973186389825 -13.391942803992 65.2816485372467 31.2156755115898 -6.52171186570144 -20.497670069885 -7.2366186845283 15.0638069119118 6.46595894062811
Graphiurus_nagtglasii 7.38987982024187 -27.5883868647909 -2.29491614400402 17.0566999252458 7.44693285386828 5.46718125149463 -6.17511169542504 1.76117037701854 4.83392606602908 5.09096623112346
Gustafsonia_sp 1.05249352315768 -27.1268870097973 27.8913612360835 -11.379539681096 27.569480308107 -1.61730563662562 -9.68609824075843 -1.5664973263529 -9.17068585531548 5.823612516647
Halitherium_schinzi -1.11957122511395 -23.8684278023593 -20.6540268864921 36.1558466548144 -13.3265133957016 -35.8780802564014 -8.66974922163208 -4.82744459558285 -3.18166820493524 8.07955721720217
Hapalemur_griseus -18.1503198182925 -11.7777507110232 11.0590978363916 43.4243422961914 18.0706367930979 20.3460656122291 -16.2342175984596 -4.5124269570211 5.47533487088288 10.8938273857111
Hapalops_sp 0.4953938721304 -22.4521313882684 15.4552454093276 33.6505115619951 13.2070365604134 -17.3501925652056 3.48502565575569 13.4022180298014 -0.510727648536564 10.3680617079264
Heptodon_sp -61.0716105633221 -10.8040695203378 12.419240549186 -9.97609427305514 2.4262177751344 -0.177805783880877 1.19024921967727 -3.6546490432459 1.9285320955256 16.2295649337094
Herpestes_javanicus -20.6112012787379 7.84385543249242 22.5395026582603 12.1263442174976 12.6723183203095 23.3105003700783 -21.7069254163417 -7.99149365221153 -6.56080011942837 3.67708292616729
Hesperocyon_gregarius 30.2706499962144 -5.935089728202 -4.75770992848841 15.6676076151216 1.99948897194271 -0.672999007708409 -19.0300297550374 -31.1114980653864 6.69006286954033 14.999592737309
Heterocephalus_glaber -27.2467751067503 -22.4741976514925 -25.7656443798478 -14.4574095428264 10.6676207205447 4.40395533489668 -6.95227481445241 7.07048200844865 8.11384510929522 11.4588827966761
Heteromys_desmarestianus -13.9818525427381 -38.0946067498894 -0.92075563633942 0.0450157613391443 -14.4345803562808 -15.3012908565714 13.9530311630276 6.64174373114838 3.32667137137379 3.26303947547136
Hippopotamus_amphibius -0.184143700713361 10.3620969646458 -3.95473819458622 35.6573426511787 14.8853214306732 -14.8672508446819 0.855509411173408 -11.3620816101083 0.277398154560477 10.3093760141879
Hipposideros_turpis 14.9563118584611 -48.9817165730305 19.6368672266435 31.8513637790239 21.3966491868857 -20.548166213256 6.53496123485096 18.8431342148136 -12.8474863564404 5.50658954246144
Homalodotherium_cunninghami -29.6742086635823 -45.890818128235 11.1952323830953 33.332990519172 14.1255758579209 4.42348093331926 20.4797744577096 -14.0814337767396 4.20458140455359 18.0891912330789
Homo_sapiens 27.2996349558479 70.1565773012954 20.3602197669061 39.7268999992619 62.5723569343646 13.7296749710402 -22.4243764642358 -17.1716270767364 21.0561128651782 -7.77526087293868
Homotherium_serum -20.1218935170786 14.4011343203282 10.7864046882235 -4.08765992524104 19.6281136380457 -18.005995752711 -35.1579150663475 -11.9421123780391 -0.935715486482331 7.07499934260803
Hoplomys_gymnurus -31.4838124222173 -40.918463963723 2.93815633999657 25.485983247266 22.8802687785101 -0.851539920062679 3.66510928070878 19.5329240255527 0.463411113916449 10.2163540866524
Hsunycteris_thomasi 42.5377730264309 -32.6039983203886 12.841154633743 20.5245891096896 9.45764516624163 -6.15943441845302 11.1396264930423 8.70428351940832 -6.79578783561431 4.8561706778189
Hydrochoerus_hydrochaeris -64.9158858567948 8.32347374271593 2.82610833746084 10.6509237312751 -2.11261195651674 22.3979060408238 24.1690026664365 -0.587935398395582 -5.07345639136351 15.4559540376166
Hydromys_chrysogaster 31.2493761316438 -16.42328313632 -1.22530859473276 2.00932229388722 17.5821805257112 17.5340210864641 -9.39855911738427 13.7726646638228 -2.61356260810974 8.11409308625768
Hylobates_lar 16.497329653282 7.94615310463063 4.13558492082999 56.1110713185483 27.2681916349867 13.147077206559 -24.912473212084 -11.1499257515438 10.7747244589389 8.94517724070126
Hylopetes_spadiceus -33.4637825276008 -10.0803115086034 -4.7291735892204 29.3103582001769 7.14384288062043 10.4567261897031 -8.37716242126116 -7.06013223394579 6.27475694774496 11.3263356267039
Hypsiprymnodon_moschatus -2.64079958205952 -14.1284601916625 -1.29124764588877 13.6393536017405 9.20619605094863 3.5048034800065 -1.81018616402318 8.50510013418184 -2.67549873966492 3.96302566485687
Hyrachyus_modestus -58.2355022395479 -26.0603532204025 28.1293250132255 -16.6488026522855 2.39620733705945 -8.7243995824032 2.13202629445954 -3.78827488012573 -1.86545055690801 17.7186109482593
Hyracotherium_sp -16.1307474765308 -37.0548368593772 14.7399101951176 -26.7570823150614 24.0271749411657 -7.24164167377852 -4.10493718321062 -6.90947924408472 -7.36456580594649 8.24820303776914
Hystrix_indica -4.95152681148128 -28.9271047578618 3.52059807707438 25.8352485866701 8.13102969128487 3.56345255378611 -6.48290457089393 9.09972042008917 -0.336654506285741 12.3180753099315
Ignacius_graybullianus -26.822495867948 -24.3070131279174 -16.7559718582756 1.69005812002541 -2.97679736679407 -21.1108561823119 -5.50639822676504 6.61009319119109 0.213858754050744 -1.7580568684101
Inia_geoffrensis 74.6244545258925 27.9163342835768 16.8728599423892 16.1074259836721 -15.8820140733807 2.25570815665205 -19.2860780789887 -25.4260887544568 4.48047375787287 -1.9386695841094
Ischyromys_typus -20.3275573356378 -30.0762829275969 -12.4618138772598 -2.75575911201474 -1.28668268146849 -23.207016367153 -7.41516469403627 2.70471796725547 6.47168798507122 5.72807224663544
Isoodon_macrourus -28.4273762718992 -17.0211524321241 -12.2550372912293 -0.505661807594669 25.3795003078941 13.1974317804231 6.17858560453358 18.4683810841615 9.45735666456668 13.9718710992682
Isothrix_bistriata -49.2893986507622 -38.6224566598083 13.9444070817415 13.0453580943577 14.1821283156353 -8.76022812544241 -10.5598443771258 1.07632616323044 2.33318949680883 5.21830033324392
Jaculus_jaculus -83.0439126866676 -5.23461802389774 -5.71039989567212 16.410148810604 6.57767387814496 -12.3649441275254 11.8941783566799 2.48863796154454 0.628819796631805 14.1884404476043
Kerivoula_pellucida 49.0500802786798 -23.8714883929954 26.4186528520072 24.9195820789424 17.3382917018733 -3.46456164539046 12.7074764645214 26.8370046227644 -12.0516747536749 -1.75212850309644
Khirtharia_inflata -80.2076725898542 9.37092023404907 8.27803320610401 -38.0142582993196 13.802356187077 -3.45005294799147 -9.44681117160609 2.40214049835927 12.154696902712 2.47290172407667
Kogia_breviceps 45.557569692395 57.154997876454 16.0717330119377 20.7153768497552 -21.7262570170152 7.23336398457533 -11.3320608384017 -20.2567511622476 14.4373715793362 -13.2938750447327
Kryptobaatar_dashzevegi -28.5342825242184 -8.51928849226521 -9.41123761001022 -10.786330966287 -13.1458433342353 -12.5882855392092 11.554970749919 11.284564409861 -0.733180701273252 -3.75219347052849
Lagostomus_maximus -52.8976219447999 -21.4122300095814 -4.43834025268321 36.7999608642981 17.4960206853144 2.4952306515852 3.4270884328175 7.12619423179589 -9.96310852386506 5.37852155951618
Lama_glama -30.9154138254135 -5.47682859068425 11.2633013910866 31.9571234715346 27.2408113962518 5.07972949310444 -4.74462455575104 -0.469692573218061 -8.75753129283915 6.2859312825127
Laonastes_aenigmamus -24.5896140999012 -49.6445055049803 7.56296217196473 2.53076711543071 19.5518397809603 -18.5313880295537 1.19526464733176 15.577362406656 5.30760897485264 8.78667131429383
Lasiorhinus_latifrons -4.20053472315308 -14.1098688838258 -3.24720325502073 1.69754799908216 2.96961357778879 -0.469973722162512 -12.9106247351021 3.36768307507028 -4.70704081863145 10.5254183250986
Lasiurus_intermedius 40.3050498913627 -41.3665867638118 9.56582126091912 -27.4716860875937 -10.392367693472 1.12456034088586 5.29847894137347 31.5354805141532 -4.18742343608655 4.01917031989361
Lemmus_lemmus -19.335746262734 -21.6625518330852 -12.7436113550061 -4.95402061582292 1.18672081912894 -6.58955374260873 -3.27242641990098 -1.00857958754577 2.7577640551638 7.61748493095501
Lemur_catta -18.7306875556215 -2.65034580864599 20.6468862290348 43.1814900331384 21.1662338538022 23.4706768567529 -16.8289549766339 -7.76816107088474 4.15033654316196 7.47761569237237
Leontinia_gaudryi -11.4717294332994 -4.79078140098525 -15.0194562451197 16.4634485815031 -2.05281019076425 -14.6018675344173 17.7698701993082 -0.954683042933084 2.77835799755694 22.4457287459084
Lepilemur_mustelinus -27.1044407576081 -20.3257402757257 10.8890322685037 36.3980284349624 12.6028425650996 3.87627737697715 -9.48235544978372 0.152693048072319 6.01188013785759 11.8394031276779
Leporillus_conditor -21.909942150785 -18.2062365171807 7.94998271287951 7.49291825628548 5.11600712651627 9.42962849728585 -12.9733977462625 13.6149888232338 -1.17429351820377 8.39422571914468
Leptailurus_serval -14.0609959659231 -7.52746742227835 21.4622880717469 33.3468537264844 25.7062516857697 11.7216530738743 -11.3859594216875 -3.6996549696987 -2.33346938456822 6.36535628298424
Leptauchenia_sp -74.3958628639708 -13.2880787271082 -2.3562149377591 -3.99486667259547 10.8030525311623 -19.5416024462931 -0.828472123171912 0.334067676994564 8.75680967519884 11.9368483685315
Leptictis_sp -12.914430283124 -44.6725710388841 18.2777490937331 -16.0878588289991 21.5562907232167 -4.99554318349751 -8.43062363217414 17.5041817371305 8.82126305925113 6.63267581399011
Leptocyon_sp -9.25478568035773 -16.2978866611972 25.9700894522613 6.13948120316397 15.0017250189421 17.6269775655077 -21.0372258551165 -10.3981629315715 -11.381884499192 4.9680509082384
Lepus_europaeus -48.3775309604797 -25.6383406720154 15.3681932654125 24.3983348314315 30.3567828678047 6.31149980405937 -21.7256095072959 7.96550683525352 8.86765851420015 12.7214971795178
Lonchophylla_robusta 24.0142509782816 -37.7669118889805 13.3769904148299 16.8647579364741 10.3929455617073 -1.18481758668439 -1.2987529513707 8.39266526935097 -6.09275144346662 4.51914569020597
Lonchorhina_aurita 48.2790180419009 -55.6183171073636 2.78240172557134 -1.98611525654889 12.1017170459881 -10.5313278593768 20.7245865600194 18.4142877815361 -10.0535995311311 10.1042984892498
Lophocebus_albigena -10.1512519679416 33.4078732724153 -9.52806863445796 46.5202808748202 17.1269753007026 30.8149456843253 -16.781035472556 -12.0522668382914 6.59058179560439 -6.19117236676361
Lophostoma_brasiliense 45.2744152402119 -48.6434600855487 40.3499377373265 19.3482033011495 12.8059245519319 7.29589197324497 10.9929086418298 22.920110834868 -7.34723683598342 16.5407153756458
Lophuromys_sikapusi -3.55472628516599 -13.5307555928874 -0.212108766218958 7.96212606494282 10.1031877734545 -2.47286826314522 -6.56679029452074 14.3846286254599 4.25731802980185 6.86696061498702
Loris_tardigradus 7.1225606470306 39.2956549267003 -1.8943400780668 51.3866712711716 27.7090343876186 -2.56627926223914 -9.38007899014208 -3.53616088893296 7.62812184117031 4.18329628102993
Loxodonta_africana 2.00447976750393 -2.33683070718082 -17.590934033308 36.6589445501166 -8.96019866407766 -18.4798810043384 16.868769374661 10.9614219496366 11.1816217133968 3.25766041648168
Lycaon_pictus -12.7201152513775 30.8913687652911 4.13433693868265 29.092125623761 24.3670525982743 7.55840520000248 -18.4048241655406 -5.61516587695309 -2.42372868758965 2.60756411915593
Lynx_rufus -2.89747137754999 -10.4088973023466 18.0019497678307 29.0413164963093 25.2874163439309 15.9430656113887 -12.1020099326602 -5.86038695131486 -3.5322544267369 6.68008772842544
Macaca_fascicularis -16.1031823237376 35.6496179326403 -8.73594847530494 46.9433819068681 21.4553437248148 19.9261055129622 -21.6344535528525 -13.4598493355269 4.40600797943158 0.257719031685512
Macrophyllum_macrophyllum 32.1678059842519 -47.7990373024607 12.7096939217353 20.1087211361848 18.5563485537599 5.4917902203285 11.9838946993818 14.1369157807568 -4.67986199409896 11.7299479776951
Macropus_giganteus -53.8680846857027 -10.5635360425354 -9.19847208323481 19.3864961192623 13.7362276743343 11.1673518153706 -3.96581891986899 0.151547252921676 -1.89564391509905 3.93754607413789
Macrotarsomys_bastardi -12.1723417353165 -18.2167832992152 -6.44158321286217 -1.69007287722659 -2.48755751354302 16.7341018935255 -11.6442828218475 7.87565227859274 5.44579001538078 10.1866264199958
Macrotis_lagotis -36.0341057702119 -7.03606688382525 -11.771035715856 5.4918385098861 3.96455056211408 5.8126248433359 4.24031710702748 21.7019394236092 7.32351404185329 11.2058366541073
Macrotus_waterhousii 6.69122724331711 -51.9516747819092 14.7214367905317 25.5754385415835 27.5266474878239 -2.72268967185715 8.04330385473839 24.0200603725777 -7.65900952276228 12.3560106497633
Mandrillus_sphinx -2.94216623263998 33.2207060647409 -3.0090659601152 47.1897896883342 28.2900256709167 28.2347894878335 -14.7511338156016 -7.60377602901465 14.9714183433336 3.03855049799394
Manis_javanica 51.1303000317463 15.5838441866898 14.1506744451947 -14.2073968478237 6.31247286468437 -4.19421723804372 9.47541684245104 3.35867328534021 -5.2635197948146 0.49537495598126
Marmota_caudata -21.5259456105366 -15.3126792403868 -16.4618709876363 17.9673788928778 20.0431959016582 12.80111480936 -14.9689949159956 5.99543035020328 -5.50623216486695 11.9345028268412
Megacerops_coloradensis -28.4959745073261 22.8745687768632 -24.6774641174545 14.4227382003566 3.1874321358666 -17.237655468952 6.59532982531472 5.17087636020582 0.388349972248066 2.19362423501139
Megaderma_spasma -2.00292246803553 -54.4201065439155 33.8928445303592 25.3763003582999 19.8044673495736 -9.29572236835375 10.2544541740358 27.0208189315078 -9.43887217584782 14.3714795903095
Megaladapis_madagascariensis -31.3464425689287 -4.4977526030285 -3.1887190996163 25.5180205113348 18.8894039356878 15.7443947064622 -18.6669361377514 -9.80823455367442 5.15395105784506 8.01045174265435
Megalagus_turgidus -27.8906686114638 -49.7667294705042 13.3541194003122 9.5850086826257 19.3849114870592 -5.2162643105884 -16.2329458406039 10.6636896430898 2.16054904148599 10.9839851363026
Megalonyx_jeffersonii 45.1381798701255 -10.600261347654 -3.20273417072176 20.1130623220315 10.734770991563 -9.8148266805798 4.19189868358096 1.7279226082549 -4.26789648107725 -6.75484507898781
Megatherium_americanum 52.9570096153331 0.239571728402646 -2.38545121158856 23.5866287486987 3.60220594981664 -8.18214466035935 3.50194675977362 2.38577498724111 -1.37573376168482 0.185892205122314
Mellivora_capensis -20.4923226479984 21.827289890792 5.14956680130473 19.9454780101928 15.1100129640502 0.833561322597542 -34.3873261195301 -10.2872195526668 2.75543058568026 4.36999187216095
Mephitis_mephitis -6.39162649851867 4.53259768261608 -13.2905656569829 24.5140539581336 21.9437979006796 12.5632609667064 -10.2787368720898 -1.59499462656127 -1.53712256264836 7.25465352557044
Meriones_libycus -75.0634497413202 -8.462701977795 -2.79168200123861 -1.31002949342834 1.84209193388643 1.73277705957684 -16.59558874703 -5.91789662785185 18.4131495147908 15.0772355699463
Merychippus_severus -43.9425173490295 9.67300922218092 13.5906196309404 16.4169878192901 25.9039999801165 -4.14815092126736 0.638457545630411 6.0123362015568 0.32674509206905 5.86494379690233
Merycochoerus_proprius -19.8388425458016 -33.2511628673611 -20.0505489079691 -0.0908941438942488 25.8984079099871 -20.9225627792088 -4.84452981678716 0.385224560252859 1.63143511119718 9.45504258095125
Mesatirhinus_junius -11.4228147730592 -17.8777042276132 -4.94836157795101 -34.6677568819961 20.4544213897436 -10.7356280255544 -8.81727041532513 7.841573506593 -6.50385247686684 7.2234430422896
Mesogaulus_paniensis -5.09726988059203 -31.7973446408664 -13.2553566477873 7.45018370336093 -4.59323986458595 -7.66108372253369 -8.94463301582641 -3.47146115074472 -0.0598211223510571 11.394433697022
Mesohippus_bairdi -27.4201831114495 -24.9739571330104 23.2878094089361 14.0790285830935 20.5467574335934 -11.7219648800441 -8.03485186676307 8.35603665348768 -3.7744652663512 8.72415614698426
Microcebus_murinus -5.95211732147342 -5.15531869024899 -4.76804893519012 34.422034389846 13.8238258315722 13.8284234228458 -5.49860023823542 4.51391107677106 1.02444502824861 10.0418272669926
Microchoerus_erinaceus -37.5880124239015 -11.8728240653549 -4.36025078106961 32.7039064903043 17.9255492370664 21.2088433533258 -3.73236670546404 -2.25155252437643 0.388776032461337 6.8095159450211
Microgale_drouhardi 36.9127248122851 -0.942923996812598 -22.3187186721174 -13.3838370764127 11.563662819318 7.58166841679401 9.25511922627316 8.07347113690266 1.31566582967005 9.22691173372991
Micromys_minutus -11.3102325544293 -19.3304256370367 10.5000759052109 17.3087931692146 5.93113323438117 4.19273091197381 -9.08800343293124 13.100628110047 5.62800096806887 8.10890327085098
Micronycteris_hirsuta 22.6170942095777 -40.6872887609383 26.5395642279072 17.5022323269637 14.3764292582524 -2.09422037179888 15.0739868228557 21.0254347873301 -5.94768470121678 8.37751397025121
Micropteropus_pusillus -2.84833785480923 -26.6670603880792 -4.24602073066703 2.27759312115214 16.1451582517017 5.88891645087323 -6.18973199227778 2.48617627517806 0.679687859271556 12.7705390250074
Microsyops_annectens 9.05929221262063 -27.4466775906229 -11.1236776644381 -0.861205231911732 -1.7939238525625 -18.9481685093002 -5.37337496304376 -6.49367343348365 -6.11346456424255 5.17162668810123
Microtus_yuldaschi -8.62673798673426 -12.0958633254065 -21.9603723869614 -7.44754220414363 -10.6467917493211 11.6506930203943 1.36727852196948 -1.52426357144773 7.28911666841482 9.70263888389461
Miniopterus_schreibersii 48.5902340308209 -37.0732137904691 6.15305578030928 -16.1557698013538 4.70019320880798 -7.64617285307453 11.3305366333124 34.8843590064504 2.79390795252288 5.0306649515272
Mirza_coquereli 2.55428641063283 -9.26822100612853 2.29072010356698 40.0817818377415 16.2456179969852 13.7751132532146 -7.68721566193966 -7.41525073925283 0.41862979117364 8.11866125134015
Mixtotherium_sp -5.12148947296296 -44.2833819891786 2.58248198020904 -24.3722202248982 22.2543946537792 -26.7135073455808 -20.0888291634818 -21.7387361869923 -3.36913186857008 -1.4039413518126
Molossus_molossus 37.4311151955702 -43.5317908489428 7.45211699569947 -12.1921997175221 2.13241698632031 -1.20127352966746 8.00458133701044 22.0265964308405 2.64632322531219 3.44989479474802
Monodelphis_domestica -7.95054735279178 -19.8421786030044 -15.0937829221004 -13.6051437215653 16.5103247593541 1.73993738109625 3.55086519222598 0.992061381288719 -6.67015039964377 3.67586778635216
Monodon_monoceros 67.9465245425175 52.4189136936973 -14.4013254896093 11.9253988868943 -24.683103382058 -4.12912184569504 -8.22567112369599 -17.2819557482137 -2.380192788613 3.66214731588303
Mops_thersites 24.5505613487512 -42.7499326273801 -4.29517062299097 -2.3546814984883 7.56927429079162 9.50465102382754 6.89865094321943 1.83866825050034 4.38934628891892 19.9115573332093
Mormoops_megalophylla 89.878068832048 -16.0309904728758 6.5419781729833 -38.9571862116661 -19.1811440694085 8.20565601576142 9.24922124622551 35.922811811039 0.830986351147299 3.85169649224266
Mouillacitherium_elegans -13.9110766194179 -25.5467679156251 17.0110928874396 -12.0099042651818 19.9278199265699 5.24975686620721 1.24646289130553 5.2020779302232 0.76768212987525 8.89844953126171
Murina_cyclotis 44.7778793007439 -18.0327836941355 15.0221167393776 0.369265190854891 -3.48780274563836 -4.3071078434669 17.3995683057469 21.4484911760209 -4.26292570866811 7.52439240498323
Mus_musculus 8.87648622205028 -18.570290436857 -4.21052051212407 -7.51059340920077 -0.799144119368299 9.18743507404575 -11.8098306882126 8.13247293748348 2.97542298788392 8.9884032400747
Muscardinus_avellanarius 2.62960383771204 -7.91802359239542 -11.0066038146329 13.1416699383124 5.89302468562725 4.10885003520702 -6.19162697941153 1.24790578035061 1.71203112158928 12.9376483262393
Mustela_nivalis 5.21388772192596 -3.52702395770581 19.5986877560039 8.7591467906505 3.69750864413296 33.0581821536801 -15.801738099016 -4.14346300415532 -2.93505731151936 8.33175611839391
Mylodon_sp 26.1573763711415 -16.9895285699912 -8.87121684774084 25.376813681115 7.70648844986548 -29.3795201783641 5.13001652807546 -1.7026747462933 -7.71650216420197 2.85589052415015
Myocastor_coypus -49.0082059194435 -22.2338178211092 -9.7127515778742 1.67882487846843 16.0462973509875 17.042727157154 -11.0390832784974 2.51088533129162 -1.25458210548489 10.6616439878578
Myosciurus_pumilio -0.348400388946971 -16.7958954558532 -0.0862779572340315 20.1741967991317 1.15483792959202 7.94231190860458 -6.56305781504329 5.00204782900491 9.97788912899699 8.58269411123208
Myospalax_myospalax 3.0801001018945 5.55926815972208 -36.4567260839007 11.2403798552564 3.51861815488514 -10.789180720422 3.81077422902381 25.6465898904098 9.84471358688478 5.16331102174124
Myotis_adversus 38.9688274560264 -35.5665656194914 9.83322365807589 -9.49869761514218 11.6925197244499 -7.45327985645595 9.38364423861886 28.0682377578354 0.367836305439585 8.84214050788241
Myrmecobius_fasciatus -8.28406900718147 -15.9230378366762 0.839491800613873 10.4446185766924 -4.5056111870524 -1.84209117583734 1.4329135452575 6.37335950317604 6.37738569552418 1.25714630995633
Myrmecophaga_tridactyla -11.4882338650628 -9.30375519851764 1.23758735951321 -7.47187976797546 8.42605188189275 9.40703441083198 -6.70119974508277 6.9058991099157 0.0891475798760811 13.3677236430612
Mysateles_prehensilis -43.8829954851803 -31.531549076173 3.02097665322646 9.3586159006366 1.72001086846665 7.2890288280433 -13.7104907357982 -11.3189157151078 0.68102786743693 6.03508119231769
Mystacina_tuberculata 39.0766231525373 -30.6101447197807 4.08069339427761 -3.76157523465931 2.46631343627439 2.80205018493013 11.5980844963133 23.7768438101517 -4.39722479245655 5.36011523438373
Myzopoda_aurita 49.1488461093493 -44.2607116434812 0.328037854794181 -21.4901007019793 16.8513948376341 -10.3729672189303 15.6122892267832 18.5313348098329 -2.25191913675523 8.71416273748981
Nandinia_binotata 10.614386481031 -12.5456029961009 27.0146297122764 24.1978724385733 26.9746507832422 -0.860524855006492 -6.82880836947802 -8.18005451378754 -6.12847714289871 3.13165313422399
Nannospalax_leucodon 12.5435671642005 5.95961517112875 -27.701469891132 3.02357829807683 -4.20298894961109 -6.13602404183446 -19.5191359451907 6.024792464654 11.8754935208602 11.4054585813859
Nasalis_larvatus -3.87979522323722 27.3607603440279 -3.90696611320469 50.0373939283607 18.1388233588369 14.7930150090173 -12.8841335601905 -15.0356317435136 11.9488617063009 -2.18961777363184
Nasua_nasua 1.77797651065308 13.7858028456915 15.414518759046 32.1151850808936 24.8561827852843 8.89378381200138 -19.1656495965789 -12.0359717657415 0.689892345914043 8.63014440701129
Neacomys_spinosus 3.21688738062148 -20.8637125465195 -1.60312022157511 7.58687356583432 2.6706135056231 0.219536562742382 -4.82427598841843 9.5586795300049 6.22872320548482 4.36910685742134
Necrolemur_antiquus -34.0205559358197 -15.6212721296985 -5.00605004499092 37.6661639421591 21.2121248132716 24.5198744599398 -2.13562160188312 -0.769619646457575 -1.79163684783854 2.97995617540398
Neofiber_alleni -0.814293837483071 -20.9507100285728 1.9507313576161 1.98819716897652 -0.284207706034987 6.92971780229955 -9.46324398534966 8.40661961958386 6.80729859133558 8.06514233808297
Neohelos_stirtoni -7.39006160943619 -26.3409822466482 -18.0471187501698 0.140505988677553 10.381831926358 10.1790890327075 -1.14825521171539 4.06842657613096 -14.6910592765216 9.3885135093673
Neomonachus_tropicalis 76.5596216273347 29.165328323981 -6.23930186224119 10.1148745692425 15.2616430294962 19.2672552843742 -7.5270315012139 -21.6048908660138 0.640857146723127 -4.30386236803946
Neomys_fodiens 29.8488079349653 3.61648166454296 -35.3392875049742 -8.45105410943845 5.2203354288426 10.7123504214451 -7.8745184967893 12.0700892143704 -3.77312343435779 -1.38044677915137
Neotoma_lepida -9.61595716995652 -10.0812249869686 6.14890098716513 14.0555877092453 2.69887963830287 10.942392699484 -10.4399772277548 6.61086353246623 4.74967077974909 6.27087637462055
Nesodon_imbricatus -79.2488349035485 32.5170663087961 -14.2343481028962 6.58835065432055 11.1870393935875 -36.9131012330134 7.79604466729415 6.52643358079755 7.66383542144141 8.02038376730012
Nimbacinus_dicksoni -32.7667502234057 -18.4415513021538 -6.43218526181688 -6.09600791761557 17.7110738746111 3.13331765314983 -2.61003861519548 2.54917058435442 2.6671732332391 7.05714701526918
Nimbadon_lavarackorum -3.96556535542805 -31.3829871450725 27.7056579416598 8.84288902374837 19.0268256332542 10.4710623137913 -15.8414224198797 -7.0750215768617 -9.63127062138456 11.215554698896
Niviventer_rapit -2.32873175713204 -16.226174987894 3.57155595786566 6.30606741408029 9.11913319791499 5.48290893392194 -10.6347018829276 3.4721368012484 6.0807918053031 8.62299986023316
Noctilio_albiventris 50.9132636615258 -38.7400186959251 8.87450194121745 -11.0138027878343 3.53564057166885 9.43583401010724 14.8097154298987 25.0763900910294 -3.70694570910199 8.79962735471178
Notharctus_tenebrosus -19.9494243799753 -38.3195463974015 5.92831850351842 12.3727630742685 6.38155406411037 5.05829412263846 -8.41941803698584 1.2741669213513 2.8719933886629 12.1999695953688
Nothrotheriops_shastensis -22.2810558635745 -32.16157766491 -18.6676567070753 44.0066018417845 11.8537098547252 -5.40984493473375 22.2733427240963 2.24720914443739 -10.2544702836328 5.92586344251227
Notoryctes_typhlops 15.2504027003643 24.6945278944752 -30.3481492069248 -0.456243942217131 7.77609985550796 22.0294975463166 5.2762041847026 34.0244950180952 4.19774250094456 8.5279654122602
Nycteris_thebaica 1.41901660203569 -36.7799429161084 35.5113169248909 30.4435071869914 12.4275663601317 -30.7870815887469 8.14273227078473 18.8377053602728 -3.21695096348153 14.6803485100806
Nycticeius_humeralis 27.6505284875228 -40.0447645239549 -13.5487942732359 -34.4983347485208 2.82530003684046 -2.09262843639062 9.702909825024 24.7778356963143 5.91746371758012 14.5748449388846
Nyctiellus_lepidus 8.88012962766066 -42.9128875200769 -0.705058550640428 -2.74227702397961 6.4305248611054 -12.5451792604528 24.2776676020767 25.8954495076224 1.30539148674658 6.94246498139514
Nyctimene_rabori -4.9721935487592 -11.8356332296299 -3.65085027825226 -1.49433766660461 15.4430632146799 -9.24100418832307 -4.63167657749092 -3.60244798141849 0.400934217253725 9.87316865867846
Obdurodon_dicksoni 18.4260698564937 15.679032637881 14.5303471374875 20.1002809577206 1.86352406043003 18.1748279800756 -7.94848289952651 -25.5161594127486 5.79365446676164 -3.88925445028786
Ochotona_alpina -44.3451643990061 -40.7712260817895 1.10477445880831 0.652548254665451 7.18866364165765 -4.48893270927679 -14.1754452227757 -1.42294972236625 11.0040610470398 12.5131817508552
Ochrotomys_nuttalli 0.726601075648142 -9.00824130847683 -4.50390856665777 5.01323462614113 0.0156689127445582 16.4704226745376 -8.5644210747406 8.75376814831871 4.80206409903158 8.38450981677651
Octodon_degus -60.7262981253002 -30.7004419842781 2.17404868291647 22.723145803985 5.33151512751693 -5.41081661371218 -3.57038448906658 3.36704782906179 1.97322040133973 9.0540103108147
Odobenus_rosmarus 72.8854232368895 10.4953570799782 21.0572954006646 18.406682443963 2.47950525388196 22.0106608572501 0.0957108547827621 -9.99291034651318 12.4368210810557 -1.54139515237345
Odocoileus_hemionus -49.3642855242098 14.7921654331276 15.3889066640328 42.4255506557349 27.8671567951499 9.96893978308049 -4.18584626267896 -5.54446497845422 -3.323899102973 2.3078346112665
Okapia_johnstoni -31.6781711442703 24.2716363159554 26.9412479687875 18.2297243776769 5.08438899747919 12.0401648382286 1.95451729546315 -3.18121664415934 -5.45886032702152 1.62480971040415
Oligoryzomys_flavescens 20.7463558381481 -16.7012287827379 2.47423716347827 8.82542003657671 8.56409113022459 7.45363722074679 -9.79654886217138 5.63555888241555 1.50986218877664 4.73208593607441
Orcaella_heinsohni 54.2088551833884 31.125832615502 19.5260347221989 19.8491791994815 -8.82906920890611 -3.45315896964399 -12.8999337846868 -11.7282220683716 10.8077585479344 -1.38261090459485
Ornithorhynchus_anatinus 16.3686712172445 27.6876359179468 2.31873784944064 5.01530004329267 -9.60054797210564 20.49804507932 -15.775592282394 -17.0064828356581 -10.6981623916658 7.98069002098822
Orycteropus_afer -25.8448022903258 -30.9321748621516 -0.416388719057548 0.249526137523231 9.83376714541182 -8.44970851508918 -20.0555093250997 9.02750680031284 -4.42271273527474 9.45151978046184
Oryctolagus_cuniculus -40.6380152763276 -26.3673642314134 7.887111850425 10.063256311861 21.1217134392191 14.6524717094554 -22.7894807086749 5.08162173906389 15.0078526638133 17.3254541416528
Otolemur_garnettii -22.230432375128 12.7963339478402 5.25732395491921 50.26625232247 16.5376731204706 17.449525690911 -4.76874162399242 -2.53580883650856 0.629815026886417 3.75671431764224
Otospermophilus_variegatus -29.2545947029325 -17.6076354268192 -4.46261553427115 14.6743953098799 8.50295043513818 14.7038694180624 -11.3941775321771 3.22488505901233 4.07723375564753 10.0345024988824
Oxydactylus_sp -44.7703995569678 -3.62387786506959 30.5866095571545 26.0651920124654 15.4699593912084 -17.3589721251795 -15.3926435026865 -8.50752133568298 1.68104798120189 8.90643154299265
Palaeolama_sp -2.8373025742097 -8.56501830086468 0.175691433151327 18.5789308018047 25.1767148571317 15.9795477107373 2.44286779832361 -3.32266468871035 -3.25104830093479 2.45860768837162
Palaeosyops_sp -63.7157898471164 -18.2176855306187 -12.2364097597292 -11.4437952646874 17.8309230966496 -9.86666665880173 6.7222183295782 -15.3166423086102 -11.1676874577738 13.3546265367319
Pan_troglodytes 26.158659495492 11.299551702076 7.35030127684997 61.3727453665066 35.7622101144298 7.60794876696277 -20.9644628589473 -19.4841469177271 16.2955340926782 4.25402071402857
Panthera_pardus -1.96212032850518 -4.34739453645608 21.118540310257 19.9176534228337 26.3051190275988 -0.726192695874726 -20.3218611906153 -9.25482675057436 -5.03340708642046 4.75773926270679
Papio_hamadryas -12.7010594114378 39.5489263191089 -7.64803536711865 41.2806182979688 17.2786361453158 34.0651903395969 -2.95715959799517 -10.0041299793604 20.1149529240725 -1.56335264699387
Paracynarctus_sinclairi -16.8726823357573 -17.8338606748209 22.1340290705016 21.1089228081484 15.7077267568819 14.585739906643 -14.7420988274327 -6.21164595083002 2.13765731918781 6.51082105302738
Paramylodon_harlani 39.0520663031335 -29.1125505334812 -16.6531907852815 15.2369857226278 20.9524568839048 -10.660811468552 5.79663936323039 -3.12122856741275 -10.5943305620953 1.00969560559789
Paramys_delicatus 3.648325498787 -27.7228487230802 -8.87544452470669 -4.58322868341049 -12.0066575434513 -11.2309874943852 -14.2353838188013 -5.66888845598998 5.71430235422242 7.37178642228822
Parapithecus_grangeri -31.969924369532 18.7137294646727 -7.83161105449822 39.8345660006397 30.1763454402925 30.2554525924884 -14.6247458578594 -0.329548546912904 2.73302188628055 12.875383510571
Patriomanis_americana 27.9202588783193 -19.694380502919 20.7025139839226 -12.0386305377414 -0.752492161547538 -6.42347345702505 5.47463413722698 7.56197918753678 8.39461600551988 12.2163804185705
Pedetes_capensis -53.0988336221184 -2.89923356518015 -2.95148436065485 7.60483811853128 4.28444691596257 -1.16807461111694 -7.0446394289375 4.97679794131128 6.49366376328642 6.34652254207027
Pekania_pennanti -21.3321915024825 12.3373644930333 15.0690175412979 26.6087298533773 13.4000424594919 20.4427649274227 -14.2257639507605 -10.319022459371 8.36753510853787 4.35527909919983
Perameles_bougainville -23.539189497545 -0.211588817499829 -16.3337749972579 9.3519644512785 16.5556099810943 17.1814094711723 9.05877906178542 27.5129759593608 5.60621302577889 9.31583857382885
Peromyscus_polionotus 6.43114591270609 -10.4429078687412 -11.3334530911376 2.16227826627115 6.0381027606591 19.2789394387206 -8.32574100706785 5.99892066482315 2.41245188305508 8.7496745459489
Petaurista_leucogenys -30.6275640415595 -23.99258678238 2.60767032389672 31.4528662188149 5.10078393781012 6.37069488115995 -12.7495531507071 -3.79019601577163 6.4162456546039 15.5798986489233
Petauroides_volans -13.7894346878211 -32.1688133803574 3.09943872548687 1.9308869148705 -6.53521927946507 -10.7553555425266 -10.0717752343193 -3.44392117529158 -2.87785724485501 0.850528358461811
Petaurus_australis 9.90629312918895 -17.7200701092167 -9.88739599390897 15.9393420056112 -1.51326726555228 10.300772086483 -3.31259638907313 1.09654624305633 1.65205578588526 5.57598773774646
Petinomys_setosus -12.9228227604416 -12.1422921590805 -11.6981603425542 18.01610401924 2.40963222506196 7.4412815345567 -11.2911363353182 -5.44194295549843 9.86482603653645 12.1700518028803
Petromus_typicus -40.189833355345 -40.758143638974 -2.0419664460733 9.57127248557162 1.91546337639669 -7.76429558140007 10.5931995337714 2.88624905723564 3.00094226528678 5.99546566670695
Phacochoerus_africanus 8.13937719568841 11.7103315316464 4.28841170761513 13.9492155113177 29.5906695395365 -6.53813094454218 -2.05554875548666 1.32778587074024 -2.75079580515332 8.74656283625356
Phalanger_orientalis -9.6361849179512 -27.5095813881733 7.68603606119518 11.2838603416949 14.5863471056544 7.62862655732192 -5.35071530198512 -4.81051867308694 -6.1484065753966 4.48086552972109
Phascogale_tapoatafa -1.73324378847782 2.9859444134446 -10.7433177563561 2.66441499551112 -15.0691865181573 11.1426674341231 3.35086196468196 0.756378850537582 -0.623822437034622 1.26363398135329
Phascolarctos_cinereus -21.1204519994005 -40.3775819022273 -5.69558926063884 14.3653807983649 18.7900840190117 11.1146186310368 -12.7498065337265 0.43954972061311 -1.35720708642516 15.701114772081
Phenacodus_primaevus -7.12761217214827 -57.1910341566699 6.59731922813175 -24.4325501939906 -8.54378367083165 -13.8413654693664 1.42804057525051 -14.0010752498539 3.55855919916304 17.4694562493607
Philander_opossum 3.9716261492999 -17.6247468161669 -7.16471598251381 -2.57689070637341 14.1914772532191 -9.42730333363673 4.47694151134705 8.2697046299989 -7.12790426170188 -0.338891603029629
Phocoena_phocoena 113.16533864135 47.1027383682327 28.1474064814995 1.00809466404438 16.7866275692596 -13.7447032996464 5.7269465254173 -22.727701192485 10.4975890871071 -5.47827008117955
Phyllostomus_hastatus 55.5554795663103 -46.0646188432259 15.6444047537224 12.1259703702559 21.3792922357818 4.02615003268715 2.32134252882613 5.08410819708189 -14.9982936640874 14.2548470356523
Pipistrellus_hesperus 24.0522641745034 -40.8506933945421 -14.8563174396436 -27.6868821465848 8.21399872960542 -6.92085913108778 8.46483710489422 15.7684594017997 -3.29455632362026 -6.78302549853723
Pithecia_pithecia -5.15227237292755 30.6802876270487 -6.34273444989733 45.0762172192198 30.4129559874022 9.38978813937862 -23.2424456847087 -11.4140803877049 6.08549404715896 8.21133854595404
Planigale_ingrami 12.8813913700809 -6.43718586393165 -30.3924998526725 -13.9703985426319 -6.40421187882733 6.11943955547872 4.90180157394127 -5.67906015227033 -3.60322451564666 7.38913726822113
Platacanthomys_lasiurus 2.03974059861264 -31.1071500373257 0.40573220527218 12.4777553350641 1.19736972507111 -2.21361012613463 -8.79173802989135 3.78605340801037 5.59773619137663 5.75682896873912
Platygonus_compressus -7.5422777335474 29.3448298206791 21.3925503952591 31.1255892247011 18.8641890923226 -16.6888592349349 -8.30067633082081 -14.1670323955083 2.4760785105271 3.29519739992597
Plionictis_sp -6.32990490926045 -15.4803815633454 31.9266003087824 12.7051829338695 4.39450565061116 13.0217658428838 -7.43383638169238 -11.5244457291187 2.43719440053273 4.49613112058733
Pongo_abelii 40.9352800375969 37.688770774477 14.1481870550194 59.1932805193778 32.4600980566137 0.291971016621315 -17.4833677420823 -18.6443755156818 19.0698101088812 3.02515585587141
Pontoporia_blainvillei 92.0408491219315 42.604702753007 23.4700338482985 11.5391332672357 -8.95951940159872 10.3030218941176 0.351117852444243 -21.4496515159691 6.82085900072095 2.79273716256027
Potamogale_velox 25.2404276042878 -30.7307182387325 -9.80837503385378 4.00990177511049 21.4044445625656 -1.00140240030961 11.8290074848881 7.9871173924929 -8.40305064442183 0.657321666942339
Potorous_tridactylus -8.81435366565108 -9.19856679618649 -4.00003354956779 10.2834551461026 6.4491538639586 16.6837679503404 1.49381634294279 8.54211210728793 0.859257028812548 8.10286844833328
Prionodon_linsang -8.16017053072979 -14.3104995841924 38.7602717504847 3.21639809329374 18.2252824971737 -1.54730021479044 -9.97208885855615 -10.289664376009 -13.6743878316159 7.29805653047038
Procavia_capensis -31.7229079784121 -10.6229859556925 17.0242555401966 18.1751119546033 15.7055074449537 5.98370653826388 -5.1762055061518 5.33278588288764 -8.61918285613766 9.10888643788588
Procyon_lotor -5.33970706449563 6.4815524358797 -10.2663690226445 35.4614348327054 26.8212377627161 2.57704023700621 -18.2997851198729 -8.15408724513301 -5.93733723094799 2.8927602135767
Promartes_olcotti 13.956380865731 23.8795789786553 -8.97389542760157 20.9411240236891 16.0777853353338 21.7168123458187 -7.57991132785222 -0.642228727092742 9.23513013824994 6.3954309077774
Prometheomys_schaposchnikowi -9.67583127364992 -17.7812371734907 -0.742297122460838 9.09243842052164 -4.11184495458408 5.03268580453639 -12.8582049781195 1.62493122768034 4.70824796104075 6.59353342819752
Pronolagus_randensis -39.5333782962105 -25.2876166742321 -6.80233439352136 -20.138173891088 33.6636917105129 22.9587783392121 -14.4553350780275 17.2210383965995 17.906170702508 22.2914192351631
Propithecus_verreauxi -10.185474081644 8.36403643427861 -3.4521457310093 41.8819907525648 24.3596302599684 15.0699178021992 -22.47815758341 -3.00816567573345 -4.24200582503488 -0.224018932104505
Proscelidodon_patrius 18.9156136533141 -0.0320781826539291 27.565423734979 16.4139792206786 -0.71278588500841 -9.78225057161925 11.5822257691767 6.81323701956695 -5.87182789205043 9.01656192965678
Prospaniomys_priscus -42.8288296668502 -39.4654187544453 10.5119640193325 -0.683213988927525 -0.72507517160926 -6.6039907588141 -14.0318358945585 1.68169473340817 -1.03595480297384 1.58078412680814
Proteles_cristatus -0.692612854761011 -15.6711104706606 8.81559637165496 12.1965229078049 26.7181586859408 -1.72554263238077 -8.40637535366707 -6.12867839273058 1.7364897630028 16.3465581621258
Proterotherium_cavum -76.9052746788712 -16.0389589212707 21.7757728586563 0.358033158197699 -1.64171077109691 -19.3827959793797 -8.67192652421392 -6.19864832608728 2.6888601300723 5.55661036343546
Protocetus_atavus 35.6786979903343 -11.5909257226937 -6.92625447773758 -0.144005527951136 6.65558594526417 -16.951271797208 -16.0076861163158 12.0706678248284 5.86954439420477 19.071002465255
Protosciurus_rachelae -25.1265984881131 -30.0975884652965 2.63058981612733 3.16584185396243 -2.31589381626956 2.8619996236298 -5.73208248653442 2.24099746484622 4.24471089413163 13.3528059813175
Protypotherium_australe -62.3927580747186 -14.578592294636 -5.50122850183214 8.4559411844743 19.5175055895901 6.74286612942846 14.2834143302673 -0.192232816728735 3.98490845601478 7.38244401234634
Pseudaelurus_validus -25.2760222590745 -6.36089327270623 22.2364797272304 15.4447572552752 14.1832684632886 -1.11252204538835 -10.7687041299392 -3.59411049678661 -3.69031134045907 2.7040133514129
Pseudhipparion_gratum -42.3739884143126 -10.3216117888958 3.45987436884302 18.8833139261592 21.373569696015 -3.43203057942706 -3.80012182124459 2.94044233217609 0.492785606216507 10.7454486357625
Pseudocheirus_peregrinus -15.0202318009635 -30.5909120599573 -0.268838034233052 4.70879825429796 3.79689981134777 -1.53751060404935 -15.8594737634317 3.37939634563595 2.41980159676776 8.5495184893347
Pseudochirops_cupreus -10.3936998434852 -22.0182412773069 0.229370016288032 6.72771642615486 5.64259738958114 -4.43381083249281 -6.80561081450267 2.94104207978529 -1.33538745232104 6.59911503036134
Pseudotomus_horribilis 2.91422351377111 -19.6560414432293 -9.72968210281668 -7.62361806680815 -4.92317581088445 6.35227827790898 -18.623512284742 0.621278049207579 -0.27909067818972 9.69775692940216
Pseudotypotherium_pseudopachygnathum -81.4405597678622 -16.0160073766036 1.84165230879319 5.37838946728814 9.12108908698557 -3.83018878570319 23.7359058148384 -9.18261852968289 -9.51408717949466 16.2971423843069
Pteromys_volans -48.3704123956427 -30.9720278639896 9.34960366791476 30.6567790031736 4.62316278978922 1.85698250745779 -11.3000707334282 -2.61140862614679 7.64853850084855 11.3861462974935
Pteropus_giganteus -28.6115084276219 -3.37953660677817 10.5295814015305 25.2474308106766 17.2898750247321 -11.9443189925706 -10.3663608292933 -1.6359005488844 -1.38032288533759 4.13749940471114
Ptilocercus_lowii 4.51314636958977 -17.6618994086927 -7.34463437846688 15.0683741124156 21.8189655014972 8.36239742297965 -7.76581556295623 2.03387901284911 -7.8718783585667 8.52858914219825
Quercygale_angustidens -3.84664221136545 -26.0040642743368 31.70296287215 -17.6918232680093 18.1552833375844 -9.76206672615022 -17.1695589506213 -1.47716536903831 -8.63028399172111 7.81040571735374
Rapamys_atramontis -25.8642925746906 -31.476051889002 -2.45824696222909 0.774692565453175 0.258224230661775 -14.1531708744311 -6.20497247862517 -1.20466480352139 1.17774169336677 7.36731352923663
Redunca_arundinum -58.1129902837092 1.18036204951421 5.44731002064607 24.850464752573 28.9978225913068 2.66114387009365 -5.5425439155095 -3.28809005952773 -1.56404918196905 4.16967168679349
Rhinolophus_affinis 17.6951498222445 -52.200933314149 31.6478786665528 20.1892496483437 10.2731875830296 -6.99186530290269 11.8747089091582 15.4393991501267 -3.32587691474699 1.19125771634528
Rhinophylla_fischerae 54.5381385014959 -23.7114899935952 13.6910163460359 14.40467842094 13.7966893612847 -3.42929765461867 6.55533495139823 12.3880078548195 -8.37411059236855 6.83280427323259
Rhinopithecus_roxellana 11.1120337763603 27.8714778605563 -5.36405313263538 55.8624502172679 24.5823092275279 12.6744423483119 -16.347975317885 -9.98441794064873 7.71418853811178 4.92262042792197
Rhinopoma_hardwickii -16.2539395856155 -47.4100695112932 8.7150747176747 -10.1930294784557 0.933088869525765 -30.564248539384 8.73953344978966 24.2208302670092 3.46373765893583 0.257395386510175
Rhipidomys_fulviventer 0.897712839460306 -26.3610018434412 11.1127909853685 22.1773377565434 7.79119374990612 9.96973051536315 -11.1283685865728 5.175157898916 4.03657452897883 6.80187006579344
Rhizomys_sinensis -37.2896210676408 -6.14682795909595 -25.0161208843031 4.17445827584599 7.27744868804749 -15.7250886371458 1.8590425551603 15.6430715178636 13.702313391823 12.2961101648265
Rhynchocyon_petersi -19.4040920296332 -12.551939723631 6.28568887773575 14.4153927503719 2.60889738513829 -14.2400283148774 3.16935860415502 17.4748768139494 0.206293599837276 1.39567394047188
Romerolagus_diazi -36.7450370251775 -17.2288566204033 -5.10117562407378 6.67087768709403 16.8852049945819 7.0770179621858 -15.1813248376044 8.21547025765848 7.97970857028218 14.891352930443
Rooneyia_viejaensis -7.69075579156942 2.54177332298021 -8.50943480592063 28.7715001572803 8.82165492347527 16.4171920269164 -7.41201927209431 -3.33659404513282 -0.0385140099822967 9.99253239910492
Rousettus_aegyptiacus -10.8802634477837 -13.819799909326 -5.56618764202005 8.25990740680996 9.41836893353526 -5.60710002308184 -6.18640873076963 8.67351492102222 5.45605592644857 11.9670914498352
Saiga_tatarica -18.1787138503547 36.7850918939787 1.89541571389038 14.5333246291348 20.9449173481381 0.291045431845095 -0.891886757412211 -2.45559800583463 -6.56500675927291 -3.98160932219842
Saimiri_boliviensis 0.288633648405657 56.4033295611679 -13.0808165222151 38.3848489733159 27.8154850509939 15.2826691980173 -18.2372004058386 -5.20679393965258 8.94762820546751 9.78259148765748
Sarcophilus_harrisii -11.9174556997745 -22.8700773017969 -25.0925965783596 -0.656020403126889 7.76339464674548 2.32631177859653 6.94333655324043 -7.93343310682757 -4.28846801207168 15.6167480656162
Scalopus_aquaticus -10.6435493970697 -20.1158129554951 -19.7112559925368 -5.46820349294916 1.47626338600542 12.3120688086269 -5.29565556721463 3.04168332302453 4.8491147105158 10.9619848352087
Scapteromys_tumidus -2.54876856357566 -14.1997701286333 -1.0877203310524 7.29097379670168 10.8246003989036 21.9353199711043 -5.74395154457101 7.85924868269085 1.62931977144393 6.20943111184001
Sciurus_vulgaris -26.7186655159287 -20.2029294223496 9.11541945742647 20.5866506908478 2.74393441213397 4.91629680821908 -11.5240248614426 4.28821354717427 7.10095413774858 13.0391313877685
Scotonycteris_zenkeri -14.0489200406614 0.701763794531465 -3.82081887975333 0.445348930299055 9.19955767207569 -7.48364949529101 -9.27253997623904 8.13670918131583 7.39203995957532 8.19528843059705
Semnopithecus_entellus -5.37870015346755 19.7990254216923 -4.95408128251076 43.0277897417782 20.2849945717423 15.4966144277986 -21.4428645382207 -7.95264866444627 8.49514224985188 9.19241919906547
Setonix_brachyurus -25.1519190682632 -7.6392971457662 4.14152688543889 25.060592738431 13.6530112000899 8.85641534218485 -9.5757568339172 8.45349532163883 -2.14463771976901 5.26531739467091
Sicista_concolor 11.4669097659055 -11.3302439143835 -11.5636050160287 1.96489936514055 3.44681778898186 5.94383345698294 -9.63188671425154 9.60436241248514 5.2305290591469 8.06229573915644
Sigmodon_hispidus -22.3079468411866 -20.9759770549572 2.8540667087054 11.1491824588822 8.95716787884461 1.15591619846625 -8.49481900181468 8.2840056371664 6.3567217321474 4.99598426898997
Silvabestius_johnnilandi -14.8382953278991 -26.661309781407 -7.33969090808131 3.29884274581587 5.61477202886258 -6.58036774932155 -9.86806136851312 -7.6151191540068 -5.56832330973593 11.6743191589163
Simosthenurus_occidentalis -21.0041777706265 -21.284932752681 1.79805549261987 17.556378199353 5.8116817588639 13.212393486632 -14.6715573560876 8.15837975490166 2.59452171728937 7.56502219852466
Smilodectes_gracilis -19.0313593390619 -18.9515596678424 -12.5253130975197 21.0188213049657 22.2443761306619 4.65755681509406 -10.442002472231 5.82931643822623 -4.16515602842648 10.1519118102509
Smilodon_fatalis 4.80888038139451 -17.0524613905024 25.1477728461033 -1.59491256403597 24.5332068148816 -30.1551159951629 -8.24144323859185 -20.1117780279747 -15.1817580273223 -2.05948190728846
Sminthopsis_macroura 7.88962109468474 -12.0842504445022 -9.48418188545258 -14.3928963599742 -10.0322094180223 10.1446022381997 10.9733012147855 3.71178772900136 3.70935405303555 16.9510859982782
Smutsia_gigantea 46.2388818079112 6.51825302271901 39.2608101433451 3.57961659960255 19.5797588182547 -5.20018862325885 7.60871331903334 -0.0737536943786943 -10.8949005360002 -3.15640588044751
Solenodon_paradoxus -3.34267448925062 -32.3355383982785 -2.02266764368865 -4.54271889204337 36.7925582602473 -3.89414889261009 10.6556708584727 4.56681543484118 -11.4034666374167 2.84082277485308
Sorex_araneus 33.8869884448568 12.0287040971966 -32.3493711607567 -11.3087246631505 -4.02630900770134 2.77098986766651 9.64524633574545 31.6293493899278 -2.75424155757549 -4.03250573094655
Spalacopus_cyanus -15.8846804922166 -26.7665360331998 -18.9448420241613 -4.44787948446846 3.50516651291244 14.6427436259709 -7.74102894887252 1.8706498407706 3.69265247574685 11.6380083167726
Speothos_pacivorus -8.28548446267124 15.81139154039 11.8949601119672 28.4247877845201 26.2067296223514 12.4054773265031 -16.0710707396138 -10.1396024066294 -1.7890148045533 6.41288605177246
Steatomys_pratensis 3.08632884706808 -0.819244288329846 -7.76391301712204 -9.95056055267504 -1.72821785553963 7.7589077889834 -15.6024134059514 13.0609720573028 9.47962495189674 10.6893008150975
Sturnira_ludovici 52.1132456024767 -30.1289114647727 25.3374354876035 18.4061434642091 0.940966272974403 11.3231403500155 8.06356121179076 9.45306710542773 1.86674209104307 8.97875831177309
Suncus_murinus 11.4001987386583 -17.2085078351742 -25.5310856024311 -18.3388084581368 2.73145869845109 -7.24566693294756 6.36057310868479 3.27556737730544 -11.7720448484071 -1.5946913926931
Sundamys_muelleri 0.364410292842487 -18.9863648014774 6.19404825268589 11.3526729686823 3.10162643610019 2.04780579316516 -6.6111024333828 6.49532370757711 3.08109891922882 12.8588651533882
Sundasciurus_juvencus -11.4216670626585 -22.6213189733999 3.05994120366212 31.954707148744 15.082767669245 7.44948074675053 -14.331769577264 4.59876901613781 3.13819275609844 10.6634251610823
Sus_scrofa 4.50978895377056 14.8826937800717 27.7977202596209 25.5783416906622 22.6790577531701 -13.7344520806021 -4.85230395634206 0.264462384079261 -8.75160146450091 13.2323725321779
Sylvilagus_bachmani -40.0741259610464 -21.725076347952 2.27110343610924 15.4473868065288 22.6373896303039 11.4322272511944 -17.56081092206 7.97822381471846 13.9755701279294 18.6267431131409
Tachyglossus_aculeatus 27.4214288153639 38.9119949830614 24.1533359329848 9.43081501078213 -9.6922636864835 4.96604446742277 -9.81679894836435 -12.6737100811471 1.7753299529401 -9.57132228750552
Tachyoryctes_splendens -25.9228917746274 -9.49694232956425 -9.37165270419926 -10.7410522800206 -7.03682699250281 -12.6969378212823 -16.7963775684792 16.3516411295864 15.4466652453062 9.85409386512764
Tadarida_brasiliensis -5.30029610947713 -53.8778392876834 2.71454361123808 -13.6828274306686 8.47875051444404 -7.37105536618143 3.08756576403107 24.9825227039049 7.65304296303804 5.20666764666069
Talpa_europaea 35.178776934166 4.09150755922893 -10.091427234834 1.20151076702386 -2.03572635177588 13.2065607632618 4.69582847702564 6.6517393590815 3.55001624452114 3.58275510026666
Tamandua_sp -16.3103466950269 -25.541465254698 4.08296135612395 8.88212662722535 15.7090648639354 6.01480604348605 -10.2179151261159 0.780569890855283 -1.67231863870224 11.2253407213383
Tamias_striatus -22.5530539858942 -16.8922739550993 -4.81540225812714 8.01804541842774 8.80467593250939 17.8568402946794 -7.29175015735018 1.6973927215685 6.34043887695043 15.2667660213603
Taphozous_melanopogon 10.9778563821798 -59.3776619466426 18.4309709048606 -11.6272299019241 6.54150994140972 -7.97154734482262 3.07593524018694 16.4561907443741 5.26495134278288 7.98910245905072
Tapirus_terrestris -63.3217705773588 1.04694403363639 -11.7123796547434 11.1035298486701 2.64230212388967 -5.15923745899554 18.3466931229429 7.67913084677566 4.40160892362391 10.3218304660308
Tarsipes_rostratus 15.3900181079976 -21.3123013263421 -6.56264220838591 -13.6892383590539 -5.38373355599827 8.11162859648102 -3.60556041699596 8.11584878757473 2.55736677690864 14.4666407407043
Tarsius_tarsier 8.29263405792114 -0.274902016184418 4.43642278146563 39.063539683745 30.7705863275191 25.5388005068608 -15.2827176384005 5.79987572043778 -1.52837875960153 5.01909666708191
Tayassu_pecari -1.87922006335179 7.12541128555742 16.9258210862139 31.998218821808 25.7925988712149 -6.78857847941388 -17.9221501684318 -12.8304425133773 -5.49300331423605 13.9318820640343
Tenrec_ecaudatus 19.148661090862 -20.4652214553523 -11.242306278982 -7.97744158966754 6.53497236762336 3.43249532206405 3.2680869241531 7.816048060207 -5.15669762118215 -0.333249173491527
Thalassocnus_natans 23.1208544363218 -28.841075584162 22.447070434704 16.6046751321874 10.8968633140356 20.1119640705893 14.1732284623341 -3.90627969942242 -3.58599744917574 4.35189476801719
Theropithecus_gelada -8.90260185846797 28.2103037293098 -8.37828754224317 50.5302262271244 15.5461931750196 21.2320317381981 -16.4410379598044 -8.93337449788562 8.79226403905583 -1.33793868815639
Thryonomys_swinderianus -38.8454678199184 -35.737238906594 9.64387835619675 6.31982079049469 13.2344466169038 -4.63699226696189 -0.156076990777881 8.72126096916266 3.58611691862008 10.8977629793018
Thylacinus_cynocephalus -13.5379281041437 -23.8204431661544 -6.54975964796142 -0.829103800868994 4.25674945842236 6.55766865829985 -8.08277468240747 3.37278144824435 1.58283666832462 0.31295675922422
Thylacoleo_carnifex -4.30576738714019 -21.6498536632936 -18.3889934746887 12.4379843437446 7.69948855170878 16.8709121585149 -3.53570637573966 10.8770962761598 -4.26791837827153 5.52767310282412
Thylogale_stigmatica -31.8489782909319 -19.9334681559366 4.93273490217009 12.3958049883679 15.3407756559134 13.1971357893113 -11.0196081830273 2.91585846167575 -0.830191121050013 6.33018468327771
Thyroptera_tricolor 40.5479222634344 -32.9173140037505 23.499803503749 26.5283449793556 21.5188269073503 -0.675799474325094 6.49279751185307 32.9653393324411 -11.9315038197177 1.56970441785993
Titanoides_primaevus 3.84627516316474 10.2168005533037 -14.6909905226141 -8.52482660814787 0.381930879869297 -4.69796121237916 2.25349765587128 -20.8048745789311 -12.7614641165147 25.1933794142367
Tomopeas_ravus 5.6771941791825 -48.6026084841109 4.77441702229863 1.91570193954712 -14.6807521499666 -11.6808454990384 17.8125978054151 17.9706086799146 7.5568507365544 6.06999204505992
Tragelaphus_scriptus -34.2463708256847 9.97134260144778 14.5555248804523 30.9085818115736 28.1230498007755 0.897762973293328 -7.69704236826242 1.51629330505497 -5.35787465393744 4.94164396798829
Trichechus_senegalensis -4.68175156026793 -12.4994281874838 -14.1276242492109 53.5048330055847 -8.34423935990777 -16.1981504428007 1.80955817366661 -1.16749806123242 8.55696555150355 5.77878207973308
Trichosurus_vulpecula -21.6810283240366 -17.9046481700862 4.36068126366119 11.0766936767795 -0.881106954545676 0.267307769887635 -8.9060147740522 0.28446423529788 1.72399121013192 3.5667027525762
Trinomys_iheringi -24.067657762682 -38.7149981628599 9.66935211041664 13.1254090050166 16.1153728610746 -3.83287619101166 2.02256879041786 14.6379524131074 3.92742811413112 7.69680109851955
Trogosus_hillsii -1.99279136708052 -37.0273087107749 -3.39650583846774 1.56007972098761 6.43858144625483 -37.7250080767247 -2.65075773235595 2.71306012955416 -17.5490973336899 10.6584488304469
Tupaia_belangeri -13.3794373540242 -15.1718978320291 9.90920042784305 11.2148573574852 7.33948268639773 8.0328204034015 -4.17191646679178 -1.97398212475632 0.318390167845849 8.24174819010765
Tylomys_nudicaudus -11.2260478038878 -28.1061629699791 4.1462687532019 16.6590661670553 5.05886896415612 -12.1330372279763 -13.0866384058076 2.8109369801144 1.00081557817525 -0.161067754469803
Typotheriopsis_sp -81.3589118503812 8.8920266356819 1.76880062145587 10.3407631178653 12.5503849134607 -3.77473611152865 17.9629663317399 -7.35060311743176 -11.4154269341491 8.67175177303285
Uintatherium_anceps 26.710637529925 13.8698421475303 -25.8195367396258 -14.7682680698576 1.59247842288528 -12.2177736300238 19.798670119546 -7.98469363776931 -12.5609991074832 11.6102753608044
Urocitellus_columbianus -27.868172109239 -12.7315034641709 1.62658878690971 28.623226175755 1.68306370302781 10.1601746577316 -8.84178521243093 -1.96853424414833 3.72886973182588 13.5610984880346
Urocyon_littoralis -4.2717853841385 14.8061891048434 17.8743934940973 26.4200369268191 22.9905016298492 23.5182830500007 -17.6085760339094 -1.76568858394916 -3.17073300979012 -2.20731551849482
Uromys_caudimaculatus -8.3069646612236 -12.2428647981329 -5.03831172101459 7.6043151819549 2.83830901730064 2.53510697539936 0.00352825327980288 11.8258679804276 -3.11106313131508 3.21502265485144
Uropsilus_gracilis 41.286675366915 19.5635663223304 -27.6126496522549 -9.25516550552065 -4.99091630931627 26.4783404966084 11.5401201066101 10.6385108716419 -1.30640059823124 -0.40196455324992
Ursus_arctos 7.38326270861563 0.973852600006731 -13.1984793407152 0.98083388339057 19.0856316548564 -13.4996970416313 -24.9326613715171 0.144879241083237 -7.20765188918469 6.11210613456167
Ustatochoerus_profectus -4.79477864276903 -42.4925429640947 50.5603057790314 4.21043992573792 33.3435704659987 -4.3007357670173 -29.9965948713095 19.6021400983284 -10.4392634182584 21.7932278612088
Vampyrum_spectrum 40.9467121674528 -50.3305539890816 27.9255120489574 5.4182062732866 17.089831169795 11.4554911904858 14.9006106815446 20.8575638378246 1.26012157792159 19.3552869424333
Vandeleuria_oleracea 7.80367994744025 -18.4790806663928 4.33475012243833 12.0154617046967 10.914511410674 3.54346842583584 -9.51245204489075 0.683116295865645 4.46699880976199 8.9351989996006
Varecia_variegata -1.82675708559595 -6.97313652430272 15.816673657769 32.5617081510113 19.4983030713338 21.5517228555129 -14.3544465240201 -2.88269723226718 2.25578415653434 2.09782543011202
Vombatus_ursinus 2.41898353370767 -18.0892192127343 -13.8436010658333 12.3967463536564 -11.0165952409011 11.507517221488 -4.39204140126409 10.3690168143402 -3.20846573162349 6.03634760273165
Vulpes_lagopus 1.75008236248931 26.7893232020382 4.64507679336618 31.0648225065454 23.5762824426638 7.11849873004197 -17.8910129971368 -6.60321509737089 -6.89998029614928 -2.1388186145067
Wallabia_bicolor -45.3567380112888 -20.6936708273598 -9.29865446674716 15.6401915005782 19.6271024903868 24.6802289605256 -1.64441783261043 -4.82078323712906 -0.118930730929928 8.69709325331505
Yalkaparidon_coheni 26.3991977804123 -7.43886893022632 -15.682230008021 -11.5407906800524 -5.81652611697806 16.8474264176437 8.18273127109105 17.1628246430411 1.35439803804133 3.22793044793037
Zaglossus_bartoni 45.6171911659669 50.5300680878043 5.95512154387254 -5.41646799097803 -6.9880132280142 15.2477443179795 -6.4841280359146 -12.3251548787019 -6.39721479205691 -7.5382451679809
Zalophus_californianus 69.4686699174044 8.33448721461884 12.9694327996666 22.8587886139856 4.09135254098715 3.8258297681281 -27.4507591668289 -30.2717178091905 -2.35395212544598 4.65973815396604
Zapus_hudsonius 7.66280323345861 -16.6485671194493 -2.59801801635649 3.59775006741887 2.86338094548672 3.15549533543494 -11.9016270360952 12.7268842904688 3.36279237604455 7.59629245627104
Zenkerella_insignis -15.3002198827102 -27.4751342584124 3.66660601437065 25.7647456620949 9.126878207709 -5.05444696321736 -10.6304167943116 3.64167576154758 4.21329553448234 9.18103731468729
Zodiolestes_daimonedlixensis 1.72908471968436 0.691783727938252 16.1230280478528 8.5588716034215 -2.80674336477475 21.073303485802 -3.18172966920472 -0.754371324975302 2.04856826539035 0.339269833583386
Zygodontomys_brevicauda 20.2922527726324 -7.25980658485772 -0.298575113663043 -0.852623268122299 -1.82645907165329 5.54121937161101 -7.00846338273292 12.9928242772821 4.71705779817862 4.8539075523329
Zygomaturus_trilobus 27.3582444272893 13.5597825743415 -23.2380098308202 14.3968020973482 1.09358685880678 -3.09851786227622 -10.2163872419581 4.82576357462719 -9.01747209737072 2.02399816644945
