Abrocoma_cinerea -57.79450957459 -25.9693702789274 16.1363916541453 5.45818123431648 -3.09173776104562 -27.6456571193064 5.10222933770582 0.810893845516076 -1.26932521227765 9.84151856625109
Abrothrix_olivacea 13.8097815929325 -11.398396383824 -14.7081180569266 -4.83594325751127 9.34084126739218 20.107205257126 -0.790407988684293 10.8461538351323 9.32939375170297 11.2201640687017
Acinonyx_jubatus 9.44191813745746 3.08399176897226 16.9142227106431 26.2824774971639 32.8511189772177 2.62159767075616 -11.4581343148926 -11.3607248289036 -6.04192915457584 -3.16268159134363
Acomys_cahirinus -0.542041623143228 -21.7074409037841 2.20881323394878 4.19176227096685 7.11754865761082 1.08349050002224 3.29971364834031 19.9231448571449 1.48291752572318 3.57698311998218
Acrobates_pygmaeus 34.7228998235145 -28.6591641191243 -4.47656718769975 22.8373338767655 -23.2073242732511 0.738709684296557 29.5910635019216 -0.318529926817349 6.78458803732178 4.56699726353792
Adapis_parisiensis -29.1232413973732 -22.5822967083439 6.56726273568701 20.3858431125017 9.52661839066808 8.97670505636221 -10.6294606187149 -2.78422908762903 -4.61039704054277 11.4021709155577
Adinotherium_ovinum -66.8111762348743 12.7732922531874 -22.291695011612 -0.121440820835604 13.9429207446046 -8.75672270979891 2.93068973798699 4.19220818666551 7.24855279894553 12.3945276002066
Aenocyon_dirus -24.6085692681949 16.7113869025611 -1.74250790585129 20.3664468294197 25.773687666283 10.0944833890384 -24.0893763973706 -13.5190061342492 1.43486148622567 4.53502055815003
Aepeomys_lugens 20.860444101065 -10.4184379692287 -0.0077737987231201 4.25166039907323 8.62186289701382 17.238376999769 2.50012618775968 13.2258792182683 2.95250122521433 8.89657555878779
Aethalops_alecto -6.82199932965326 -9.92460971692179 -5.32883356304249 9.1252784160909 19.5883940784091 -13.8888803630838 -1.64615033548319 8.28248333964803 1.40690786501367 5.94800552449215
Agriochoerus_sp -6.44139462256769 -8.76528379471931 40.6529992911213 -14.0866078819261 7.84138472108552 -15.0820569063651 -8.39502896676007 -1.13159552947036 -10.0948114135593 -0.632603376366426
Ailuropoda_melanoleuca 10.0741430452945 9.07733247350446 7.98999964094928 18.552288282773 29.2114065664396 3.57241432692111 -5.26444477509187 6.45177134686692 -2.03074185982907 4.70994150170866
Ailurus_fulgens -10.6068858142208 -9.77305998401044 21.3591339916513 39.0549403232409 17.7184104164027 8.98295738311052 -11.2001954214766 2.1758484231301 -3.21139444341266 8.05137392306232
Albacetus_salvifactus 72.6978288658499 34.9858089292375 9.38683036941702 11.4437580122747 -20.9616206159343 -1.44546584513507 -15.8845966796832 -2.33236954619485 0.0355822008157556 -0.789340033641827
Alcelaphus_buselaphus -9.3793996319249 22.8894450076322 -18.3787278051121 20.5826625840368 27.9215640355727 -22.840604856467 -3.73713481558954 -0.22544316281009 -1.17374533608933 -2.78790129628069
Alces_alces -43.7028602305075 17.6454866107105 -0.39724312905695 24.7341179414676 21.3169487145829 24.5739130744941 -12.4212358361819 -7.45264763761041 -11.0202723565929 3.78074965980752
Alouatta_palliata -9.34425135325407 13.4196154397217 2.97826618768922 51.8733588350649 26.4186447312915 25.6537568977267 -20.9834837756655 -7.33663489063956 5.57739043980934 5.49049955930909
Alticola_argentatus -4.96976125909568 -14.7506779546731 -4.02066003860186 2.49133985771421 -8.14690193389101 8.61753395688632 -12.9886832580066 2.73657110519178 3.60459157158013 5.93849386091605
Amblysomus_hottentotus 43.4313097929437 49.242927986477 -11.4152739208511 -4.10821556774754 3.74398025797313 -0.547769118334926 14.3182669327106 15.083649355623 7.51528430185929 -0.656642967724194
Amynodon_advenus -57.0939909007522 -1.47996489996015 12.4222777986679 1.24436602659645 -3.38519070626748 -31.6354185401532 -12.6637696954199 2.39740342627392 -5.00216375837654 10.8151280872161
Anomalurus_beecrofti -34.6245314124605 -18.4420516909083 11.8693924040652 18.830595103368 -0.598450497837437 0.269628171583282 -7.24385798204441 -8.36452701256172 -0.314554533744284 8.04098272898995
Anoplotherium_sp -34.5147805473471 -6.58912920325226 19.920524918364 -20.5468660968255 9.05194057061774 -20.6910280515089 -13.857876892123 -4.12276131035218 0.666962840479817 4.86288622934469
Anotomys_leander 29.8758286275602 -9.33510515571903 -2.08230359275089 0.512512891066992 -0.382914058415842 23.203439326462 -12.3736360466697 2.41926777110916 -1.52825317496788 4.898481248896
Anoura_geoffroyi -26.3584102195945 -9.1568090123124 -20.5453938244106 -11.638912967854 57.081002454558 -5.02420039317956 75.3853518606943 -8.5344591027813 -3.55769378877261 23.4162777308129
Anourosorex_squamipes 37.802054349199 18.0201903956273 -33.7680344895422 -14.6458869482509 -1.78908507085418 10.2531495621718 3.40610072107439 22.6281408999607 1.88057307452832 -1.69206265600944
Antechinus_flavipes 14.9625595001706 -7.57950157553429 -13.3294863349204 -4.85329405575176 -8.38892841689545 10.7504117563019 11.8469687330563 2.7794470431832 2.26552636169897 7.27355839692018
Antilocapra_americana -23.169786107639 10.1372227484972 19.2597627296905 44.8698545841438 39.8866805422502 -0.00524078440967219 -5.76161724563042 5.1157141449587 -12.2537993088962 1.98792823400572
Antrozous_pallidus 6.07342343726856 -44.5657142140563 3.0256564778944 -22.4439293291364 4.77767869386686 -17.3570554960105 -1.91938064193911 20.5166410527956 2.36894813642207 3.50646264109249
Aotus_trivirgatus -1.94588428240792 28.5207192707017 14.8510787560262 33.9913499517838 33.2815587230154 34.5941527819469 -8.42222940315084 -17.0939850253411 8.41174643368158 7.12956196913394
Aplodontia_rufa -4.27733598704618 -21.6641082785834 -12.959099190522 0.932320221272402 -8.75111197993726 5.69650168270484 1.16797893915456 12.2416207752521 4.15006267175949 13.368061216994
Apterodon_macrognathus 30.7473341479822 -16.5675555085022 -0.919005935341095 -6.12810369828646 36.8715186559847 -20.116395366908 1.44167133300125 -11.3712405180102 -12.140833231807 4.55225882600396
Archaeolemur_sp -13.6791558009878 7.45857203719893 -3.58943011648162 51.966295404024 7.37842444059006 7.00479916313113 -9.53412810285576 0.221314166193307 0.130730258395815 2.95799130004725
Archaeotherium_mortoni -47.2767437448343 -28.5785730720305 16.1598312604812 -10.0599126342839 -1.19398895789598 -8.4856918042399 -11.4914850010266 -12.9076381974569 -7.45557277659284 12.9457825226801
Arctocyon_primaevus 7.03496019719091 -11.8675736885171 -21.5890957994045 -11.963936608935 15.4170250223182 -11.8426758918061 -19.8510749593841 -5.17588051606433 0.216891841591644 10.0986255372142
Arctodus_simus 10.1243498018824 16.3416771323321 10.3602479482262 16.8311176090982 9.04121974512099 -14.828815569019 -26.5070978770614 -5.72879830107893 -5.67659858264441 8.71895720849428
Argyrocetus_joaquinensis 63.1505150143066 45.4065704864537 -11.5845414097133 -12.812346783544 -51.6508497648013 27.1005025360805 -46.2024995541335 -9.80029191425522 -17.1548792102151 8.33358413626952
Artibeus_planirostris 49.523841905786 -37.6695986824445 5.38348771984215 12.951649786632 7.84146042002355 4.5796423001097 4.76962481347731 11.9092931797752 -7.34813510629793 13.9128387541417
Arvicola_scherman -8.09782531450759 -5.05461970771257 -18.8828129129471 -9.86697771803186 -11.9900613926015 9.87502244427723 -5.57220616930782 -0.612763697901336 9.24635011695017 13.3000820272644
Asellia_tridens 5.56205258593085 -43.1814252814598 14.4263505772203 3.53334415944759 9.15365024270824 -24.9863716046993 10.2968400442602 14.6328395360103 -6.97166877911337 -1.35177790058505
Ateles_geoffroyi -7.28359242238786 39.3372518282198 7.88544322878962 60.2616775238307 17.0822044736691 24.569292256894 -13.9945019466865 -2.51577262101571 9.492381975969 -7.12627687439738
Aulophyseter_morricei 57.6928789055188 83.0458691023579 -17.9911415561821 -11.5002880835111 -83.92769501841 17.9029974310805 -19.6027135316007 -3.75185112385977 -14.0362214707964 3.23421233935486
Australopithecus_africanus 8.13992730961159 30.8792800922593 2.19474572561612 67.1838229129581 13.4117285359535 1.50515010032506 -20.8185289766017 -7.68504411289185 11.6007665111034 4.22930282860214
Babakotia_radofilai -29.9402536047839 -1.51766822933452 2.92767697443491 42.410124332357 10.8918117583403 12.7695143083664 -20.2189720070549 -7.87392579807775 2.2735429832621 6.36993955444354
Baiomys_taylori 5.26480009355269 -13.6878583579751 -3.87412599149193 -2.04769887080624 -0.769652656247186 7.78329523088587 -6.6264230816274 8.74213576944503 2.46939031440231 4.45429079879271
Balbaroo_nalima -17.0485774921904 -23.3039037660883 3.31301962088341 8.92971104114416 6.57950675620491 -1.33957017321267 -7.55510421683129 3.84023543183607 -0.475536010654388 5.24582008658283
Barinya_wangala 2.18304096468845 -12.4171775936518 -5.66502916207263 -13.0899455659529 7.89660102067307 -0.42568829913049 -6.20424076288938 5.78235884836928 -2.85370882056343 6.66360172419799
Barylambda_schmidti 63.631225322748 -36.9638306876246 15.8702382398302 -16.462345211699 -14.2783453513401 -7.81837845469838 15.339216499383 -18.4762867690369 1.95475472619717 19.8659992549378
Bathyergus_suillus -13.8203988762958 -34.938580663494 -27.0461433427322 -9.30758082458782 -4.50817528193235 -2.40006579632893 -1.87280032375927 5.3926289332217 8.20612841738418 16.1721508587816
Batomys_salomonseni 6.15263137752167 -10.8946601222529 -1.77618830072501 7.58254103989162 -2.81942959313747 10.2911367690414 -7.30220356856121 2.30388807389521 -0.221312603095589 7.66444996417127
Beamys_hindei -9.19013307730063 -17.4835349677128 -0.19537996875757 6.95725376517009 4.18339350142049 -3.05374556881672 -2.68065011733838 14.0559378519394 4.6635246151454 7.58076801172237
Berylmys_bowersi 7.69251764178889 -17.0264359456027 -0.754438177204287 3.24148236812654 5.79910864882399 2.99743796463872 -7.04800019815424 10.2124594191311 3.64452417744554 5.68808440789954
Bettongia_penicillata 46.0049128542817 118.569647116885 51.3554992494903 -23.8825174281821 69.5863877092822 -42.426598788556 4.24055309548769 4.50964355265221 -30.6399226062588 44.9653402053324
Bison_bison -8.13192566698551 35.4426053419425 -0.299323833540282 16.6810555640536 26.7024296597835 -5.29554875233458 -8.37241214802953 -3.72830851750436 4.64238242763887 0.754848141452308
Blarina_brevicauda 36.6610785315672 30.0779043243888 -42.3991499341208 -17.7679859443028 -6.6216597419117 12.5138265695557 2.24708054726573 23.614479274393 1.32210406592924 -1.80856434392075
Blarinella_quadraticauda 27.4433383242203 16.4111866625155 -39.4782115259122 -21.1286906034851 -10.1005741403016 16.860237852898 2.90834755662961 8.84931786895314 -5.76529702312624 -0.0966854850853128
Borhyaena_tuberata -17.2638031443011 -11.3317355793299 -18.7325224487385 -2.13977391690834 24.7273821684045 -12.003321463469 -0.747957804974486 3.91680392636794 -10.2740038787272 5.69163498854426
Bradypus_tridactylus 16.7863233647198 10.8705821917495 24.7676831963749 14.9555398783415 10.2368008731142 -13.3369576737026 -1.49286128543982 -0.735715556616577 -7.58437957223492 -1.08737036587433
Caenolestes_fuliginosus 17.1047943017181 -9.07127503817813 -18.2655704205537 -10.9219266668688 7.56662082046152 12.5773264094735 10.0974934525345 17.5302741182309 5.77242428815613 9.53150556361309
Caenomeryx_filholi -54.3380816321676 -16.1856246597263 14.20051985357 26.7750616557022 12.3167575214279 -4.192059457102 -1.8932984713918 -5.84287916452547 -5.19678246702105 7.25475697030721
Callosciurus_notatus -21.8776806011018 -21.4262955166206 3.85446969814811 30.3439814912209 9.16156567969547 0.237963439157198 -6.98686770071828 4.0591591326801 4.32517126040705 10.1738551627094
Calomys_laucha 10.5337298943949 -23.9068173992366 -9.50892438366163 2.03481586836766 10.6281737225951 10.8935901314945 -2.5366326103321 6.39011855716728 8.95316906703291 11.1654393111472
Calomyscus_bailwardi 0.586702614759632 -19.6616284814069 -7.49500068782736 -0.981452594791681 1.22256908488812 12.3059893253308 -6.72224794879362 3.49933198354813 4.92100129724747 7.02100554316752
Caluromys_philander -2.78696471611108 -7.45342929421062 -5.71105126146987 6.50999613690011 -1.49180831380356 12.2714953593383 -6.9086210903826 -0.0480565466123559 -0.729084210354673 -1.48955750716789
Caperea_marginata 40.7744041757281 37.8006897123913 -18.7575211848927 6.37042874073615 -46.6457784971346 9.47666007358672 -24.1568231661208 -6.04413104951878 -3.78121208329427 -6.43780384114417
Capreolus_capreolus -37.4476354907205 14.1817490301872 22.7406436514994 45.2752605506137 20.7970069859018 5.82974273628676 4.27241093726791 3.37370385179578 -4.5789814579934 -4.35497384058699
Capromys_pilorides -18.4728438661028 -34.581126345879 -3.49715649454398 -0.400828435172372 -10.0855476234623 7.34279556690287 -6.49493751358496 2.13215158761215 -1.76764996772026 2.48211720033951
Carpocyon_webbi -7.03142505047936 -9.48948380408996 3.50227535962416 20.847022018168 26.4017004341877 5.11019264119129 -16.8510413155447 -7.85731139405425 5.14812875767899 8.84342659954241
Castor_canadensis -16.8689927825978 -14.6400029149819 -7.09477641390277 18.6265777875747 8.61480791068248 2.76145677317053 -12.7902810244712 -1.39909001079497 0.128048651730515 12.9286611005489
Catonyx_tarijensis 34.4890778386825 -36.4532295373799 -2.72463226425348 20.1045041857563 11.4741904346131 -10.5405637090189 -2.48830428166644 10.3126680668001 0.609231854677571 6.99429419266395
Cavia_porcellus -60.0341010503286 -25.7189397077427 16.6316553572572 21.6191163183887 7.55475723291674 10.3785838644658 -10.3663481982014 -3.14481530481539 -0.551841537771521 9.38562639910149
Cebochoerus_lacustris -24.0958548936257 -4.75796850053527 29.2928454539101 -22.9387125161438 6.8669661222177 -17.6687554275568 -12.3037742689332 7.9223677976882 0.435177405150274 1.31683041142589
Cedromus_wilsoni -41.8266883844928 -31.2084489659421 10.9544489647973 17.6085587772981 7.60017048765447 4.44415588168642 -9.21174541077523 -3.24791790936959 4.69181787515087 8.0526419903621
Cephalophus_leucogaster -32.9236028745437 -2.20980016906845 2.0646712131839 25.1261284183458 16.3916249523755 5.60527860808695 -7.6529635889877 5.30119964202847 -6.17979395789481 -1.71092606121167
Ceratotherium_simum -52.7790334637386 0.624525455183429 -8.94194581913287 16.4732393796169 5.41502695648547 -4.52860828284581 -5.625160095976 -5.58186946722634 0.0378396752402681 7.57381753712973
Cercartetus_concinnus 3.68509683246395 -21.4343284417635 -8.6037894208594 -1.2034158882497 -4.75225911117331 -5.43553261957932 2.12083888883944 2.79671256597166 1.86212133485927 6.67062054481652
Cercopithecus_ascanius -3.6123134671713 27.0210599454254 -14.5921305376272 37.8889063637672 22.0850170411055 15.3971212846022 -19.8044551316788 -6.24516950000384 6.16220872042238 5.83883729651663
Cerdocyon_thous -3.6456883858471 11.8344620506641 9.92063143080343 28.0610189200669 25.7607957990168 4.91022000652051 -17.2895355060429 1.84751440061807 -3.63653581936252 0.646374277458995
Chadronia_margaretae 8.14646995056387 -5.88163818086714 7.3215351278532 4.72837648424323 9.45679284004375 11.6256248191749 -1.80286684545629 9.05151887641962 -9.3493530842455 5.7662605277654
Chaeropus_ecaudatus -30.8151659377046 -5.48946909726101 -17.8256901964071 5.95002996657698 11.2568721225369 2.56877471892471 0.695634539108247 18.0805146194108 8.31173643060902 8.41860042020488
Chaetodipus_penicillatus -55.3941963700044 -19.7141503998075 -14.0281431529879 7.95596854591516 1.63157215941381 -9.90265395963564 6.88393872470167 6.09720692964812 10.759225917357 15.7189088726985
Cheirogaleus_medius -4.62076099920465 -5.55755890167318 3.17357413630315 26.7628616712183 9.14916400717211 19.4586450339034 -8.54992360830754 -3.18030897546273 3.4378808848609 8.95704765084336
Chibchanomys_trichotis 20.7242806712987 -15.5603933622911 3.68971126990282 3.92069838582649 2.24484348069137 19.3116986930174 -12.5981357244239 9.52120918243468 1.32183504504367 2.41441270086191
Chinchilla_lanigera -90.7103873066734 -16.1390273518683 -0.79990837165569 37.1928084759035 13.5182665103942 -10.5394780221775 4.41354755541565 -1.1367353192708 -11.8154033038762 7.3286238809973
Chlamyphorus_truncatus 65.9382330841909 37.9571152963205 -25.5565805903693 -4.71699833269486 0.60523305450071 19.4128108954311 6.28906174708285 35.3837074601011 -3.37993105341989 -2.36103888148858
Chlorocebus_aethiops -8.6196207053435 31.3846261220227 -12.9968849883535 38.7154188615761 17.9505396564314 14.4924969982352 -22.3379326776623 -11.5457132641027 6.75491020927444 3.61608383809936
Choloepus_hoffmanni -3.7068337258244 -4.78555567886848 -24.4766501437762 18.0988617684065 -0.0730405915806927 -16.7988059418515 1.3658675645425 0.94903792459994 2.40251783801758 6.30845453108189
Chrysochloris_asiatica 37.0381987174921 51.7652995684493 -28.7351436513349 -14.5699902252946 -3.61389247132384 4.09024064650413 14.442807541026 15.8928316968264 8.50291605253081 -3.54783491463003
Civettictis_civetta -16.3495490450367 -6.19324907879143 20.4122817121375 9.55757260241634 28.6021510110809 0.324308769519478 -21.2993320369485 -11.3841518198378 -5.38529184939938 8.3978574332832
Clethrionomys_glareolus -3.09238505078895 -7.61653930010153 -2.8494648493048 1.64834320476359 -13.160138216308 5.9972054863775 -11.6760845868497 3.20415772768598 4.17110066143206 5.81834032199478
Colobus_angolensis -5.81483400748664 24.07999751045 -4.2531049963728 51.4450985649426 24.905781161532 31.164378401483 -13.0257912730436 -10.0359586926763 3.37295599730541 0.392821926908686
Condylura_cristata 11.7908810331158 -6.69974103703438 0.0594812974247318 4.47721968629243 -2.31202100696158 19.8593198629857 10.2827351091626 -1.5909398569441 0.707403384204273 -0.902827179116133
Cormohipparion_occidentale -39.5902827937476 -4.82309272109623 6.43608313071102 19.9573393257576 29.515441341729 15.1124055895158 -11.7052354818816 3.85737153057889 -0.062086250123629 9.78357519361537
Craseonycteris_thonglongyai 50.3130445211387 -49.7722254911239 14.3140505698704 0.718466467319732 9.90206623777475 -17.1139955872826 17.9912761464886 27.4419301783839 -12.2293299702294 -0.379160586138885
Cricetomys_gambianus -5.6522275260664 -27.1319256211684 -4.01537172943899 1.31311585142642 5.39115107946558 2.45945017024725 -8.07930578696698 18.2571294069508 5.29768419439908 6.6155193436137
Cricetus_cricetus -3.34107364060047 -6.70471792862188 -23.853416729609 -4.71230908667021 1.94534680302484 4.494603451307 -13.6916292812545 6.62871727515782 5.0976641610587 11.5620105544389
Crocuta_crocuta 3.62894737771049 21.6984258297322 13.0758539519733 23.5984279629431 34.5140314347734 0.241329221456024 -15.9381579767857 -17.9801637890731 -4.38565379473168 4.92567687315285
Cryptoprocta_ferox 1.90241685883056 -8.80311482049034 21.621133549803 17.3812012150238 14.3285549620488 15.1028891525853 -17.1945125981512 -3.77490172276401 -1.76121183423093 5.36439725002405
Ctenodactylus_sp -34.6929609495633 -33.5966591254267 2.20683431941032 5.10174413396501 2.56753845481958 -20.6822473555811 -5.72747631546751 5.12280133029362 4.38711084767603 5.66216510239235
Ctenomys_conoveri -32.6468304574505 -27.7837703452394 -21.740047826005 -1.57211948952607 2.39278688047456 -2.39313609852765 7.84285253013389 -1.57387942722321 -6.25383829795259 8.43735148063068
Cuniculus_taczanowskii -35.1659359620369 -27.4611849968281 6.61878171955013 -2.59294661654257 1.716284423192 5.08427370008924 -7.10049140051645 3.98891211030501 6.49889214235087 14.4006304868574
Cyclopes_didactylus 14.3260530335943 -18.748875142671 1.0282393325503 10.3168707386727 -7.67525734342347 -2.8124355424714 -8.35350314808014 12.6674068579449 -1.22748464630216 5.10054090242163
Cynocephalus_volans 34.4344318150555 134.993693530249 63.1513993351719 -51.9632526175502 82.7328046809037 -69.5228903297859 13.2860002015323 -0.0484364848053124 -32.1478314734747 42.0258360357077
Cynodictis_cayluxi -15.4558758027341 -15.9399222924435 27.8166476872864 -2.94989042923857 16.5657253282347 -6.80680780974069 -2.00484940669781 -16.003335112649 -8.09102494080578 4.16242578019121
Cynohyaenodon_cayluxi -7.62517045295281 -15.9832600093389 20.4247886568748 -24.0308149330389 13.9828762269668 -21.1907835670363 -12.6391483567873 0.712355239529802 -6.98316615883907 6.80399082247772
Dactylomys_boliviensis -33.7569459549249 -40.7135083826418 16.2090358140632 14.3651242528959 4.37156551215663 -4.8647775011015 -11.8376680169793 4.90838442567796 -0.927668342812244 3.76851885050838
Dactylopsila_trivirgata -16.9659110191257 -8.59182961574404 -9.44655971354862 29.0744830557613 4.23476010256759 1.80511714715924 -13.5914451542188 1.91085331432833 -1.780907083978 5.14545078381818
Dasyprocta_leporina -47.4917111249566 -23.6413703306577 10.3571320783027 17.4548035354843 20.7351747456435 14.5808640387624 -3.30336180150603 1.63933336440972 -2.01813173180212 15.1805658061949
Dasypus_novemcinctus 0.109348043555694 -15.689500533618 -8.25299562917137 17.5190606002798 25.1320793623567 12.5860639161227 20.3596088960954 27.8087910675612 -1.15793042630517 9.70080418343404
Dasyurus_hallucatus -13.9059520578118 -11.4701485915334 -15.9610488114391 5.46050703217213 12.5489069536826 9.13640203347359 -6.18096501118553 2.96722333138647 -2.90513137204832 7.87681564716008
Daubentonia_madagascariensis 0.275239475672464 1.86181958373692 12.6055016334945 49.4927518475591 22.5771551436703 14.4199833995339 -17.3235062349298 -6.27973158616335 11.0920579435 12.3641395135945
Delphinus_delphis 80.0934411118294 50.0794467856761 33.4592101853412 20.6023589214271 -9.48397419762008 -1.74166709674046 -15.4011087015427 -14.6971572195029 11.6004942242057 -10.458672565534
Dendrolagus_lumholtzi -24.7190670182685 -33.544780228673 -0.162089726845529 23.8578387945008 11.4298349766945 5.70534504617465 -7.45671714116201 -3.30954381576181 -4.60268178568963 4.15993196729664
Dendromus_mesomelas 5.67471625035545 -20.1607888519312 -1.3418255985441 8.30497354628399 7.58323789753977 3.74406599145437 -6.60606544262208 -0.4451574499441 -2.45425126978301 9.40383939672237
Desmathyus_sp -42.0709862400811 10.2218638220393 11.0160011263168 30.0507845956796 -1.16747268069687 -25.8315775904257 3.6208463497167 2.57192115348809 -8.32012886497466 12.2934028162892
Desmodus_rotundus 41.9049068480112 -16.318660384907 12.2666061334381 26.905282845933 18.905151367435 8.00934270486153 -1.67273372357764 7.29472132887435 -7.99416548882411 10.1402319344874
Dichobune_leporina -35.1359925912689 -35.0970677431285 18.6408003471441 6.22925703822353 21.6633727801173 -0.546198017840324 -10.4902030973302 6.57170846672567 -1.49845474589038 13.819247084084
Dicrostonyx_richardsoni -7.62196312043267 -9.83736561980821 -9.61139812289432 2.27615254486606 -8.96890907291378 7.14736628588619 -9.29509792953814 0.270996257634767 7.91395353662492 13.1934974347766
Didelphis_virginiana -16.3314135374366 -5.98448030807469 -15.0135703308561 -12.368171867898 11.0409535296495 4.11777537738941 -2.85534020479265 4.60536235297855 -6.88623348196191 8.14173526880826
Dinomys_branickii -27.7374772727049 -26.8348380395393 -2.14727095512232 34.093756699762 18.3650770426991 14.2261157069104 -8.42006280557781 7.20856288503697 -0.521919106015586 14.417240611228
Diprotodon_optatum 43.584904787322 -6.12647006328648 -25.0786203490328 -2.2898653018429 23.2553661471126 -20.3527476571932 -0.573807072318209 13.6301380411287 -0.979648312158948 3.65010164468072
Distoechurus_pennatus -6.53819261397596 -18.9536340783164 -23.5055330111344 10.6822378241288 -2.23790266754577 2.30891481047364 16.1549274318197 -2.61214135705245 -6.87777169452502 6.13599437088203
Dromiciops_gliroides 19.0355846124824 -16.6153941398082 -5.47451793392689 6.6825056597415 0.275542641320844 7.97282713275951 7.50636701957272 7.06679548068106 -3.91533167490621 5.8414459422079
Dugong_dugon 5.7342708307704 -32.3801318004657 -29.715324338772 18.3647024700903 3.06310334561428 13.2758277154976 -1.18983099163875 -17.7597318276356 7.5110666706965 20.648605362962
Dymecodon_pilirostris 38.3302917687375 35.3299307002538 1.47804046283934 23.9370925790563 -25.8407212272486 26.562307124013 13.2033817798887 -2.44699958911613 7.3501405294007 -5.90579481531593
Echimys_chrysurus -39.9082692500415 -36.9946534835196 6.08607335802359 23.586203233341 23.2027916256832 -8.49393777256233 -13.1435079862159 4.08729603926406 1.29084312855555 8.45750522700833
Echinops_telfairi 4.620400186406 3.1965512119883 -33.1374903890683 -32.3720683871122 5.36149430852508 -1.03093348656562 4.61561630199949 11.1212874956203 5.70171859264274 6.58492796438425
Echymipera_kalubu 2.01497073972993 0.32310401043182 -21.0517425592563 2.69879117605421 11.9538191879466 2.09945443677453 15.5524622146236 20.1166960403449 0.946219735775305 3.75359964316551
Ekaltadeta_ima -15.9756917231063 -25.7254921105293 -2.17662187636083 3.18993945044297 13.3139484523316 5.90377630061777 -9.81447602970309 -4.03665371182935 -7.46295586033728 7.8070284789648
Elephas_maximus 36.9010730870394 25.4723696089398 11.683264611975 58.070568917291 -5.19004726043006 -11.257411987764 10.3087966750829 19.9007314005231 20.035154598377 -10.5896969498704
Eliurus_webbi -1.91733263354486 -20.5431037770426 -0.187063678793548 1.9207194133452 -5.56085094458719 13.1455888249489 -12.073499753219 8.23277806276042 3.92692179894809 3.79104357367063
Ellobius_sp 6.19656399608786 3.68008142401088 -19.5613800799862 -5.83913871812647 -8.91968711817684 19.0575975574991 -9.80322164340379 5.50135900110606 12.1767503605972 11.626380113269
Enaliarctos_sp -29.4205360056707 20.2567317230671 -8.88779809213676 12.1467139266493 8.52322348975303 12.6926174256027 -26.8641970489734 -8.22569544674921 -4.88040792617949 6.26243063584587
Enhydra_lutris 32.3901999251526 25.5992425507067 12.4753851949064 17.7634031775435 14.5441115030001 32.9696160989807 -12.9955894827016 -7.76013094699622 7.52188377073731 -7.20009635925987
Eonycteris_robusta -1.10175186792421 -19.2486399160694 -3.96059699307643 7.6374580463098 14.2879369868985 -8.44665501536849 -6.45798364875642 10.3002035068975 0.838585351984012 7.55369972543039
Eptesicus_andinus 41.9873434972409 -43.1651589195687 -5.72714549231732 -37.396408971676 -4.26071412249024 -1.14396284486329 7.21623400977187 22.3142825849933 2.174958619758 2.83375367112666
Equus_quagga -53.3978783742576 25.7244067841629 9.74968189074634 30.6328340498037 15.7420815345193 -6.11574526823288 0.604028089504374 -1.02046188219842 -4.12985446904425 1.06934563974557
Erethizon_dorsatum -4.2197185907792 -38.0538249802571 5.62235906670966 14.8089987172227 4.31539453485577 -2.79775357005114 -6.73439573811661 2.62640313089212 0.388776252175966 16.0755704754353
Erinaceus_europaeus 18.2318845811061 -6.02035989465211 -30.6340336208862 2.30069007889117 -5.27158557460438 3.21586249053142 14.0294132362021 2.34933363117951 7.84278006189101 21.2445909485734
Erophylla_bombifrons 24.6244600920312 -31.1011489874548 13.4926094403748 26.7275870326221 9.32803818124555 -3.03952629701465 6.94600150272124 6.15411362603533 -2.62729782333507 9.70499409066766
Erythrocebus_patas -12.7801430097838 35.959757896688 -5.23530762500902 39.5184517762941 31.1608579061201 7.0329189584653 -25.4344401112926 -12.184255016767 6.08866670577306 4.05614422157488
Eulemur_macaco -14.5760673201439 3.46303573138258 4.26117824457156 39.146221166141 19.867057288925 18.0437454437754 -29.7378048835881 -7.24485948962345 6.45587015067086 8.70030727306746
Euphractus_sexcinctus 22.1385737250249 -14.0551154672676 -0.670805446198161 24.2306514476081 0.328875208644591 1.19984451819287 2.42124951027649 18.7858329016712 -5.6581212728532 18.6734179947122
Euryoryzomys_macconnelli -16.4580875577712 -19.0307076649123 4.06415589409213 2.55589259505377 9.07214649897931 -4.49559646861384 -7.27325926694094 9.30305093106345 2.27385762723358 8.65573509054929
Eusmilus_bidentatus 4.17461863375236 4.08325016741237 3.44809028749034 8.77556681904493 1.70894438836277 -6.55365558369155 -7.7914265220241 3.52416314935847 -0.789304789896081 8.50836937855046
Eutypomys_thompsoni -24.956293022594 -27.8630726767992 -8.90917044380295 -11.323038855034 4.05598172810283 2.50928832872943 -21.54837538888 16.6373885757459 -1.18139055585894 8.05521348359236
Felis_lybica 1.91978993798352 -8.48997687241966 23.0748303913709 21.0273735695658 24.1215664904393 4.69036506367636 -7.87263185722009 -2.65234969965418 -2.54934228412419 1.88232889502164
Funambulus_pennantii -26.4852858667337 -19.5468465124884 1.77115126908461 22.2213722065514 7.67191076094804 11.0932123062874 -10.485551711086 -2.11957045752321 4.99244427004158 12.1380513924251
Furipterus_horrens 49.43555485383 -50.8131288566443 19.3602978875825 -4.40735310270238 27.0034804671815 -3.12615469057761 21.2197059933151 34.1531198219307 -4.45057557490377 19.5439351667494
Galadi_speciosus -2.46505560483204 -12.7677382088724 -28.7784674101395 -20.2052214187231 19.6759806828753 -0.881509244283657 12.6722477109473 11.7712849852579 3.86873891500935 9.09756408164623
Galago_senegalensis -16.4105869532835 6.65933215627273 6.54428380844789 54.0221355586068 27.9074453696096 21.1675078371606 -0.120388310227701 0.621360306156385 3.64107274107188 4.84197545931313
Galemys_pyrenaicus 36.460248444343 18.1120611033089 -5.37447071796874 10.6343172244196 2.03155319905214 24.8799095804593 -3.19202510633927 6.0302286312844 -9.03221412226257 -1.83443435911734
Galidictis_fasciata 21.3263351954908 -6.10940556712938 19.1607306334309 22.4917685796446 20.3730541824628 14.012248954381 -16.0394634631179 -3.43326865781931 -4.3039601328838 7.57225255110671
Genetta_genetta -8.30664950996238 -9.83607335140383 29.9995536248748 15.4574298227493 20.7601365549963 6.85719764651748 -17.1288203073331 -7.11471496347503 -8.9126600485391 4.86787330617806
Geocapromys_ingrahami -45.5126043579579 -36.1744405731793 0.510494372798044 4.77812700154404 5.75267554617047 -0.876712570109822 -4.4288833137055 7.04431845763363 -2.2527480304846 3.25980657822517
Geomys_pinetis -25.1541087964404 -19.785898725799 -23.3641610198177 -5.70836882140171 14.5552592392321 2.20340900172225 -2.90105330903413 14.2832552895441 15.3352568038319 22.3516886231126
Gerbilliscus_afra -25.3356026480595 -16.0336766664055 -5.50169256913316 12.1212490546855 12.4447736583903 13.6747325934631 -6.493440716451 12.1522090711729 6.57537064665706 7.12108991409732
Gerbillus_gerbillus -16.8241753236212 -10.6177717292995 -12.1223312045641 8.10816019008938 -1.7109977077024 4.20944940418063 -11.3080965916747 2.43424596598126 7.55561295124019 0.830915765377905
Giraffa_camelopardalis -40.9671181116376 3.53532466103971 16.8673569793869 28.2013402980625 18.4464687736707 0.980795700853778 -5.68915333597477 2.07675265200419 -0.460762422351801 -0.182847956485042
Glis_glis -10.3373673940025 -30.9548267950021 -8.28177817621152 9.52806322272189 0.0035560730271989 -0.202404471935458 -8.83755900805581 5.83731706634858 6.08801925263274 13.5893330899907
Glossophaga_soricina 34.8469524648988 -33.3104520336972 12.4635305836862 12.25299885536 7.37339676959705 -15.3415341279623 13.2051566087561 13.548451492798 -7.29172717369448 7.28939256040948
Glossotherium_robustum 56.6582403528515 -4.18005026906451 21.2345639693149 24.5083989899448 2.46082750632789 -28.8989229998924 4.82588058570804 -8.09956841841105 1.98188034682736 3.49979643234595
Glyphonycteris_sylvestris 43.3303804148014 -29.5883322172636 29.2150842188107 8.02024919107952 10.4618526821868 -7.28139493936502 10.3625761299781 22.2821339966498 -10.4856517470591 -1.20643899176191
Glyptodon_sp 31.2432585670372 -24.2693805776455 -49.4274989471474 7.81437542402445 20.37417011201 -21.5795487844402 4.50413191747784 2.51215308197993 -5.15799542138346 5.31985558863533
Gorilla_gorilla 24.974062625184 28.3218386704088 -13.4577512841092 65.2882065883539 31.1956234943329 -6.7265814037814 -20.4656507956647 -7.30130982123275 15.0066531166786 6.51021662600574
Graphiurus_nagtglasii 7.49193267408414 -27.5775493014656 -2.20676825411424 17.0568215460445 7.49385391677348 5.43067984381485 -6.16828294369411 1.7588726416802 4.83873535482254 5.11443093469469
Gustafsonia_sp 1.11943636243724 -27.021172558291 28.0693228154602 -11.3518890131615 27.5006448924669 -1.70624038565365 -9.7109284015883 -1.51840277452751 -9.17819996394793 5.7921715242369
Halitherium_schinzi -0.983196743236248 -23.9771276899192 -20.5575587632779 36.1506492582337 -13.4656369572776 -35.828118186506 -8.62966160500072 -4.81676006988752 -3.2699296776064 8.05280344441702
Hapalemur_griseus -18.1101083949641 -11.7848417112326 11.069531204597 43.4323617844705 18.1018272538964 20.2573621174605 -16.2768608386721 -4.49410480145404 5.49413584623708 10.9278444068981
Hapalops_sp 0.57713344997129 -22.4049638735949 15.5772498439451 33.6692820560338 13.0743387819086 -17.3756857031456 3.51620685213752 13.395482887932 -0.469029247916221 10.3871890060714
Heptodon_sp -61.0196754995723 -10.9442770817567 12.4302310272759 -9.9672460531427 2.33595005896368 -0.205133047206804 1.17354468691689 -3.69430042441376 1.84328673315585 16.2241890129627
Herpestes_javanicus -20.6349814251097 7.8679788759199 22.5060864985639 12.1383410594976 12.6794130878349 23.2663184778227 -21.7939853924204 -7.88750159675703 -6.47241566624261 3.68415950070024
Hesperocyon_gregarius 30.3313040845128 -5.88058113597944 -4.73110921491754 15.665885921258 2.01257557340331 -0.689761196063529 -19.0750118876622 -31.1079794653244 6.51500721670441 14.9922769654949
Heterocephalus_glaber -27.1567648139757 -22.6451828220613 -25.6835913516391 -14.4658818541789 10.7493227592747 4.28325236642908 -6.91289578348267 7.02564088569446 8.11900539788444 11.5015730829562
Heteromys_desmarestianus -13.8216925911941 -38.1612900462893 -0.80103280905864 0.0437389182497888 -14.5098905052118 -15.2126432867374 13.9799596445291 6.60811024129693 3.32724934588855 3.27846138360859
Hippopotamus_amphibius -0.191846994464101 10.336032699684 -3.91869690862384 35.6689028777423 14.7742538084573 -14.9312990868061 0.847149789903535 -11.3825669527432 0.228205163688305 10.3142537495438
Hipposideros_turpis 15.0968639563541 -48.871898839951 19.908710371029 31.8781813255493 21.2660227784698 -20.5710055606583 6.56861361207963 18.8863008684097 -12.7806786033278 5.48254470184717
Homalodotherium_cunninghami -29.5388718728027 -45.9372974809837 11.3988942173727 33.3490953140666 14.0672294143354 4.4216461094552 20.4308962657065 -14.1252707355363 4.13745681954631 18.1109554250439
Homo_sapiens 27.0640543853615 70.3288444809545 20.2124181611831 39.7587028655232 62.5472417796574 13.3964525426669 -22.4531020624118 -17.2491728130397 21.0397013510682 -7.71636418777503
Homotherium_serum -20.1444280407434 14.3667622109954 10.8185379667187 -4.06688971125666 19.4620547265288 -18.1257331830647 -35.1886282021735 -11.8657170158482 -0.888517833454568 7.09696032900398
Hoplomys_gymnurus -31.3654940291286 -40.9936820798066 3.11591501296111 25.4998114983414 22.8470577325679 -0.954310251726216 3.69942081630637 19.5136204510629 0.542269420557624 10.2480984695843
Hsunycteris_thomasi 42.6377282056624 -32.4366742335369 13.0120666692819 20.5369653221682 9.44507885216592 -6.1297707465848 11.1569628937091 8.72591108897795 -6.79905907606242 4.83423944663331
Hydrochoerus_hydrochaeris -64.93694963629 8.14834755647826 2.77812324591746 10.6511789849688 -2.10852581253124 22.428823354665 24.1096718154751 -0.60192700291282 -5.05972911524316 15.4604322190619
Hydromys_chrysogaster 31.2943568047662 -16.3251297320076 -1.14994943515928 2.01005833448539 17.7225177252072 17.4516113464083 -9.38287818807988 13.813036411742 -2.54728911596078 8.1306952082711
Hylobates_lar 16.4827489106506 8.01410698267052 4.1101492803278 56.120011481524 27.3007179404358 12.9984573772997 -24.9399385880768 -11.1471590088531 10.7630050743597 8.99003484055101
Hylopetes_spadiceus -33.4090445213853 -10.1973763158229 -4.73058128569673 29.309401932832 7.15480324986024 10.393746251465 -8.3997652300211 -7.0813957024328 6.24142041830368 11.3512365091255
Hypsiprymnodon_moschatus -2.5843943417065 -14.1423976461228 -1.22770943335527 13.642584706253 9.22146750238927 3.46248192249441 -1.80134858184542 8.51769945191062 -2.63554417064721 3.96657285317899
Hyrachyus_modestus -58.1356436894511 -26.1442889825599 28.2155993961838 -16.6293330822664 2.2281894620982 -8.71918219875991 2.10637818234011 -3.81381548473879 -1.96237434313895 17.693969427423
Hyracotherium_sp -16.0279796856115 -37.0466816147452 14.9427727629605 -26.735840520934 23.9664508606945 -7.34238935053541 -4.10818054017144 -6.9160947909116 -7.48277262973075 8.19404698156131
Hystrix_indica -4.85556580572036 -28.9273080094737 3.60918288350753 25.8391280265353 8.14642177028844 3.53364204660302 -6.46944467148393 9.12031109940572 -0.324738353661985 12.3301257208949
Ignacius_graybullianus -26.7024633333127 -24.4652153027323 -16.6594832811064 1.6875837049643 -3.05909058732397 -21.1353117566815 -5.46180980088547 6.59557828192533 0.227966007415892 -1.75620225723342
Inia_geoffrensis 74.5888569296693 28.1756633193392 16.7125106860019 16.1021170957957 -15.855104799691 2.35653478728229 -19.3264078610813 -25.3895265318472 4.30527971417719 -1.97939326327197
Ischyromys_typus -20.1898469608941 -30.2015863395422 -12.3418333024279 -2.75546378361878 -1.37814158858989 -23.2363148237686 -7.37031226981125 2.67310987611408 6.45385877993727 5.75171561988251
Isoodon_macrourus -28.3819784057116 -17.132576990069 -12.1820775780421 -0.503753171150044 25.4678749594647 13.0296858386729 6.22955819145648 18.3820108673261 9.4696022051531 14.016561821415
Isothrix_bistriata -49.1618982670563 -38.7240433112725 14.1088742898621 13.063981826913 14.051660450716 -8.81915480011124 -10.5748744768625 1.09902358143809 2.40702563818773 5.25517686751693
Jaculus_jaculus -83.0062727835472 -5.50586473790061 -5.6720288208314 16.4188486328368 6.42386202155606 -12.4213116357248 11.9012046108371 2.42689411469698 0.597859379964165 14.1956606830749
Kerivoula_pellucida 49.1050772328872 -23.6276113629223 26.5618787818382 24.9397817398002 17.3195528792788 -3.45755596668477 12.7473196689405 26.8770177121797 -11.9720382984074 -1.78229216096616
Khirtharia_inflata -80.2191452728085 9.16087260324559 8.26028581026055 -38.0008096399593 13.6848072180547 -3.57841686847768 -9.44948503840211 2.35528048180163 12.2185322145287 2.53439209581398
Kogia_breviceps 45.4441837264764 57.321933342509 15.7955117291679 20.7079823175859 -21.736475862255 7.3503767068965 -11.3894688203059 -20.2379316222309 14.4322275085103 -13.2575372009694
Kryptobaatar_dashzevegi -28.4650915594767 -8.65406906003699 -9.39615900919578 -10.7919938159453 -13.2056967709128 -12.5425504052012 11.5910470100338 11.2541759787701 -0.703939218042866 -3.75165806772632
Lagostomus_maximus -52.8303521212816 -21.5790519932307 -4.33503986871063 36.8094023321041 17.4442401201257 2.41035858567451 3.41880933733014 7.13696266692933 -9.90890793884747 5.36617488335863
Lama_glama -30.9072198683695 -5.52278174126178 11.3555247489264 31.9780810178902 27.1648680199635 4.97339896575008 -4.78864486207468 -0.423370278980027 -8.67375207843693 6.28837651275511
Laonastes_aenigmamus -24.4336429315412 -49.6944479932145 7.79696387796601 2.54967199297633 19.4413333074484 -18.6161611506851 1.2461339374294 15.5441070888156 5.36111836092605 8.82853913269916
Lasiorhinus_latifrons -4.13177293489401 -14.1410501575667 -3.20340442044039 1.69700651718839 2.9779433716649 -0.502800136731117 -12.9034794727649 3.39895304736876 -4.71893629749829 10.5143522665963
Lasiurus_intermedius 40.4492920697263 -41.2223062682743 9.69602152101493 -27.4747612402431 -10.3139495054791 1.21443984631092 5.35405292734406 31.5813445420342 -4.0764442750111 4.03134870453323
Lemmus_lemmus -19.2383598076367 -21.7763651077684 -12.6500934977207 -4.95598508152977 1.16948426735086 -6.61810057878182 -3.26213301528892 -1.01708619616119 2.75972450498913 7.63923546426834
Lemur_catta -18.7241135287806 -2.62458280850135 20.64199007679 43.1957407588412 21.1726912903996 23.384931091375 -16.8994908499393 -7.72675121139078 4.21368742739931 7.51822114400097
Leontinia_gaudryi -11.4157811503152 -4.895587362222 -14.9746298312647 16.4618896337642 -2.12245918415915 -14.5970726935832 17.7947783737202 -1.0303282939774 2.68798567440017 22.4562244597872
Lepilemur_mustelinus -27.0309458270942 -20.3676714250665 10.9472862666167 36.4087557929175 12.5532656794476 3.8206150546085 -9.49842533977952 0.154944232437642 6.02892104988602 11.876004207785
Leporillus_conditor -21.8434592316583 -18.2419862182176 7.99147685898133 7.49667634332402 5.12851190704265 9.40147079405257 -12.9779338216905 13.6713071760215 -1.05798277232274 8.43001031622291
Leptailurus_serval -14.0456896962003 -7.48607181237958 21.5188869583974 33.3672537287323 25.6662837463342 11.6249744531097 -11.4340187657346 -3.66257568508948 -2.29357437316021 6.37392552948309
Leptauchenia_sp -74.3297025794586 -13.5265908138301 -2.27214147395544 -3.9819811509285 10.6292946464956 -19.6333270441042 -0.811304413410816 0.272658056395697 8.75077798541893 11.9783534550262
Leptictis_sp -12.7829976462485 -44.6416644614265 18.4550238981168 -16.0698391980033 21.5207331953641 -5.10078517258348 -8.38294995044336 17.4772613432074 8.86295244416578 6.67456482522012
Leptocyon_sp -9.20734205337273 -16.2319411146745 26.0512710718792 6.1564630866497 14.9925131847861 17.5953697401921 -21.126827617687 -10.2787099924972 -11.3148917672142 4.95431354652157
Lepus_europaeus -48.3004759535319 -25.7185720006493 15.4541215656857 24.4175503801059 30.3009246041696 6.13360566221894 -21.7242067850056 7.95190032390151 8.91926313743999 12.7741190244296
Lonchophylla_robusta 24.1307178929044 -37.6508090544103 13.5462599021877 16.8764969513327 10.3884850259628 -1.17998023035436 -1.29495447985833 8.44269641987622 -6.0506288583418 4.51309438381927
Lonchorhina_aurita 48.4445993575423 -55.4678984093786 3.05690134098169 -1.97643981814538 12.1306124429639 -10.5219750367676 20.7859795757131 18.3995273070175 -10.1059995706107 10.0578960065846
Lophocebus_albigena -10.2328683726862 33.3496555130681 -9.67256983776656 46.5158332347652 17.2293454437945 30.6901114538673 -16.8435799424869 -12.0405686758782 6.66782497221866 -6.14821715831473
Lophostoma_brasiliense 45.3976667170561 -48.359691114652 40.5529999968933 19.3705610453483 12.8131398823665 7.3551039389619 10.9986339871371 22.9798406879733 -7.28698341258677 16.5394597968124
Lophuromys_sikapusi -3.5039920230481 -13.5414740028372 -0.151849541952185 7.96650428445135 10.1024263355015 -2.530477248423 -6.53125656721151 14.3912928186986 4.32296956446198 6.90574534846461
Loris_tardigradus 7.01802424005628 39.3105825023696 -1.99047028436984 51.3981838928839 27.6549530697924 -2.72851149305866 -9.3710827071774 -3.58201219356277 7.6118169757101 4.2097630270448
Loxodonta_africana 2.05647574703521 -2.40974355297624 -17.5949655404774 36.6511858247469 -9.0144946624966 -18.4456886164175 16.936460032363 10.8776394406384 11.1598619810304 3.29272181146847
Lycaon_pictus -12.8073504637236 30.8723409596973 4.06287614754747 29.1040169030043 24.3353962580617 7.41825910141106 -18.4379444381321 -5.58300990672822 -2.38799400456528 2.61254032378681
Lynx_rufus -2.87479410014363 -10.345193662542 18.0669403103686 29.0582572409201 25.2939615536043 15.8481755380556 -12.152305595722 -5.8185196515623 -3.518865496255 6.67664334604752
Macaca_fascicularis -16.1893451933374 35.5735431148094 -8.86731826455239 46.9442391030127 21.4941534082905 19.7708052012458 -21.6860595952206 -13.4523848100405 4.43627193934687 0.284710118821839
Macrophyllum_macrophyllum 32.2978825043703 -47.6522487965575 12.9322541085739 20.1223695749948 18.600886532352 5.47463441642766 12.0000775945329 14.1496315566773 -4.65416409630729 11.7301158322353
Macropus_giganteus -53.8249969393015 -10.7506783018312 -9.1608652243386 19.3885646876275 13.7408232868448 11.0698910594669 -3.98710617084471 0.150046138809425 -1.8531690357868 3.94886574710627
Macrotarsomys_bastardi -12.0904179887624 -18.2782316468945 -6.42922548733647 -1.69945788139991 -2.38919320800367 16.7176752011064 -11.6481334582278 7.90168094576092 5.5268972240607 10.2405825246823
Macrotis_lagotis -35.9879779541472 -7.18340754492079 -11.791062341673 5.48556534522219 4.00036649601522 5.74092874216892 4.29379566454603 21.6372318015821 7.3630883830699 11.2478084355206
Macrotus_waterhousii 6.825015273865 -51.8679861311927 14.9672668354321 25.5962080076623 27.5094038536156 -2.80045894428052 8.08819282519498 24.0266119672232 -7.61992902761462 12.3461267237935
Mandrillus_sphinx -3.03375538580222 33.2129010681902 -3.14743593136149 47.1920790914947 28.3836118468983 28.05039995893 -14.7825637086397 -7.6509949902257 14.9936158512202 3.10091285457189
Manis_javanica 51.0889519043617 15.7784079088638 14.1740948826625 -14.196476988525 6.29982014372262 -4.16752351461614 9.47485130176177 3.3876746358571 -5.23663399814867 0.487059140506905
Marmota_caudata -21.475629556342 -15.4252907077432 -16.39253936222 17.9661136981092 20.1240809223781 12.6639783348605 -14.96598887077 6.02711217015194 -5.46690468914774 11.9404066772745
Megacerops_coloradensis -28.5237762688533 22.6889017948059 -24.7208226959522 14.4193126888651 3.10458171995786 -17.3042259011833 6.63697277316015 5.11410786052461 0.381570945433578 2.19571972893148
Megaderma_spasma -1.85486319698449 -54.3032973415208 34.1407596133245 25.4054998310155 19.6897596005072 -9.30258087461724 10.2823526844289 27.0527990858379 -9.35494445104754 14.3683783519971
Megaladapis_madagascariensis -31.3242910589771 -4.59703642728335 -3.16354065732001 25.5230904286866 18.9132764195747 15.6279081779065 -18.7154288850875 -9.77911635206906 5.21187396509153 8.05963154673876
Megalagus_turgidus -27.7319472048311 -49.8037007149756 13.5439867017642 9.60182508089733 19.3178506333178 -5.31280735236748 -16.2159666483015 10.6762748536739 2.20357520842716 11.0091102451681
Megalonyx_jeffersonii 45.184648805488 -10.4857408043755 -3.0995470276336 20.1189190586124 10.7329991714218 -9.83310354265468 4.21640735838674 1.73389107018508 -4.28488492373375 -6.78235138100236
Megatherium_americanum 52.9815488109054 0.374552824068368 -2.33595164126697 23.5889992113789 3.60255177545275 -8.16322965568359 3.51801510794391 2.4039025986335 -1.35303109549919 0.190981995685371
Mellivora_capensis -20.5329039407141 21.7798348025565 5.06843659559098 19.9536891298855 15.0507609315123 0.711909210644307 -34.4165853285229 -10.2435688358747 2.7598700301837 4.38469020184448
Mephitis_mephitis -6.40050953081791 4.47434727344321 -13.2761252460323 24.5151776252351 22.0106272522631 12.4275266309769 -10.2876326831133 -1.58729958193076 -1.52746998987117 7.26169766133024
Meriones_libycus -75.001704538554 -8.70186359476435 -2.81370672429022 -1.30969622192983 1.7773135619062 1.65570679613656 -16.6094248947452 -5.95904916148707 18.4285550528912 15.1647428717812
Merychippus_severus -43.9749721896377 9.59456528699268 13.6251218572943 16.4399014584455 25.7723723051341 -4.26991072473839 0.62864131592274 5.99880174044232 0.401586269204379 5.89202624759287
Merycochoerus_proprius -19.7248851799383 -33.3850427105895 -19.8375906777687 -0.0810286364019613 25.8359199603168 -21.0862939202481 -4.79276160493955 0.333869661934247 1.56971258103085 9.45465274247003
Mesatirhinus_junius -11.3691738202022 -17.9289478229476 -4.78436487832511 -34.6558820837531 20.4236960165252 -10.8499506136633 -8.79142337791931 7.87128929483601 -6.46403784323825 7.22005152146074
Mesogaulus_paniensis -4.96060115300376 -31.8736906604826 -13.163198774842 7.44354492096362 -4.5899553013376 -7.66180662084131 -8.92734467985849 -3.47146888729846 -0.132374414875862 11.3867850154206
Mesohippus_bairdi -27.3427220583828 -24.9757270861121 23.4277353201923 14.104527100124 20.3983202972388 -11.7951742776158 -8.03457709180072 8.38143649541527 -3.7192533065304 8.73226141988412
Microcebus_murinus -5.92895279034922 -5.18386201899927 -4.75492335104527 34.4226132504253 13.8819579762481 13.7537126650842 -5.50440265958763 4.52218266586437 1.05565743449095 10.0644083387891
Microchoerus_erinaceus -37.5488969919417 -11.990441671028 -4.3202529631091 32.707223081475 17.9746832338168 21.1105435298732 -3.77224309979353 -2.24806432664765 0.432685395030343 6.83132511355914
Microgale_drouhardi 36.9250968904239 -0.909719256059847 -22.2665045069134 -13.3920820280722 11.7076255921027 7.50946395039898 9.29760973210242 8.03460389077311 1.28625117590599 9.23320505686573
Micromys_minutus -11.239553380482 -19.3263598032961 10.539055006371 17.3141491339827 5.92648800023588 4.1660903446483 -9.07334817432513 13.1177321219863 5.70199419244501 8.15527483285336
Micronycteris_hirsuta 22.7292526662114 -40.5246924747521 26.7315754092588 17.5226456985582 14.3370568668519 -2.07725721957128 15.0958706927474 21.0399524484537 -5.89201346846552 8.3732679987125
Micropteropus_pusillus -2.76332733530266 -26.6873535489607 -4.11962989442043 2.28210498541048 16.1914717139008 5.8065009777847 -6.18560864526513 2.49335796260903 0.68194142211893 12.7877591000375
Microsyops_annectens 9.18259443090235 -27.4814653668525 -10.9736760040817 -0.860076587978247 -1.85465936285851 -18.9345268275203 -5.36642012932892 -6.46633509070915 -6.15718026414673 5.14547772825481
Microtus_yuldaschi -8.5485061648185 -12.2089175309194 -21.9605573514562 -7.46552767892348 -10.5391836588833 11.6654967994187 1.36777409284861 -1.54777424873443 7.28161059866584 9.7396032971129
Miniopterus_schreibersii 48.7098618397941 -36.9105634595411 6.30625310015669 -16.1522490167352 4.753885613855 -7.6373785128292 11.4271355030446 34.8627467542431 2.8612660881955 5.05445931528323
Mirza_coquereli 2.59013498549269 -9.2498795735686 2.33292795921173 40.0876142285783 16.2807829448275 13.7096362858363 -7.7241859583129 -7.39594015283412 0.419083227874284 8.13099415333121
Mixtotherium_sp -4.97404162988775 -44.3062825258707 2.88954473039004 -24.3487994865414 22.1076847710468 -26.8028606603562 -20.1190100632399 -21.6786474957838 -3.36551474042528 -1.40440072488542
Molossus_molossus 37.57036367836 -43.3986498019403 7.6280723190475 -12.1886971530075 2.18789565296443 -1.16647654542641 8.0523929543155 22.038337310138 2.73237700820506 3.48345730341371
Monodelphis_domestica -7.88751817355602 -19.9171748140343 -14.9442865896821 -13.6020151759895 16.5510923673928 1.65502499563879 3.55368574946191 1.00080813180161 -6.6450515004553 3.66929065457606
Monodon_monoceros 67.8546543730488 52.5434650899744 -14.6399827036104 11.9037234695261 -24.6239039392297 -4.03144373040907 -8.22379998923326 -17.2753282982946 -2.58650777049722 3.59438266822356
Mops_thersites 24.6932229395035 -42.6953899244199 -4.12612186532962 -2.35559301279607 7.66899934556186 9.48984088816515 6.90630887591265 1.81175085546328 4.33602860245665 19.9311441420898
Mormoops_megalophylla 89.9504543503816 -15.7507110045769 6.55883426347977 -38.9713337097827 -18.9995625989256 8.3376629669223 9.32767191465802 35.9521451028827 0.907810161239567 3.86657890011052
Mouillacitherium_elegans -13.8400285816533 -25.523632598503 17.1487890843558 -11.9924154502856 19.9055863720257 5.17810887088159 1.23595355046145 5.20016658330075 0.805079438627672 8.91936315564048
Murina_cyclotis 44.8478802714524 -17.8578393813559 15.1141321429425 0.375602077741362 -3.49036240309876 -4.22014774188595 17.4310080502945 21.4665985154217 -4.18612980059905 7.53559307470008
Mus_musculus 8.95643700293347 -18.5638811433541 -4.16507593322732 -7.51654029327201 -0.717117952891525 9.17802878474758 -11.802900600614 8.17031477670966 3.04377846153831 9.02858708124806
Muscardinus_avellanarius 2.67536154910677 -7.95206622926391 -10.9797747579815 13.1376563987143 5.9418982072561 4.06051352649238 -6.1812003989088 1.24691191152693 1.6925524841817 12.9530536929509
Mustela_nivalis 5.2312332990947 -3.43790156798523 19.5652418062758 8.76114388095658 3.80213631775163 33.0657892565378 -15.8795820711995 -4.05313155005133 -2.85825086024202 8.35287266998252
Mylodon_sp 26.2378162521446 -16.9617250267926 -8.72583444377664 25.3853611762527 7.59714787088798 -29.3921644068152 5.16912626796382 -1.71079108250571 -7.79158364782848 2.81286848838754
Myocastor_coypus -48.9351825593506 -22.4054910132507 -9.63053336642896 1.67969047919076 16.1030368137781 16.9281829472121 -11.0619616764971 2.53295043874943 -1.18537069350979 10.6911674752511
Myosciurus_pumilio -0.271835761405723 -16.8015507633484 -0.0701582037368529 20.1711199166244 1.19742397542622 7.92682418178696 -6.55450464830484 4.9897814083842 9.99792824346575 8.62993706887193
Myospalax_myospalax 3.10215735557144 5.43231337782678 -36.4749801339894 11.2252983644671 3.57240079234281 -10.8813261877242 3.91959609063597 25.5676501152261 9.89449548063624 5.21483828632398
Myotis_adversus 39.0770123136072 -35.4154470480926 9.98671827184986 -9.49005830525121 11.7224016933108 -7.48004278185315 9.46845447527345 28.0360433558851 0.363062348409028 8.83929793074772
Myrmecobius_fasciatus -8.20348624366145 -15.9562774884654 0.875133901258938 10.4438321350215 -4.52622372052462 -1.81774297900837 1.44326461134809 6.36337178909734 6.42651257168629 1.29375799731659
Myrmecophaga_tridactyla -11.4516132529572 -9.33341781366212 1.2969123519344 -7.46811194529191 8.45499597824135 9.36702739443302 -6.71634179373182 6.94846522648464 0.181866136412043 13.4094406462959
Mysateles_prehensilis -43.763684915474 -31.658175912251 3.11966735859994 9.36241674139704 1.69065575191034 7.27933135470733 -13.7674484334564 -11.2698630262788 0.721913547179926 6.06073033687964
Mystacina_tuberculata 39.1752047798997 -30.4814389655334 4.20912861895528 -3.76044303402433 2.54043325422604 2.83397908030716 11.6433615441789 23.7932071767123 -4.33229353531255 5.36304849334938
Myzopoda_aurita 49.2805818778135 -44.1149631528754 0.56836795801864 -21.4807572477889 16.8963000838731 -10.4160974291269 15.6871753518635 18.4906144939927 -2.29176624017148 8.69842643518284
Nandinia_binotata 10.6410907868257 -12.4172037274732 27.1449888293785 24.2256303805933 26.8851419332706 -0.927735937921117 -6.87548799536868 -8.12875533202488 -6.10989800862591 3.12065021928732
Nannospalax_leucodon 12.5812714457046 5.88368261622451 -27.7685506441775 3.00583961012407 -4.13809540233941 -6.20343754327888 -19.4557108202108 5.98829413861278 11.8380488351406 11.4467315171515
Nasalis_larvatus -3.93793055359806 27.3338183479999 -4.00855345178732 50.0401442737171 18.1558773462461 14.676321375584 -12.9277596413856 -15.0609911038923 11.9707991388803 -2.13901239135263
Nasua_nasua 1.73820532404184 13.8488498248916 15.3997603338825 32.1318213450922 24.8236205499967 8.78071664766347 -19.2146578135752 -12.0019091775596 0.682270250865747 8.64027143657472
Neacomys_spinosus 3.30175661185366 -20.8657755997155 -1.53363976566582 7.58677361715828 2.68933534217322 0.204856884533675 -4.80334222681225 9.56559833803407 6.29633950797716 4.41480648960064
Necrolemur_antiquus -33.9747712655219 -15.7286254058933 -4.94151783560469 37.6704156578774 21.2777902141688 24.4144065655256 -2.18153301507916 -0.754804541098698 -1.70546023343974 3.00433061332117
Neofiber_alleni -0.728391613753231 -20.9501880328649 1.98869514913438 1.9856436285621 -0.237624816222652 6.92158369190517 -9.45139841912997 8.41933344192831 6.85104691689501 8.10738063253227
Neohelos_stirtoni -7.30337923721076 -26.4240579289173 -17.9107734610937 0.136897553299448 10.4710534332967 10.124934957972 -1.15649346032795 4.11907297910906 -14.6704148874216 9.3546946570356
Neomonachus_tropicalis 76.485258789055 29.3685946865649 -6.29594635112368 10.1119059982678 15.4142558699506 19.2045083290342 -7.57058494489022 -21.5907277306298 0.565320305372484 -4.32258369691131
Neomys_fodiens 29.8628533719863 3.58099859724612 -35.3509998305687 -8.47102392690961 5.41116043388213 10.6244713645718 -7.82195432291127 12.0741867397011 -3.7591702191256 -1.39177613579089
Neotoma_lepida -9.56823805043367 -10.0882941392063 6.14514427328674 14.0558432356482 2.7308282492467 10.9231813824678 -10.4453613124084 6.63342722675318 4.80351453640996 6.30649215369627
Nesodon_imbricatus -79.3139282725855 32.2189093141653 -14.2767117870935 6.60069275090535 10.9281692787357 -37.0315432446667 7.85385378031905 6.42958994433845 7.66545805336755 8.05870081062555
Nimbacinus_dicksoni -32.7067586341348 -18.5568207278166 -6.33039107499674 -6.08980286720184 17.7153742083566 3.02350719337828 -2.60391132149847 2.5288343380378 2.6839061242788 7.07952026941828
Nimbadon_lavarackorum -3.88035814470515 -31.2936990549879 27.8602119513363 8.86434438947386 18.9959791634288 10.4345827879185 -15.9086937987195 -6.97815604375635 -9.60022713038314 11.2022603711871
Niviventer_rapit -2.26230930972787 -16.2233696718733 3.62556289870523 6.30996742822806 9.13786973977556 5.43119843901996 -10.6350291647794 3.48168434548939 6.12638112848519 8.66724914219914
Noctilio_albiventris 51.0259502898743 -38.5535770710875 9.02347260208706 -11.0126980107996 3.65862060181152 9.47644473117963 14.8562984982269 25.0877663472697 -3.67122302359552 8.7981548383902
Notharctus_tenebrosus -19.8179615021153 -38.3604132815776 6.04836764131559 12.3779322291133 6.38042582119994 5.03290685361427 -8.43006228318251 1.28802387619577 2.87470646327664 12.2209559750735
Nothrotheriops_shastensis -22.1733351765936 -32.2952436669561 -18.4942572394215 44.0097817061317 11.8261339457384 -5.44221048627486 22.2835637113192 2.21335127204814 -10.2933094412312 5.88702619655047
Notoryctes_typhlops 15.1903908279744 24.6455920468092 -30.4811564110253 -0.477709473053756 8.00037489477689 21.9136941841875 5.3669309045796 33.9621158683521 4.25088538251231 8.55694875296561
Nycteris_thebaica 1.53207886442383 -36.6606003004736 35.7084438073241 30.4754854344023 12.1943669970388 -30.7614672928255 8.18396008483818 18.8472517129726 -3.19904628531951 14.6806838894464
Nycticeius_humeralis 27.7964696104131 -40.0167048117563 -13.4065715410891 -34.5061232987068 2.93676632867679 -2.130126881276 9.79580861884384 24.70532197754 5.88907149621341 14.594032597105
Nyctiellus_lepidus 9.01785216812393 -42.8905750472233 -0.529866225210341 -2.73722538913105 6.4244823752109 -12.5519033169797 24.3669049697213 25.8182177003862 1.2886689739428 6.94315724549082
Nyctimene_rabori -4.92290347565767 -11.8682726870695 -3.54731303617695 -1.48518238806987 15.3989412401928 -9.32325210618185 -4.6218811897423 -3.61407354850223 0.355742105999331 9.87278991439159
Obdurodon_dicksoni 18.4073706786224 15.7759402314493 14.44830626774 20.1031682506487 1.89133179887819 18.1870132124207 -8.03073625296827 -25.5035703787668 5.74714398853179 -3.88136521613815
Ochotona_alpina -44.1900496820001 -40.9090404258991 1.23183551921318 0.658584510534309 7.12885904303676 -4.5568101849898 -14.1735859819954 -1.44729531979754 11.0125719363199 12.5677941091756
Ochrotomys_nuttalli 0.774413350024201 -9.02127961944155 -4.51977798071191 5.00500638429504 0.120202193867251 16.4493267847363 -8.55907001244222 8.76854322682221 4.84895353830093 8.42146731836874
Octodon_degus -60.6129378524298 -30.8774546216262 2.27206105693197 22.7311015470959 5.23242448896634 -5.44607182257883 -3.57435156640019 3.36313773193719 2.006412621342 9.07997697237927
Odobenus_rosmarus 72.8644355315992 10.7838534240768 20.9999730485754 18.4086643437356 2.59362998990193 22.0580800424258 0.0548177499031193 -9.98583724641726 12.4250832827991 -1.50275153111373
Odocoileus_hemionus -49.4155058627708 14.7087995969044 15.3808701939602 42.4472535728739 27.7692962023937 9.84546789512274 -4.24535768419146 -5.52763438178652 -3.2511500977659 2.32221661878662
Okapia_johnstoni -31.7474511398155 24.2751767074031 26.8457360695737 18.2439774563554 5.00648932851632 12.0501128866993 1.89271647861046 -3.14610045990633 -5.42783454711939 1.61331786200507
Oligoryzomys_flavescens 20.8094504050369 -16.6315751492246 2.53098469430666 8.82683059347643 8.6262911824833 7.41658652816316 -9.78875475528858 5.66204443665819 1.54394448700344 4.75205572889615
Orcaella_heinsohni 54.1520787843748 31.3397596939869 19.372201106497 19.8504322257156 -8.85425622712126 -3.39019689142446 -12.908882706397 -11.7221646967461 10.7108033934889 -1.37914187057827
Ornithorhynchus_anatinus 16.3205912843493 27.7329918717428 2.19062543368277 5.00721140962991 -9.52962013134931 20.5489856354672 -15.8593016449438 -16.9071247223419 -10.7066545231885 7.95416107917695
Orycteropus_afer -25.7331648752422 -31.0155868079168 -0.290470337062094 0.256584185433579 9.78431397551105 -8.52004231685238 -20.0365143174404 9.0756308892869 -4.38494200733574 9.45223021756845
Oryctolagus_cuniculus -40.5491687234342 -26.4527232330848 7.94120978908578 10.0713972523749 21.1448988899385 14.503529298564 -22.7911804237402 5.05971622778921 15.0464414658527 17.4030345805534
Otolemur_garnettii -22.2595750068075 12.7547321157255 5.19459080061513 50.2727096397428 16.5425362501404 17.3652503892952 -4.80676046405498 -2.53726853382542 0.658734804265549 3.77040848188063
Otospermophilus_variegatus -29.1869434679406 -17.7058301861331 -4.43584106851009 14.6723128755098 8.55972732823068 14.6328338441102 -11.4024086045321 3.23018022465168 4.10324218774932 10.0652989604309
Oxydactylus_sp -44.7420560715358 -3.66034574606017 30.6391495870916 26.0944249144531 15.2251766030999 -17.4117971449738 -15.4325602879934 -8.48020463294047 1.70429481804389 8.92902103273029
Palaeolama_sp -2.82143580815458 -8.56250009036372 0.26478873634527 18.588942077474 25.2287389541871 15.8763799061166 2.41044396185931 -3.3145736383045 -3.21991464670652 2.46164740471308
Palaeosyops_sp -63.6561472694294 -18.4537130514546 -12.0456314126256 -11.4297238831413 17.7162210967531 -9.9506469186541 6.67655813135705 -15.3068293075011 -11.2063001417071 13.3252634894525
Pan_troglodytes 26.1284389349755 11.4073548381405 7.34987811034859 61.3889936146507 35.7580490241927 7.43053509150006 -20.9953247140361 -19.5155428972875 16.2513982348766 4.30647701614417
Panthera_pardus -1.95372928759427 -4.27792626048065 21.2088947436369 19.9419254340347 26.2172876750688 -0.823083826156659 -20.3710941403861 -9.18032776349069 -4.98974988240098 4.76024281719805
Papio_hamadryas -12.798997799152 39.4905501782474 -7.82934359339197 41.2756793902046 17.3899655042225 33.9349115003531 -3.00531064483898 -10.0766227813774 20.1740871089943 -1.47392191739918
Paracynarctus_sinclairi -16.8099775580958 -17.8060433398599 22.1910931675053 21.1239082264626 15.6846957939721 14.5294025208478 -14.7998721446297 -6.17541622914468 2.18235482895375 6.53605643564786
Paramylodon_harlani 39.1427832950339 -29.0591711060202 -16.4275069934485 15.2439816807316 20.9747308244779 -10.7297182295679 5.81559620217909 -3.10617583803443 -10.6346325802387 0.966865709737885
Paramys_delicatus 3.79207240121239 -27.7698277959738 -8.80884109472185 -4.59082247541411 -12.0277194644891 -11.201078842431 -14.2236075720112 -5.66974072411092 5.66246997923182 7.38320686465327
Parapithecus_grangeri -32.0301714463419 18.6094458155025 -7.90256854455683 39.8373247783857 30.272124711967 30.060922839951 -14.6598812643583 -0.332218177314713 2.78315121178614 12.9131183338464
Patriomanis_americana 27.9944193828117 -19.5477058199586 20.784412101604 -12.0288210828329 -0.7846999806115 -6.3727435133209 5.49460949383985 7.5519532673795 8.39070997972428 12.2546051888613
Pedetes_capensis -53.0592918713668 -3.07210766693853 -2.97702333765577 7.60612903621048 4.22868863154996 -1.23983490996947 -7.0309045417498 4.93596118684601 6.49252760732775 6.37038423312906
Pekania_pennanti -21.3536682499021 12.3273910231233 15.0049063466534 26.6176948771534 13.3969354895008 20.3742049059603 -14.2940765129391 -10.3024978983709 8.43305036833996 4.40946639446017
Perameles_bougainville -23.5362168872167 -0.324253786172617 -16.3515847182916 9.34606028086972 16.6712266098796 17.0515544895393 9.11860895615851 27.4433801027058 5.67480865501598 9.35749079261249
Peromyscus_polionotus 6.47731812153317 -10.4601889014623 -11.3167850171319 2.15355952125823 6.17614522662344 19.2261499046617 -8.32529248534343 6.01793394533567 2.45906781712943 8.78166731610713
Petaurista_leucogenys -30.528916638172 -24.0788462882618 2.65087989559348 31.4552859805282 5.08348099735635 6.33160807805844 -12.7699633476501 -3.78952460637727 6.40497920916716 15.615083058238
Petauroides_volans -13.6545427850128 -32.2187830881819 3.22456116456192 1.93478733040011 -6.61417868798619 -10.7083418853272 -10.0913847915668 -3.38573162752685 -2.82762442516635 0.858332894210757
Petaurus_australis 9.98745427818785 -17.7305373588719 -9.85774859748739 15.9303656866281 -1.42496322485454 10.2994726255625 -3.31045161562845 1.10034938219686 1.64353257844006 5.58567820963334
Petinomys_setosus -12.8534148775548 -12.2288788412996 -11.6817283676203 18.0098846338626 2.4513702375467 7.39737332296615 -11.3012506474932 -5.4514619742147 9.86543097792351 12.2210414960874
Petromus_typicus -40.0432113412201 -40.8937062873718 -1.88425276768238 9.57692901008034 1.84243203797674 -7.76236362773192 10.598608459481 2.85464078001475 3.0214749862561 6.02077064451035
Phacochoerus_africanus 8.10036696804453 11.7530467348146 4.33851853823875 13.967220678752 29.535275429284 -6.67806055556563 -2.04155552686646 1.30806145053531 -2.78941326812256 8.73170766595245
Phalanger_orientalis -9.54805299802592 -27.5113680798299 7.81866883272396 11.2947772545873 14.5832061889276 7.58406064519027 -5.38964819886735 -4.76759475727986 -6.11729961004701 4.47625965175027
Phascogale_tapoatafa -1.69982423975332 2.93030535851389 -10.8014874308825 2.6500174084243 -15.0011085279023 11.2045161068661 3.33626014097726 0.767169317914184 -0.601507273020356 1.2697087776553
Phascolarctos_cinereus -20.9965425793548 -40.4543342011095 -5.53149375506015 14.3701566303345 18.8423509804102 11.0152960646556 -12.7653850816605 0.471592430509588 -1.32623681293258 15.7245167947422
Phenacodus_primaevus -6.89507879751619 -57.2213533319544 6.79445709570178 -24.4279769072895 -8.62575129111247 -13.7905171276283 1.41466324311855 -14.0478619625919 3.4161080606673 17.45756250355
Philander_opossum 4.03247310231851 -17.6415953838998 -7.02325739066404 -2.56927068402891 14.1705217374284 -9.48591502361438 4.50395886290503 8.27848191551559 -7.09281933378617 -0.353174324679365
Phocoena_phocoena 113.027863380584 47.5281508006376 28.0777982689106 1.02821672510373 16.7415181844709 -13.7545073873142 5.72877337151602 -22.7849434473953 10.2723912870097 -5.5174768297476
Phyllostomus_hastatus 55.6735617468457 -45.8385149815987 15.8948569232477 12.1426280691693 21.4328990665794 4.01140204447755 2.31620402541424 5.15423348396481 -15.0319768323338 14.2040343123346
Pipistrellus_hesperus 24.1899017434645 -40.8380212475862 -14.6451088664445 -27.687791121909 8.27829640625223 -6.95553846398229 8.52068305013504 15.7632431595318 -3.22426946727115 -6.7793826981487
Pithecia_pithecia -5.23294693385191 30.6473036373505 -6.42259105482498 45.0840910745964 30.4180968928304 9.19360559416274 -23.265299041622 -11.425407705186 6.06261018860776 8.23562102677945
Planigale_ingrami 12.9360855991269 -6.51650289500055 -30.3539210810623 -13.9879138232269 -6.28593371016591 6.12543094779169 4.90366542844204 -5.68108090483474 -3.65223622835072 7.37599911794551
Platacanthomys_lasiurus 2.16260780735766 -31.1087882553399 0.491241663184106 12.4778093628405 1.20215959432098 -2.22464722931525 -8.77342858337712 3.78402336791827 5.59417633428422 5.77919800156857
Platygonus_compressus -7.61481964862505 29.3870472709909 21.3618079388 31.1509137585139 18.6637386965883 -16.7575701844422 -8.3340727079682 -14.166214936448 2.44955037049871 3.30124716122051
Plionictis_sp -6.27391882202546 -15.3919948642182 31.9823350660942 12.7213810294557 4.34576060413355 13.0625626014489 -7.51800469617619 -11.4597112871744 2.5043239880809 4.53137258060554
Pongo_abelii 40.8343126563524 37.8573121852918 14.0630319264905 59.2123670315783 32.4035603023849 0.135797166818307 -17.5063937930787 -18.694320353481 19.0146549074839 3.07955778795032
Pontoporia_blainvillei 91.9392223941357 42.9491410801259 23.2858231604963 11.5381352786539 -8.89494062772627 10.4017446270832 0.31354846585279 -21.4540828918703 6.63919447625698 2.7650379598619
Potamogale_velox 25.325413354382 -30.6867751676359 -9.59491301458372 4.01783825200813 21.454331983264 -1.06870370159367 11.8499273563939 7.99827299503949 -8.35556394016419 0.647378162077182
Potorous_tridactylus -8.77373265588094 -9.23501853806935 -3.99056811950317 10.2800285089138 6.53253959521561 16.6421459289959 1.49450718024428 8.53377901514835 0.886204183604054 8.1186898219217
Prionodon_linsang -8.12925240339078 -14.1994349546642 38.8973185294065 3.24786094533336 18.0868660165617 -1.55244763194866 -10.0525163898857 -10.1765108597073 -13.6234563809505 7.27592713414415
Procavia_capensis -31.6968363571932 -10.6521226021464 17.1006775058894 18.1923247308626 15.6399593165997 5.94076058998443 -5.21489633234819 5.40192017287765 -8.51534265677168 9.11935652926835
Procyon_lotor -5.35052969259722 6.4315619321338 -10.2299714194328 35.4695836766138 26.8163146924271 2.42135569845374 -18.3184135856202 -8.12542490434975 -5.94837300727956 2.87267615163735
Promartes_olcotti 13.9037425542248 23.8930710981442 -9.07770129667524 20.9362380143551 16.1954887732401 21.5966746061831 -7.58435178391076 -0.683672945720651 9.23239842633872 6.43193089166799
Prometheomys_schaposchnikowi -9.59119571276794 -17.8204762429038 -0.722985845320196 9.08815190241967 -4.08858464075486 5.03788146637852 -12.8623256825073 1.65020953365927 4.73358550327352 6.62326141144267
Pronolagus_randensis -39.4628715886664 -25.4094439665278 -6.72490317301597 -20.1343254871747 33.7906522541918 22.7127047380423 -14.4143319289257 17.1401756436682 17.9407130397699 22.3796082799696
Propithecus_verreauxi -10.2059201894163 8.33047732697868 -3.47770930642517 41.8870965070394 24.4023178471058 14.9213708242687 -22.5026367376983 -2.96859105184404 -4.21622871940647 -0.233293803594039
Proscelidodon_patrius 18.9315119793715 0.107610133913065 27.6069544196388 16.4312327770317 -0.835010074491382 -9.69839627111855 11.5669927066524 6.85041994755497 -5.82074318695479 9.01960462238975
Prospaniomys_priscus -42.6869083002186 -39.5647558460514 10.6421246362917 -0.67462775416364 -0.814673709761803 -6.59601456894517 -14.0473441861882 1.73562673315865 -0.973033133754803 1.5962145983479
Proteles_cristatus -0.645370193014971 -15.6404636854222 8.93599955513216 12.2143796900539 26.6761110199682 -1.84574126791712 -8.41636067135898 -6.13882537892806 1.68042338244278 16.3529453559646
Proterotherium_cavum -76.8192147963296 -16.2094736578309 21.8277684106459 0.376689826349786 -1.88743821339708 -19.3785671662892 -8.70168441065677 -6.19826064507848 2.69176904423995 5.56920869107975
Protocetus_atavus 35.7475828081623 -11.5241257733745 -6.86062085860567 -0.143213595476414 6.6459700005952 -17.0104057825696 -15.9392786316143 12.0635423117495 5.83386785795304 19.0945376571487
Protosciurus_rachelae -25.0090578950479 -30.1694394101767 2.69850406439038 3.1655181644478 -2.32014957843822 2.86482810451756 -5.73323184101455 2.23967996453141 4.23123868280214 13.3756098330774
Protypotherium_australe -62.3509063679767 -14.7730196043614 -5.42017368563001 8.46457784276248 19.4910686515086 6.63234572396653 14.2781617799495 -0.267489333949138 3.95992239263907 7.39730089022154
Pseudaelurus_validus -25.2474071310155 -6.36201005612531 22.2918059760344 15.4646826335847 14.0695544530368 -1.15549237414089 -10.8126379110403 -3.5448228996034 -3.62726159505512 2.71273883377791
Pseudhipparion_gratum -42.3378494700657 -10.4321501757262 3.5324324654463 18.897875085144 21.2912014042677 -3.54977128708494 -3.79737299132935 2.91706859384855 0.489844569241046 10.7547869395567
Pseudocheirus_peregrinus -14.9006407522424 -30.6448745918196 -0.172844578572257 4.71077849220376 3.78588226686443 -1.57279792370147 -15.8542320357928 3.40483208286802 2.4448407152955 8.57202186928626
Pseudochirops_cupreus -10.305337323617 -22.0564473513676 0.325816969966509 6.73280705576814 5.60927299328601 -4.46021593855923 -6.80311248107457 2.96239162706872 -1.31209034828196 6.6071642882736
Pseudotomus_horribilis 3.01897762785792 -19.6965673920827 -9.69944793555299 -7.63344379852338 -4.85646056002075 6.33777269682815 -18.6248574389397 0.651268107145611 -0.282761450123827 9.70250301488749
Pseudotypotherium_pseudopachygnathum -81.3915550971602 -16.2487813802565 1.95240661813281 5.39235049999125 8.98995101330798 -3.85094540126057 23.695834013912 -9.22032659255754 -9.59988678079811 16.2600131766693
Pteromys_volans -48.2537909629214 -31.0868282638653 9.41573529431527 30.6640996351774 4.55348791149636 1.82732214996941 -11.3202738686017 -2.61473551274083 7.64809527226755 11.4223774199015
Pteropus_giganteus -28.5870898904769 -3.43358450237322 10.5909116167101 25.265923702604 17.1474307570229 -12.0243725457598 -10.3776892662115 -1.61902721258711 -1.35317287413522 4.1440572505495
Ptilocercus_lowii 4.56514508859074 -17.6676297067963 -7.23547039082477 15.0734608506954 21.8802742446104 8.25371850660878 -7.76730646069573 2.0624802890524 -7.87336681040066 8.50998552063975
Quercygale_angustidens -3.76622564344064 -25.9114264091694 31.8742921760096 -17.6637468976379 18.024870726379 -9.8045941280545 -17.2038822917112 -1.39242653025572 -8.57898248750472 7.80184465531491
Rapamys_atramontis -25.7394677708772 -31.5738090759936 -2.33919322991918 0.778709354600569 0.180506938135883 -14.1645132313929 -6.19023055521865 -1.20793678910704 1.13801609458391 7.36687330545013
Redunca_arundinum -58.1237578465562 1.03616091923548 5.50549859098503 24.8701149191144 28.9018984316366 2.51212159611029 -5.57606777927497 -3.28392287456934 -1.50269529181018 4.18978779469997
Rhinolophus_affinis 17.8500288526289 -52.0436595346448 31.8954207368083 20.213649042712 10.1787454695062 -6.9337919325028 11.8687442141795 15.489447072593 -3.17587789762829 1.22394623551346
Rhinophylla_fischerae 54.6032258161165 -23.5025977192314 13.8536546024359 14.4185529197804 13.8060958606089 -3.41844551989035 6.571307944172 12.4387736555077 -8.32980117196816 6.82143863148555
Rhinopithecus_roxellana 11.0501372521772 27.8845191438201 -5.45116255198715 55.8670513897938 24.6079086210264 12.523648430219 -16.3749534656821 -10.0036865493839 7.72191086519262 4.95937967255086
Rhinopoma_hardwickii -16.082915220721 -47.4432599070442 8.9035089183848 -10.1806655049396 0.787660232260757 -30.5581451338381 8.82666391598096 24.1735465937774 3.49925051452668 0.273558495463301
Rhipidomys_fulviventer 0.985482608487053 -26.3177582974924 11.1872111827349 22.1829490162908 7.81872626291742 9.95102436107402 -11.1398270127779 5.2137144000689 4.09714692413307 6.83877676487186
Rhizomys_sinensis -37.2359650581129 -6.35268604807617 -24.9925309637303 4.16962798554305 7.2380282901591 -15.8366792250731 1.94466681971396 15.5405574524069 13.6904066718234 12.350617111356
Rhynchocyon_petersi -19.3412923583404 -12.597841305425 6.341708506372 14.4242104094382 2.50259940683397 -14.2463880132982 3.20688505054062 17.4674813621397 0.281171344360038 1.4138336105985
Romerolagus_diazi -36.676885591075 -17.3526178777313 -5.05672381749478 6.67376819882067 16.9036324276859 6.94129877852476 -15.1629825574012 8.18953594660557 8.0028758119593 14.9376699072363
Rooneyia_viejaensis -7.67859273351136 2.48923044532712 -8.53147778681692 28.767937535784 8.88787769759143 16.3569277955741 -7.43931294780223 -3.32288704178047 -0.0249097879909046 10.0087978693527
Rousettus_aegyptiacus -10.8146483509383 -13.878187005358 -5.50311686824288 8.26305669569618 9.39578709929385 -5.67638726905781 -6.15609813520152 8.65472094178413 5.48163731229621 12.0046915433879
Saiga_tatarica -18.2844313332637 36.7394573958137 1.8345284752847 14.5463855604912 20.8763959524395 0.181204292599712 -0.91340126636634 -2.44929911144175 -6.52838654560012 -3.99690515552202
Saimiri_boliviensis 0.137372242199792 56.3629801807751 -13.2675795860719 38.3856392596044 27.8652637945065 15.0748113804498 -18.2454152419379 -5.24851702226809 8.94028376662439 9.82120754109138
Sarcophilus_harrisii -11.8233822967431 -22.998611148654 -24.9846564688903 -0.662869545130675 7.82440153585536 2.26029371268531 6.95032454543488 -7.98197711732354 -4.42438862482112 15.5806615132823
Scalopus_aquaticus -10.5589581335412 -20.2191133158004 -19.6493460617405 -5.47930080173489 1.58417166334423 12.2721153267686 -5.29277679442406 3.04657280503569 4.88954395153693 11.005263656338
Scapteromys_tumidus -2.50301058021858 -14.2028237366509 -1.05119616284111 7.28942073167582 10.9376096961394 21.8787879290106 -5.75563852395218 7.88460674202866 1.70808992377423 6.24423500276828
Sciurus_vulgaris -26.6327965362125 -20.2529683609867 9.12346316377233 20.5893579447818 2.72661804691017 4.88454227734151 -11.5192947672428 4.27341031615212 7.07148843395469 13.0620592879542
Scotonycteris_zenkeri -14.0281350086811 0.640954684038792 -3.80758452559884 0.449247572959626 9.1606076520681 -7.56185771295951 -9.24011509040949 8.11918663799682 7.42365034126762 8.23710039417119
Semnopithecus_entellus -5.41903307910137 19.7686451373955 -5.04302049187414 43.0291499158959 20.3294139644757 15.3521166211853 -21.4654757230627 -7.96306657807042 8.48580480299848 9.22937507472087
Setonix_brachyurus -25.1213340235904 -7.69576626067961 4.17078285544788 25.067690969965 13.6458387075666 8.78539702994246 -9.58779689585666 8.48894662210025 -2.05214369561361 5.28812029918568
Sicista_concolor 11.5229071850018 -11.3387676384047 -11.5405743690551 1.95730478513743 3.53492092650627 5.89837728712037 -9.60030431853589 9.60891287499604 5.25933597736993 8.0964492140616
Sigmodon_hispidus -22.229850440395 -21.0350177914663 2.93919395206439 11.1557599279142 8.93110960923778 1.10974747031271 -8.49443603173117 8.3057052459812 6.47940103601621 5.06109166154276
Silvabestius_johnnilandi -14.7280364301585 -26.7436651155053 -7.21582772531107 3.30194488153244 5.57876025231658 -6.61773959148926 -9.88088618363422 -7.59141450002684 -5.61156983944082 11.6568765684882
Simosthenurus_occidentalis -20.921311369844 -21.3379507335649 1.80902587617664 17.5543588333444 5.86585067113933 13.1548895381771 -14.6645983824642 8.16583062097405 2.60232154902988 7.57769487507131
Smilodectes_gracilis -18.9695043909934 -19.0462204392611 -12.4230791397866 21.0229957761459 22.2750277239347 4.52208513524633 -10.4301965824071 5.8404598101562 -4.14382513708505 10.1537322220281
Smilodon_fatalis 4.86685334763049 -16.9675502558729 25.3777313975327 -1.55800664402841 24.2882401328125 -30.2035249572671 -8.29267285744671 -20.0401902024192 -15.2060913375183 -2.11640412139114
Sminthopsis_macroura 7.95765844625909 -12.1026218349271 -9.47090200174748 -14.4048111026442 -9.93817410306911 10.1895456753559 10.9820588298033 3.6802037581562 3.65970256058242 16.9660092035995
Smutsia_gigantea 46.204627743601 6.79114128316071 39.3521165018331 3.61051553235813 19.4767862704507 -5.18693429350028 7.57101852657097 -0.00694601162441638 -10.8307298766962 -3.17737275544793
Solenodon_paradoxus -3.26939147977185 -32.3419099524434 -1.76447819625721 -4.5216398935601 36.7769528464575 -4.04136126855674 10.6664354088429 4.56125681794999 -11.3870124396015 2.8120651256053
Sorex_araneus 33.8812503978249 12.0113005900591 -32.396827865354 -11.3297369568516 -3.87167948331282 2.74322321931307 9.74126779905065 31.6050506402702 -2.67086989234942 -4.02727838710807
Spalacopus_cyanus -15.7844431548928 -26.8804190335184 -18.8572563713878 -4.45781218711315 3.61846952452617 14.5955212371321 -7.74711533784352 1.88889552844553 3.74132960912962 11.681000935872
Speothos_pacivorus -8.33616149687805 15.8360638190287 11.8760994315607 28.4401521772662 26.1904047081502 12.2802191436342 -16.1211762856427 -10.1063615676641 -1.78468947365573 6.41516961459615
Steatomys_pratensis 3.11701215743475 -0.840791588946008 -7.8055673685504 -9.96020950991772 -1.64404935930043 7.72110755160376 -15.5697214321072 13.0711840770982 9.54471012928339 10.7511949023461
Sturnira_ludovici 52.2102056718572 -29.8892590504305 25.4419241244855 18.4145362072662 0.99138989067122 11.4065089341269 8.05052329471777 9.48850744288584 1.92343120056754 9.00776742869074
Suncus_murinus 11.4722906079853 -17.2727651195161 -25.3968344532367 -18.3452142364831 2.78072149414595 -7.26454199953361 6.38529550082855 3.29977397983908 -11.763423029455 -1.62954844789005
Sundamys_muelleri 0.441253214846822 -18.9675784451796 6.23963306198999 11.3553117516232 3.10706500834948 2.03567627615155 -6.59996775251825 6.50236078016646 3.08131395296835 12.8804942407966
Sundasciurus_juvencus -11.3444531185246 -22.6395309040629 3.1157969620478 31.9596663238676 15.1052016654276 7.36286642266026 -14.3240310324901 4.60271867642187 3.12660390342279 10.6775613763256
Sus_scrofa 4.4615882307979 14.9907457453757 27.8374116803808 25.6075352446009 22.5093696030382 -13.7927424886897 -4.87031302524333 0.3047914405032 -8.76731474635231 13.2056237971443
Sylvilagus_bachmani -39.9970342317954 -21.8290834424799 2.31669469213657 15.4544455375397 22.6551129991322 11.2690784919211 -17.5458797777295 7.93201242136347 13.9912318096819 18.6937300603541
Tachyglossus_aculeatus 27.3400350343513 39.0622434994769 23.9854750643375 9.43514473543962 -9.73821746278781 5.04230244582084 -9.87256607242039 -12.6239739518092 1.78678597378769 -9.57232011301449
Tachyoryctes_splendens -25.8459373969953 -9.62111393746482 -9.39688494277316 -10.7485741504953 -7.06978798042563 -12.7364498427138 -16.726536118565 16.3148098252546 15.4790271632127 9.9221809130831
Tadarida_brasiliensis -5.13027394374607 -53.8821628144039 2.89631761553139 -13.6781985311805 8.49516546792095 -7.41754823762664 3.1704676900642 24.9348704947831 7.67372546531617 5.23670314633794
Talpa_europaea 35.1936398833507 4.15581093814098 -10.1313584328425 1.18984597719718 -1.90504572989817 13.2070063547235 4.71654842580323 6.62825009780136 3.53526224322335 3.59196698722567
Tamandua_sp -16.2295300650174 -25.5736203060768 4.20593262801397 8.89169228497514 15.7082410602186 5.94672104070821 -10.2391138816776 0.82153668581838 -1.61703289996324 11.2499461088075
Tamias_striatus -22.4872807703425 -16.9717407264163 -4.79063338392788 8.01487795667895 8.88581955662885 17.7852832667375 -7.30093178190151 1.68186181290288 6.33834768860647 15.3030858614706
Taphozous_melanopogon 11.1642994059502 -59.2860515104195 18.6645580526072 -11.6137204190969 6.51085351540926 -7.9559651850325 3.11199917327004 16.4571912513793 5.31375904615092 8.0243140132899
Tapirus_terrestris -63.3025720546428 0.816650271766054 -11.7245010911526 11.1033319575732 2.57367074433733 -5.20554947620464 18.3770145773484 7.58594339829117 4.35422376389432 10.3311619679975
Tarsipes_rostratus 15.482168896996 -21.2987526065474 -6.49694413714129 -13.697205043332 -5.29608203806903 8.13698020322951 -3.59906254994718 8.14505096855005 2.61299711854966 14.5082178599966
Tarsius_tarsier 8.28532469372481 -0.220459484566169 4.45300508435538 39.0723350025581 30.867289177738 25.3857392593522 -15.3081449832331 5.83622443724631 -1.4288596655349 5.04719634596939
Tayassu_pecari -1.89449920834773 7.17586154995133 16.969641837687 32.0213602197699 25.6729753441252 -6.89654089880136 -17.9605500860727 -12.7932313608756 -5.54738346429034 13.9113398651077
Tenrec_ecaudatus 19.2265825889199 -20.4524500766179 -11.1313361879763 -7.98000976989784 6.60897564156932 3.40512881507432 3.28577319509414 7.82988695500017 -5.11945020552859 -0.340825907976267
Thalassocnus_natans 23.2017966539485 -28.6926040304989 22.5961055922382 16.6187861355594 10.9368425986717 20.1565241635065 14.1023738127049 -3.85925832144201 -3.49277633689705 4.37684586369863
Theropithecus_gelada -8.96349204773165 28.1561628070909 -8.5073712952932 50.5273409916573 15.6075497804779 21.1139469230252 -16.479980289416 -8.93962718509267 8.83818926225192 -1.29322268430531
Thryonomys_swinderianus -38.734674047977 -35.8157970519935 9.78285794136022 6.33308216545581 13.166278135247 -4.69543973943817 -0.138822423746401 8.70216444531997 3.59685278891509 10.9218941983267
Thylacinus_cynocephalus -13.4444424748135 -23.8880152247704 -6.46684054888205 -0.830977257724488 4.29688519912169 6.52249550060274 -8.08747898277198 3.39668624192294 1.65804483202764 0.342726977858412
Thylacoleo_carnifex -4.22705889831745 -21.7227786357105 -18.3242509750064 12.4285054950879 7.83169596382669 16.8098385122983 -3.52424042130243 10.8962078292909 -4.21479246809772 5.53285741530345
Thylogale_stigmatica -31.7830142595945 -20.0047822485272 4.99402936728938 12.4026095544381 15.3592432021273 13.1097968508535 -11.0393541321987 2.93442220831081 -0.791713055114152 6.34245266398731
Thyroptera_tricolor 40.6254474508194 -32.7047160582199 23.6709931978734 26.5481212757552 21.5209054405546 -0.702178705414367 6.54122824513296 33.0195580188337 -11.8061520381894 1.55675145820763
Titanoides_primaevus 3.84470642764103 10.1610106462022 -14.6470745535164 -8.52565439642565 0.361351084915109 -4.69153824012449 2.20732954145044 -20.7733894300811 -12.9033622667632 25.1395446347932
Tomopeas_ravus 5.86265556006369 -48.5850763546247 4.89321253797087 1.91255526232638 -14.7028781902483 -11.5858049799447 17.8774466295779 17.9043124428892 7.52386462522676 6.08634515002827
Tragelaphus_scriptus -34.2844103973594 9.92900354642774 14.5761465134242 30.9306778780407 28.0211187380448 0.768889405099447 -7.7215034586457 1.53973176558308 -5.30160733186377 4.94466646111793
Trichechus_senegalensis -4.594173320736 -12.5843943720326 -14.0939011373682 53.5001041692398 -8.42428189166417 -16.1568545492336 1.82778866306978 -1.18556168173147 8.57896404044524 5.8279325257255
Trichosurus_vulpecula -21.5952111056496 -17.9641897889536 4.39835457620366 11.0789845728033 -0.918100073246623 0.264503062074052 -8.91770708920805 0.299098967509987 1.7455067454066 3.58026805077289
Trinomys_iheringi -23.9508293684817 -38.7503332495739 9.84124901294432 13.1402832530534 16.0589439146845 -3.88871596688854 2.04256113310198 14.6348306160808 4.02205630495609 7.74474822801191
Trogosus_hillsii -1.85645304336868 -37.0664032393937 -3.14886178599298 1.57553665758392 6.2597302493854 -37.7242182967172 -2.62215767687213 2.77187922716494 -17.5697736491471 10.6048161411647
Tupaia_belangeri -13.3215725033717 -15.177464084965 9.95589375440193 11.22159620251 7.33525114074014 8.00952671579941 -4.1958131740346 -1.96251943463677 0.308414310496877 8.24651615554911
Tylomys_nudicaudus -11.1127683423552 -28.1369819458436 4.25175072249382 16.6668148336647 4.98006559493313 -12.1590857308458 -13.0744071563927 2.8348545851388 1.03769299253551 -0.147107288447134
Typotheriopsis_sp -81.3821411978477 8.65787017246348 1.8056686345115 10.3564634942289 12.3973390300846 -3.82417308076057 17.9153773594489 -7.36611204121428 -11.426559375193 8.64270013802402
Uintatherium_anceps 26.6954279576178 13.8433287786933 -25.7580943621818 -14.7726164812632 1.59873008977779 -12.2147240842372 19.8071538885003 -7.99974484833335 -12.6650466372331 11.5550165811986
Urocitellus_columbianus -27.8035340870819 -12.8124210415434 1.62678389473926 28.6228241343739 1.68443347935066 10.1405885877357 -8.86717465181277 -1.95978150392096 3.73538547360589 13.5898516689598
Urocyon_littoralis -4.32153538117673 14.8666115195048 17.8298556242655 26.4330446643789 23.0226918924149 23.415594994011 -17.6661552092236 -1.70344590447516 -3.07799337334529 -2.19629669447962
Uromys_caudimaculatus -8.2515583379978 -12.2884904381905 -4.99209876589281 7.60329007376411 2.85724192731989 2.51793309880637 0.0186098943792062 11.8447487357992 -3.04330664841047 3.22602076162146
Uropsilus_gracilis 41.2526137620987 19.5908011522964 -27.7162425210085 -9.28020664854323 -4.74276044579616 26.4706401716999 11.5668865189188 10.6107072947288 -1.31951673148093 -0.414483636709804
Ursus_arctos 7.40359281343767 0.941435227847746 -13.1395537523284 0.986054275055354 19.0572492376527 -13.6401154515935 -24.9030998269947 0.177389428690237 -7.24386287157527 6.08058393152312
Ustatochoerus_profectus -4.69574780536106 -42.3178198483458 50.7630823579735 4.24949466857573 33.2223685116866 -4.40784623282669 -29.9970319692962 19.7146894929587 -10.3648513138077 21.787296980952
Vampyrum_spectrum 41.0785479391634 -50.1010260940629 28.1293641984968 5.43476021353182 17.1540970076004 11.4577771562543 14.9252387459259 20.8461576626578 1.25948160520769 19.3673864968735
Vandeleuria_oleracea 7.87327765554455 -18.4429107199942 4.40745684540215 12.02091533761 10.9316902530062 3.49457568624597 -9.51268797720387 0.693578802255356 4.47752722562371 8.96391922511794
Varecia_variegata -1.80897022928018 -6.9138054010755 15.8352721002517 32.5724461883121 19.54159604475 21.4753794189183 -14.4025708199856 -2.83889970727236 2.32172782034889 2.12623180981225
Vombatus_ursinus 2.50823497514001 -18.1371989572045 -13.8437911516834 12.3807858002827 -10.9097563535271 11.5421693108187 -4.37770523244827 10.3986463626307 -3.17910622296369 6.0382664750258
Vulpes_lagopus 1.6719699207373 26.814827052664 4.59952195583272 31.0767642691297 23.5573143145542 6.99948167315599 -17.9281540664096 -6.54658980063283 -6.85987504913277 -2.15224734308198
Wallabia_bicolor -45.2939829892145 -20.8500951760124 -9.21366455771079 15.6421628325563 19.7046316984424 24.5676098810878 -1.69219787936817 -4.82027906151133 -0.0676946031872616 8.72577809658249
Yalkaparidon_coheni 26.4442811107587 -7.41556782344523 -15.6981002266606 -11.5580978644036 -5.63866564979154 16.8573001242855 8.22459056579237 17.1418241822626 1.36873652354084 3.23474626766259
Zaglossus_bartoni 45.4955850247535 50.6770833187839 5.75662265556183 -5.42311023815736 -6.91167254957177 15.2869495965206 -6.52927552208277 -12.278953073698 -6.44095976627073 -7.58126220545016
Zalophus_californianus 69.4728462590165 8.57021799009168 12.9616255437765 22.8639426310817 4.11347256927694 3.84335455825233 -27.5211708472635 -30.1821227138688 -2.46098794490548 4.62967453201341
Zapus_hudsonius 7.73383317394479 -16.6391686928141 -2.54999694155585 3.59559618257187 2.90861152368764 3.12995961873535 -11.8785430858358 12.7600688441518 3.4471591884334 7.63980845225517
Zenkerella_insignis -15.1951526688144 -27.5141674384685 3.7610294311634 25.7721928818389 9.07590946169467 -5.10237981687491 -10.6207688093184 3.64470873332175 4.22988050288592 9.20844093920499
Zodiolestes_daimonedlixensis 1.7527353823815 0.747318864279695 16.0736981275625 8.55972863258027 -2.76269356062695 21.1069404782144 -3.23259690595596 -0.724471283278228 2.12120644436225 0.366392419112046
Zygodontomys_brevicauda 20.337508149705 -7.2070831098867 -0.285357721630013 -0.856596995547211 -1.7671648146848 5.55017817852868 -6.990444377365 13.02521554217 4.81552100817698 4.90289821436928
Zygomaturus_trilobus 27.3567091727516 13.5460729159478 -23.2683260331473 14.3861503512305 1.14752597537231 -3.13833207964204 -10.1908475990256 4.86040092498002 -9.00764231617413 1.99842622629655
