Abrocoma_cinerea -31.9753871850788 -50.4239916548354 -23.5771756818224 -24.8393051191311 -7.80862690027228 7.00303003440816 8.30364644585712 -12.4945951811456 11.1530798301966
Abrothrix_olivacea 49.1482701770865 -3.14107839217901 3.2781292648145 0.390807559082336 -3.19407589478088 10.0732698717329 6.57497541438841 2.52639004873626 -9.59070972450977
Acinonyx_jubatus 14.97751262882 0.180923739592685 28.8108776623871 -10.6496219481033 -10.9820827245307 -10.4885549596609 -8.39417834216525 0.653233294736462 -1.68140306301653
Acomys_cahirinus 31.4597144562219 -24.6312567694161 -13.9317919946859 -3.82536112202018 12.7125824870266 3.87035775507577 8.91716101491712 -4.89219606618282 -0.258240360345594
Acrobates_pygmaeus 28.895821782096 -14.1275691462404 12.9623205301398 6.05567293455414 0.771583621979531 -22.8205711134066 4.19917005865232 0.927620076324926 -3.62857080435826
Adapis_parisiensis -9.85410287122454 -8.04054748656232 -2.05590713623839 -23.0540419446268 -3.59765271240635 10.4935667594187 -5.51381034096734 -7.60934357130098 6.71325861408651
Adinotherium_ovinum -61.9693496641638 -69.7878062637302 -18.9707404722351 6.84315879440336 -8.08820500944029 -1.093853278048 -11.855065682107 -19.8759411355676 -9.83379532992762
Aenocyon_dirus 2.04875805343022 26.1410710793724 0.789965503658785 -26.1248864055936 -10.3596038851224 -6.65535032068428 -15.5042186349624 -5.02027432761308 -7.9158160233939
Aepeomys_lugens 54.5672451160125 -11.9809495841442 4.05347017266074 -0.326415560387552 0.843100096017016 0.872549395578269 4.30534620941816 -1.09904044200562 -5.97912858614536
Aethalops_alecto 11.4099114375522 -24.2612564305187 -13.8860743245893 1.2406723308427 8.14545064056137 0.82338965268443 0.308792333542834 -10.3015228031648 -2.18153374876414
Agriochoerus_sp -83.5618083915868 11.164319216424 -5.55834221220173 -19.3556959734498 2.69373579891797 -10.4140836024248 11.6845489638928 -8.04044761075737 8.13520692666746
Ailuropoda_melanoleuca 26.1446948386015 -4.93229695446359 16.5257812585302 -39.9516964567041 7.99679248175666 -11.0991872861416 -13.5140999121939 8.40565280145177 -5.36262577464641
Ailurus_fulgens 39.6073804157214 1.75958261310766 -13.8819644352964 -43.9148102552928 6.1278865347086 -9.12370585534837 -12.8563204247263 0.243863728690303 6.45437010905701
Albacetus_salvifactus 27.9068106734727 75.8180327162932 3.69874139715479 29.2934487989679 -3.40733348129062 -16.7129999576778 -13.970840740785 -8.00603212837981 3.67072015310332
Alcelaphus_buselaphus -40.8036388610031 -38.971474213047 22.2885964479913 -15.2761016906836 16.4216540628314 -18.5601584376635 -15.925201759206 -0.632241909111393 7.07894914910077
Alces_alces 3.58465502085883 -36.1235470948579 -6.35133481161767 -17.5192385170876 3.74398754840421 -13.6454392898331 0.321387567479956 1.33941282442588 -0.817117744741766
Alouatta_palliata 84.670125541518 16.9165846165694 -4.6589902883975 -43.2541334978583 -3.30566708071614 -5.32834687177363 -11.4907730015716 2.90473644897796 -1.65990962825332
Alticola_argentatus 4.88327586427538 -4.1008225732484 -20.7079333324154 3.33306199782658 -7.06396788477926 7.49550172151953 7.15549592662377 -1.61541846842396 -1.09108635409359
Amblysomus_hottentotus 83.8283135832681 -31.8720324211482 -16.2164551216142 3.68537380506044 -2.21963783490186 -19.5893609181604 -0.88371071597784 9.83079451166317 2.44082326930104
Amynodon_advenus -46.0484777242577 -61.7107975611161 -24.5686143541368 -13.2237930345725 3.83840190157139 13.995736067404 13.5723706129524 -13.1700616480451 2.53268450113375
Anomalurus_beecrofti -1.13891408905032 -26.2459105587296 -14.1996043604049 -16.2746804045223 -0.726496407363026 -0.563196055582815 7.51445953088262 -2.57333076259986 -0.602689515634606
Anoplotherium_sp -92.5870843508764 -33.0949821170927 39.0063869780629 -36.3486218220722 -9.80511436416482 -4.44841417305135 5.09318136527038 1.27035614553142 -5.46071299891584
Anotomys_leander 54.5509555207884 -4.57534237767516 -4.21028847157128 11.6558910550425 15.3930216073015 0.158970041891191 12.869477496616 8.48071688830988 -7.06584382082704
Anoura_geoffroyi 21.8651896245079 -54.9143748450321 9.23127152419057 -3.19482877326139 11.4709501830904 -6.25715632016465 8.30936654445189 -10.8196389435235 9.31510454745807
Anourosorex_squamipes 59.8531401577004 -38.699160851552 -11.3184574824994 31.270415727321 19.1742172424388 -6.17691877067409 4.78001667347329 5.97199238427479 -18.0891383017664
Antechinus_flavipes 28.2969879931722 -13.5399009180772 -11.0597981901091 11.380577927764 8.64990501400301 -5.43474134781102 12.1375563156101 4.41511169961359 -0.91849427630168
Antilocapra_americana 38.9994130991681 -26.921335467359 -7.94347273316944 -27.7508954845463 3.11470822090143 -11.8643649069365 -16.413731669019 -8.09629413176274 8.67027857926608
Antrozous_pallidus -10.1873628662658 -45.2203849083342 -26.9942311738175 2.66869192069887 22.3243133470245 11.4982967105396 23.3287693535222 -4.13585509685497 1.20119800178639
Aotus_trivirgatus 90.5342347443392 14.6038119492573 -12.1111187786087 -31.9942580802258 -11.5357005893441 -16.8126625081465 -1.37225653613166 -5.3479368712466 1.18062672193399
Aplodontia_rufa -0.691350456626407 -28.0011034540161 -11.348105715585 -9.04171266280158 0.922370511451001 7.36263595790539 -1.65764195038915 12.7937098821224 -0.966061386185493
Apterodon_macrognathus -57.1973659000829 28.0151871127795 52.1056313813815 13.8069803191556 9.15879456017285 -16.409887813552 -17.6856986834847 -13.4843506147485 -0.813627547320999
Archaeolemur_sp 81.8360238602737 -23.2651178832621 2.25291348001906 -37.3545764442716 -2.65200719319886 -1.39591019434395 -16.3696111655057 -0.451280223255768 0.146018288791552
Archaeotherium_mortoni -44.7940801569792 -31.5372665332493 9.31006859842363 -8.55127473924227 -3.40938446658464 13.3431814918343 -9.49926104544617 -14.9100081424072 -5.28761464872531
Arctocyon_primaevus -46.888337535713 31.0197329283921 18.5805010656681 27.9163357063826 9.82098237080275 1.59221675021107 -22.265436989118 -17.4228536843401 -14.4797494986094
Arctodus_simus 14.8483390392931 24.7045534034514 20.3036279504546 -34.0639811535882 -4.02032565563068 8.19781204223376 -8.0894568202114 5.02253920265528 -1.79888356914178
Argyrocetus_joaquinensis 21.4319272745615 109.205538255454 -48.9433597560067 43.363087397843 -21.5942741466458 19.5564666288709 -10.8605261216567 13.6175325345588 -7.38496783220622
Artibeus_planirostris 38.2542090843028 -18.6426262002052 -3.74625445680815 -3.81507899548698 17.6628180406237 -5.31915848463044 8.97983148961622 -1.42893878114799 3.03973651860651
Arvicola_scherman -16.5364221434465 -8.58327776705341 -31.7980616536159 10.6240332062692 -7.93298811173818 3.72075937122461 6.38198277355319 11.6394585978664 -7.35804062855167
Asellia_tridens -9.93807565472644 -41.6988386687417 -18.8201099241196 -14.6416782572242 33.1307120761838 -0.50631479812868 16.3239722913644 -5.06358486587384 13.8595698016476
Ateles_geoffroyi 109.604722027866 15.7735523754833 3.77395369796077 -50.7555710615622 -8.6931431407859 -13.481766433718 -20.8741274962965 1.82119711406336 3.71228319563222
Aulophyseter_morricei 50.6105401333702 99.9567428319181 -74.9990415395064 66.7347093011663 -13.8599642405927 6.67804171980501 4.56202765301572 -3.83490019011323 17.5105009556744
Australopithecus_africanus 107.849367530927 -27.6454109956759 -9.26958930961593 -56.3359600782412 1.84752937991053 -17.8821502059387 -13.8246930608391 5.60399092570188 3.79949211311299
Babakotia_radofilai 52.4976647519947 -10.013779093822 7.7991562280205 -46.5235236885642 0.242526993845294 3.51508445925363 -11.7663819778165 1.62058311152787 -3.12928802619887
Baiomys_taylori 34.6922017202914 -15.0644237463593 -9.71333103933439 7.03012555823964 5.63774832367113 14.7546351814852 14.1814126507995 -1.68264543263872 -6.21925666055067
Balbaroo_nalima -15.2010892864427 -22.6323208642765 2.71202258648976 -11.8384018543275 8.30846120112113 -3.29780449864017 -5.74002679353706 -1.59000908623271 -0.87988169574942
Barinya_wangala -21.0182206338607 -0.11904951391478 -13.5161835317796 -0.747301194102945 10.7874941285902 5.41301523381928 3.09412955899969 5.36569153286945 -2.9646999904286
Barylambda_schmidti -72.5110452611477 1.01136281387674 52.4063824720826 34.7989743466397 -11.0297680988349 -19.2875780991465 44.0569249887823 7.40084885642584 -2.1574243816437
Bathyergus_suillus -7.00857955338047 -47.0206435740368 -10.1915667080078 4.30650505251772 -0.349291236328789 13.5941356455021 8.72246469706137 10.5560150918563 -3.74420489329277
Batomys_salomonseni 30.7382319358059 -16.1755090269225 -12.1037789617857 7.09451219186569 3.58372903760252 3.30908162441323 5.49025364768281 2.54267538867056 -4.61065885567338
Beamys_hindei -2.80308657997586 -20.4089437340764 -10.4721032601483 -4.44266226586897 -1.96667642256748 1.89669730505026 2.48196847274793 -2.26982716655242 -2.49588937298292
Berylmys_bowersi -5.1712211599028 -8.09062524946542 -9.84737592043835 -0.214479513035519 10.1287917756776 0.0271942497998254 1.16315424377428 -2.46071252288899 -3.12630655071307
Bettongia_penicillata -4.66751189353502 8.91164556414353 -30.7808635805632 -44.6024769476357 34.7637777534587 24.2718424912364 -20.2997839841861 22.4343191775089 -26.4910998414089
Bison_bison -31.8737438456253 -13.9675703705389 17.5678575819017 -18.4068149602325 -8.40565595326629 -29.3716760147577 1.07387735912846 18.0051610970184 -9.15395666115874
Blarina_brevicauda 68.514869112088 -27.2177150019977 -3.35053049467171 26.0895755887506 14.3447448947209 6.84886901178703 -10.0466874647197 7.36678757631316 -13.7808214107494
Blarinella_quadraticauda 59.7833598910485 -14.0337987040049 3.20898244283917 33.656140061575 17.7916666548878 -0.938053016841839 3.499341736599 13.2561571910509 -15.6139372346444
Borhyaena_tuberata -71.1280300961323 -15.2710649388937 17.3676044108569 -7.65394098132333 -14.2282121368377 15.3503538362143 -14.2192002567721 -10.0695421777006 -7.26798511670641
Bradypus_tridactylus -24.6854871628435 -8.48420579319458 -3.42789057980658 -7.2105853903766 -10.4687809135154 -14.9031260798806 4.53313387695632 -10.6038760354175 -5.05524907499314
Caenolestes_fuliginosus 44.1204659256775 -23.627478686513 -14.5919944948158 20.649694619066 11.1244921360925 3.38973864533634 11.9791127097968 7.79855287422637 -1.3933181427961
Caenomeryx_filholi -13.6539384711724 -21.7428051153908 -23.3461015455541 -29.3229517946393 5.7159534264108 -5.06899816734107 -3.04114094294139 1.647836228413 5.94233104091639
Callosciurus_notatus 22.5342960766341 -25.6312290863904 -7.9154018175577 -19.3480148257646 2.56005446332202 -2.44680070476194 -10.1291070345609 -5.74245896785544 1.10110311681458
Calomys_laucha 40.0959995997219 -5.18247929843783 0.364208329302768 3.94787725062078 4.87961273827377 7.90805762939642 7.3490250770438 -3.69482002227128 -8.51960375085113
Calomyscus_bailwardi 46.9328004800666 -28.3587009761548 9.22352433074879 -0.564755625159265 -6.58434239493462 17.3380106080978 6.47304984083977 -3.64675980941273 -9.23626461973155
Caluromys_philander 20.6785017748563 4.34440593604538 1.31726421584819 -7.2467388737735 0.735451400147738 6.58653671225707 -3.89418842573476 2.78520663641913 0.00907670401676756
Caperea_marginata 12.5396361776347 111.758379844409 -18.6671472225161 28.1621065510386 5.02145832055962 -6.40822731307744 -25.1810234096502 4.42462918744611 10.848100948194
Capreolus_capreolus 21.8419013652805 -27.5263752350919 -8.69555548201109 -39.8116985713437 -3.0654407224377 -19.6618683812978 -4.60317595012476 -1.08192572268087 2.96991746410428
Capromys_pilorides -12.5067014117772 -30.2271169750993 -1.89729172312285 -7.70745579316069 -1.45987984137056 6.47274833080616 7.08436228676955 5.82588089307425 -0.145210920564941
Carpocyon_webbi 21.9093690249991 17.585416699746 11.0236348577318 -29.1461309762442 -6.50373007973197 -2.96392256304568 -12.9038209813696 3.99373328178511 -0.801235010710928
Castor_canadensis -13.6461883882404 4.91666496676159 -6.25929801579357 -9.54978996190942 4.71987767461519 4.11058511680133 -7.59897148781455 8.37566442808461 0.331221710994561
Catonyx_tarijensis -4.80534059266199 -21.6204124073516 7.93911838522438 10.4414784927127 2.26522409285032 -12.4400280899144 -6.98907147311576 -1.74789371812604 4.07612481721946
Cavia_porcellus 10.5954909184171 -22.1581632641147 -15.3446516564613 -23.7695056600145 -6.81525836544857 11.6911863204531 7.76924398008342 -6.89594248774311 1.69667926730982
Cebochoerus_lacustris -85.8825314623923 19.459142744829 -26.4692872622613 -12.8319823340808 -0.73435959284766 -6.61012761212945 1.17624157067094 -14.0812783874122 -0.113783602068971
Cedromus_wilsoni -17.630931870115 -36.1651870302627 -3.92538731860316 -9.81312686145647 -7.8318262483681 3.04265325910892 -2.94657726748599 1.09951479720735 -2.18172537669361
Cephalophus_leucogaster -21.3536063403645 -22.6414995579677 -20.0141886604097 -18.9240550817698 5.20547749121423 -9.06872400218344 -10.1781821125337 -3.47568182648609 2.04844336251106
Ceratotherium_simum -65.960903912686 -24.9299699854231 27.1357764530643 -34.0761720171259 -9.2861640211802 -6.71274804370373 0.226370365354983 -16.4546068030022 0.19447415939501
Cercartetus_concinnus -2.70177934882701 -23.6098599500076 -6.72983148938737 12.1656293499626 -6.56246135902339 4.44249096665297 9.15193177792135 -1.59406821061033 -6.44066663795579
Cercopithecus_ascanius 97.2552723463954 24.090114756986 -4.74916508866276 -45.7807726772671 3.24506940158236 -2.78397225738191 -14.6770788045335 3.54305224130681 -1.49589711032031
Cerdocyon_thous 10.723235511378 0.462185926556163 8.36610560725133 -15.0788993812757 -8.08308925684834 -6.00427220357062 -14.5044757738139 -4.22543979097761 -4.21800536995613
Chadronia_margaretae -24.7758702901029 17.4391110598521 25.5410275665114 -8.70357928574673 -11.2941463210207 1.29022933274531 1.51795361534033 -1.26905974412786 10.6536732598885
Chaeropus_ecaudatus 28.8821944761442 -51.4701888513239 -28.6250161301104 0.694872644037222 5.05662541220273 6.95219565247063 -0.107354941905528 -2.5464896030002 -5.13539853856735
Chaetodipus_penicillatus 9.74854084645557 -59.7887300864264 -28.5396305664572 2.34590989354484 -2.14730997988519 11.8938624966628 4.07379421297386 -8.73575833947957 -3.83231498343208
Cheirogaleus_medius 50.7517875381261 -8.42860616600313 0.49055402265876 -9.37238798607436 -11.930731700668 5.5327049927933 0.103047088359678 1.25427487275842 0.0482515189791868
Chibchanomys_trichotis 31.2716258372806 3.12503461820038 -11.0378713033305 3.54269516274704 13.1608114168448 -5.98370411448241 9.64040694014895 4.54886638689048 -7.19073161284253
Chinchilla_lanigera 13.0419756609608 -63.3462965707675 -35.9275563621674 -20.2368552749494 -4.99411263558807 12.4634216975708 -1.89755426278208 -14.8642604531569 9.57801381332752
Chlamyphorus_truncatus 124.866378061137 -22.088778680549 -23.7546823905969 3.15151728202077 23.7237093005118 -22.4853022307831 -4.11615838480328 13.2872693846715 -2.39973810199391
Chlorocebus_aethiops 97.8295780939462 8.36307494338657 -5.38590768962861 -40.885318812851 -3.34421427771177 -2.40835164339128 -15.509105640486 3.61997780225137 -2.28336694261492
Choloepus_hoffmanni -5.61944649713813 -27.5745985224266 -4.35794110652678 10.3180315871991 0.637431121012442 -9.35881893522765 -14.4851009669664 -11.6489419907548 -10.8827670061518
Chrysochloris_asiatica 81.9804015873972 -17.900444306133 -20.1760098088881 9.10967259042071 -4.23611708016964 -9.79501386777805 0.436189914689367 10.1114933478944 -3.86562437167916
Civettictis_civetta -11.6927414647555 22.0576799024302 27.3054621447729 -15.9234703678197 -13.9679521102566 6.38612525035616 -13.2664968280313 -15.0931714912187 -7.09260972412014
Clethrionomys_glareolus 6.47788620424341 -5.6649276505739 -20.9539698305865 6.89001474684785 -7.25524212320344 9.11601274701229 9.23403729360172 0.111757254880659 -1.96431897304211
Colobus_angolensis 118.146501242968 6.51580622278542 7.63641485823946 -45.4017236436261 -2.93716050782673 -7.26923740326123 -12.3842453732773 4.70411577034775 0.686839352916132
Condylura_cristata 90.2200485618163 -21.018251476871 2.39616968634485 -6.1256661203324 8.77629040157307 2.44571316136616 18.5668433914508 1.17792458082778 -13.4974437808098
Cormohipparion_occidentale 41.724671829951 -40.7411337041447 -4.17852091262229 -23.7211637931412 -6.51729303284414 6.08003380862492 -13.7873732808051 -6.03515591481165 -2.00867626920958
Craseonycteris_thonglongyai 30.7777664999886 -50.1804693351917 -21.7638234985145 5.4910252659368 29.4274736794976 0.487132606618269 23.8290888361284 -14.2446762560408 6.17905246666077
Cricetomys_gambianus -5.86933165230118 -15.1987683485185 -11.232589998468 -1.60682326119542 7.09306973548208 2.50248959124849 -2.56965348383436 -1.06620928985746 -5.06917058279377
Cricetus_cricetus -21.9245131474284 18.1541048535324 -11.8387223081564 1.12374690359981 -1.43891954751655 14.072700616608 -5.94893899436748 10.9215405745647 0.234067584115329
Crocuta_crocuta -19.2375711064916 29.4374893774509 0.554861711485687 -18.3245387839225 -9.85905666930832 -6.26465257734949 -6.94650451026005 -1.50475638211179 -0.879831075486178
Cryptoprocta_ferox 9.54403091933706 28.4483583892489 11.9340631702528 -13.6583546426831 -7.0473502593091 -4.03016107518998 -9.60736259867437 -6.16439213434585 -6.39127939839932
Ctenodactylus_sp -5.46100689470196 -42.7143754964664 -22.0051843271188 -9.59855379500087 5.84176734885185 7.30381098814524 12.6241130923658 -9.05852919863421 1.47192648531575
Ctenomys_conoveri -15.160657961758 -27.8934751600102 -16.2101115095481 6.67534018759288 8.17388656737254 15.2582218007343 8.52691169123356 6.46575099367532 5.19998923935494
Cuniculus_taczanowskii -24.1886131666624 -17.0613878212363 -20.6238703393971 -12.4746589635628 1.94344925539881 6.32481489099497 5.20633790227948 6.85444016837148 -6.88342199682254
Cyclopes_didactylus 10.2465208124912 12.8355162208032 -12.8932928143867 -17.7023747379134 9.69438991390225 2.21487864742253 -0.476372652363231 -3.03234902800721 0.219650480163552
Cynocephalus_volans -59.9991004401114 -4.79626890554563 -32.9313015129042 -50.6757698304299 21.2538145430749 15.3633691316382 -2.11475103497523 15.9355891880825 -34.690014180178
Cynodictis_cayluxi -37.249844795804 23.128402075136 10.4719746318044 -2.89674576100583 -15.8823506556303 5.03494641731502 3.6205789920479 -9.88318409410394 3.8884757163193
Cynohyaenodon_cayluxi -64.8419417759548 19.7849863283454 9.57751390684775 -18.4001470827512 2.76877473876005 9.87634668173446 -1.9277508473785 -4.53913275769497 -0.289151488134575
Dactylomys_boliviensis -15.9222772496529 -8.04894926291355 -8.00978639696184 -34.1311070132621 4.26451171105945 8.74291118622656 2.30181708321385 -5.49063612071221 4.94128614659496
Dactylopsila_trivirgata 19.3620744783144 -3.44413248387797 6.05560806407029 -23.1824178680836 6.66432079269117 3.4007626814642 -16.8707706208512 5.63220773739761 0.30242518158137
Dasyprocta_leporina 3.69562477376117 -14.011914909917 -4.0276839435799 -25.8180838464892 -1.75267314023483 6.64607544069127 -2.31100178739826 4.49425271944272 2.29047056753508
Dasypus_novemcinctus 77.992128695081 -57.680876940828 -10.6294847404358 -19.3686303708605 18.4943969340278 -5.78622270261585 1.34883093868035 -2.4266582499513 6.06389416330795
Dasyurus_hallucatus 1.88729355876216 -13.0484516377275 -6.32279587050046 -7.96346348532021 13.593760480466 1.11255154342892 -5.71691259786152 7.10334717644872 -5.67461169770245
Daubentonia_madagascariensis 80.3802642113317 -13.1386200730221 -14.6186631516356 -35.944201167835 -2.74760110188948 -11.0192866521405 -1.40916810927136 5.20592372729582 -0.324150907654789
Delphinus_delphis 73.1399395527188 78.5976717383203 28.532996446754 18.3828170085557 -20.4401153390334 -15.7493722726129 -14.9648490833422 -3.05377084221854 5.94344207650438
Dendrolagus_lumholtzi 7.73724593752919 -5.52810767182396 -15.3257608660863 -12.9093676244608 21.6591258728414 1.55805576712909 -3.24239640765861 -2.43462113851137 -1.76061427988715
Dendromus_mesomelas 37.905149911081 -17.1682083462978 -7.97381417110719 1.66441045128459 9.53286794904535 6.11170154924321 16.0854788725424 0.544409932221651 -3.70331333962342
Desmathyus_sp -7.12929874930133 -68.8922826454766 -23.972933076807 9.16933256124407 -10.2229488485749 -6.72734232644919 -4.59096686470576 -12.3624698699051 9.05676239794861
Desmodus_rotundus 53.0418966654978 -25.5782680803211 -8.84710737036584 -6.18665789305733 9.20411734654429 -2.40130627925528 6.19816926771448 -0.723491923245097 5.3405958123271
Dichobune_leporina -0.570048067266821 -14.6742986523838 -21.4605056851613 -31.4858851328368 13.4192927817175 2.90649246248733 2.04143498958912 -10.3443555958287 -2.98771726295924
Dicrostonyx_richardsoni -8.1827008465848 -15.7619969752039 -27.0616347876251 6.99542939004736 -2.78338424590168 -0.174409288295813 5.08149881797541 2.32643218726628 -2.20055642258996
Didelphis_virginiana -21.89323085944 -16.4552305735867 0.64690234899305 -9.02383326992714 16.7345055576512 -5.75272408407776 -8.53336767002872 -4.39323152019187 -8.29762721581239
Dinomys_branickii -4.09857193094121 -18.9573665810261 -6.5064375594151 -22.8576272738908 3.25887313888585 -2.84012614857406 -11.5085754943684 1.77688229054699 -2.51136455357175
Diprotodon_optatum -19.9679013787607 -34.4364165988476 39.5100004566381 8.25905643620646 28.4071918995492 -5.94138849343652 4.54144436093232 -6.83968305045072 -7.405624545764
Distoechurus_pennatus 22.2312211868987 -45.3690145423258 -3.38926587616104 15.4843668696377 9.66134187218198 -3.69648775618236 -7.03159179074685 -8.41168690830165 1.29431586347152
Dromiciops_gliroides 20.5793221899367 -16.9471301416447 -14.8249242025267 9.84288161493922 -1.9132795527354 0.993266436167661 8.85178976342634 -0.383665534711741 -0.143824427701433
Dugong_dugon 16.2678066028851 -53.3433690108733 30.8808853168219 19.8465123835607 -25.4194312319675 17.1221676318291 12.6585382148371 31.4307583404038 -7.98433544676305
Dymecodon_pilirostris 110.433427325288 -12.6295424501712 -9.88040461857162 12.647594386063 -4.42781722495469 -23.2210156259682 14.1427310778826 14.3448435599416 -11.6663657244382
Echimys_chrysurus 26.4081894797187 -23.9157113316089 -5.44030424306102 -24.8919798005481 12.5685765742542 14.6318995504673 -0.457601807067332 -16.4961023091063 -2.25955013626628
Echinops_telfairi -19.0155375952247 -29.0538072012509 -16.882965081248 18.7254199772118 13.3889664186196 -2.69100315012941 6.37060621668638 2.46380751832915 -9.6164980456759
Echymipera_kalubu 29.2983963220213 -54.6181426175904 -8.74161170117062 24.7572223617181 8.45781270952143 -1.10222816536636 -7.96853528292514 3.62368741764679 0.826275215273869
Ekaltadeta_ima -15.0648517119304 0.545062333050724 -11.2739531367089 -2.35386101246241 11.432365505481 1.1154171232693 -4.34679337978459 -3.28036169249496 -6.43037932395964
Elephas_maximus 65.882436349943 -30.3451749579193 18.3411605396518 -30.9420805767668 -18.5258227412409 -26.683562592955 -10.6274469570737 4.11411111244033 5.16914773110144
Eliurus_webbi 14.1788617314126 2.84031653513076 -12.3474417164285 -4.21694695181514 3.18984630753827 8.30155489884938 5.21238978983724 5.24503715240158 -4.20398793160917
Ellobius_sp 0.228306508218397 -3.24089890370997 -32.4976192546932 20.8248375752119 -8.75527421924775 2.36356237659132 3.14879315893305 11.276549565648 -7.61151404223589
Enaliarctos_sp 46.7588958095298 3.73739947163893 -4.27971511425571 -6.2033855055068 -11.7376422571004 23.7898808613337 -21.1469221502203 -18.4621522911014 -25.3204980666759
Enhydra_lutris 79.9512180221513 46.5484707500483 35.8235969989175 -15.7548990932505 -12.718649234366 -16.8376322864551 -7.53313809064665 8.14999707061744 -9.25458584971121
Eonycteris_robusta 7.03375904945334 -29.7355319124177 -3.23463944378129 -9.50950857167261 11.3431480492136 0.171865173443192 -4.99800157556631 -3.93653408311557 -4.19666916530801
Eptesicus_andinus 15.2780283633336 -21.7708798412212 -12.4050427598122 3.8238057128875 20.9346958460398 11.8361231049121 24.5734474503108 2.55444887025382 -0.350966344835018
Equus_quagga -12.6015178111839 -42.3834451080751 -5.16727726200432 -27.0202431844316 -9.98285350215818 -11.5105885304274 -13.6637650519971 -2.41949067465727 1.67116010565178
Erethizon_dorsatum 11.3702068910917 -13.0211105968601 -4.2914979665793 -19.2127775900163 0.295398331766629 9.54025007198844 9.74118008608088 -4.97604577666609 0.320732198687799
Erinaceus_europaeus 12.2055413534615 -21.8635602691942 -6.21676726134633 15.6883728819903 -2.44326274934296 -3.36226460116773 6.40269629840645 17.9825639291504 5.51036496296771
Erophylla_bombifrons 53.3262929043103 -42.5294020641152 5.65212220297193 -8.35867722430339 15.2971960996369 -1.59350213757585 11.0710973894717 -8.22327049881024 10.3949759472075
Erythrocebus_patas 86.0759521061307 16.2945187940137 -14.1375635700503 -43.4335809631293 4.5825118170843 -8.59346839232822 -15.0009143340798 2.67658800340982 -3.26882731125893
Eulemur_macaco 69.3232776883365 -2.9160079005353 17.1698185046592 -31.7348192709388 -1.45170213148661 1.30607158841001 -21.2412559537425 0.699869480599321 -6.16617014554956
Euphractus_sexcinctus 19.5049878894195 -16.9446960764831 3.59967596455793 -9.52878863162909 5.56320865529981 -4.20831242478699 -6.57106369658838 -3.37275488264836 2.8203054210371
Euryoryzomys_macconnelli -0.899836627455144 -17.2988345089361 -14.5186432494145 -4.80698436927151 3.78852092107002 12.5557762413164 6.65250940876886 -2.46927369352233 -0.975992103323283
Eusmilus_bidentatus -30.9668370570527 0.243243661376889 12.4868814847073 1.4317957341424 -18.3494394234757 -8.93956969942671 -8.00368172391451 -9.48553690661232 -12.7410725859914
Eutypomys_thompsoni -22.927862597602 5.78562814405449 -26.1723228025363 -14.0301361814163 9.51235004690739 16.4870613946865 -3.03293569905277 -3.83063736677428 -3.23855415667374
Felis_lybica 28.8213269843695 -6.83692941735894 26.1235134039342 -23.734879438461 -7.61112435869804 -2.25926454636992 -4.4274324066276 -2.60921978399737 -1.21570074826834
Funambulus_pennantii 15.2037815870617 -15.0301482216081 -2.94469483908253 -5.78213196751575 -9.7149447611675 9.97447894957554 -4.60119199185419 0.612650438037999 1.05325364281463
Furipterus_horrens 28.8953642617104 -36.6638262137096 -20.0090732549472 -3.66974452114826 19.2990714934631 -3.57013920407358 25.7628805219418 -4.21776983081334 12.7609214511773
Galadi_speciosus -11.9532108749829 -27.006904978654 7.74436884405483 16.5194443458402 18.1796743997767 2.19050549128996 -6.76602385748686 10.2521876167784 -3.28349573271829
Galago_senegalensis 95.8853898692614 -13.4522990081776 -3.55380620081672 -40.7152910943483 -8.82908435995536 -4.17885637215633 -1.70818681147042 -3.09085498748846 4.9828640134461
Galemys_pyrenaicus 104.564199868871 -21.7490969421741 -1.54610853856133 11.2358824409906 15.293214199326 -5.5357407135947 6.92449445044337 3.98837294900989 -9.6418849672849
Galidictis_fasciata 34.0347828018336 19.2231892799774 4.96487435069708 -17.2733435696906 2.22360805756658 -2.10127330810531 -5.46625596195657 -4.53500587585083 -3.86360265130245
Genetta_genetta 0.614768827854336 20.3017697149515 9.80461864747087 -16.6292728703623 -10.0117676800345 5.45675857804288 -2.14080975553112 -5.94493420707881 -4.74596703006913
Geocapromys_ingrahami -6.81899171234734 -26.9960541497156 -21.6916503222542 -14.5386412512409 5.99411772806372 13.3865556010851 7.91858706906844 -2.21489345323782 -3.48149569587191
Geomys_pinetis -28.153920675447 -30.5954508731761 -39.9790815200836 -3.79232840703194 -6.66016158789661 17.8822100309177 2.51371964462863 1.82882978107066 -7.60803039447639
Gerbilliscus_afra 10.8110598779332 -24.1457283017822 -30.3578106765324 -8.96966023593772 3.13428777123638 0.382067872951522 3.579061244077 -0.325404741245453 1.38590573666062
Gerbillus_gerbillus 18.7083072483375 -29.0078938650883 -30.8321761741884 1.93622015375713 5.97411418495133 13.0272293930226 11.413082033886 1.96111279752883 -4.31437973631553
Giraffa_camelopardalis -21.4268019907504 -33.5368363400343 7.08076610051411 -37.7482529137774 -4.0366090754669 -15.3937387421932 -4.17791416882468 0.640240387910111 4.87461946107699
Glis_glis -1.690858206619 -20.7691020097582 -8.12087567759572 -3.55873582734651 -2.67650225387979 5.69984219983736 -0.0196750015998758 -0.780316832442445 0.769512682899213
Glossophaga_soricina 26.4950637620583 -34.7021606609382 -3.11471564717566 1.3784564152445 12.5053653942556 -0.650382194676698 14.756976155222 -10.6274066730723 9.57693436112739
Glossotherium_robustum -6.36492179770156 -3.45729340711873 16.8413037866098 7.92932902468212 -10.7456782014196 -15.2163953814916 9.58339171173207 -15.8762261459732 6.62733087932989
Glyphonycteris_sylvestris 21.1790212555119 -31.8033530885565 -13.9581559271305 -5.97448834740573 19.4436327856826 -6.74919266604465 16.0641630993997 -2.1281430435637 5.32505023628716
Glyptodon_sp -14.6918591256598 -50.9371303415023 58.771023861857 30.1010436801996 21.9303192700907 -10.6867465011636 4.4139860121661 -23.806358681336 -3.59920951309043
Gorilla_gorilla 106.849022991308 -6.24078879484813 13.0284111103079 -44.8570016908174 2.18070702560298 -6.88642762977491 -21.9694132851824 5.131969609987 4.31595596562889
Graphiurus_nagtglasii 25.5692219624862 -20.2782470537054 -4.3754228059322 4.14294828326073 3.8771394692063 -6.12797044729333 3.25121350929976 2.63833467163929 -3.9196387410467
Gustafsonia_sp -34.0432547615684 22.4542924326365 13.7303009415006 -20.0041777524458 2.99681720651712 12.4662516722941 -0.164280769820821 -1.22931164817315 -2.16151214203514
Halitherium_schinzi -39.3078808582061 -29.9515830701311 -23.5236076128396 -2.75551226668746 19.5780200930783 -5.55892478404338 9.49828642159765 -7.35060257750602 14.8999960488241
Hapalemur_griseus 62.2283208644991 -12.3154546176009 -3.23254216786644 -28.8032893696672 -8.85777460568587 0.862417179165605 -3.01231295508867 -6.55797055178673 1.94644962435921
Hapalops_sp 15.7314262929492 -42.2414396574933 12.2641400074243 -25.165135664214 1.404549634958 -8.46311792404304 -14.699443775615 -5.68952923990833 10.6350370672812
Heptodon_sp -85.1898969519347 -20.267617901722 -48.3502839310625 -10.164689501392 6.19422037024145 -1.25208383146147 5.17810968015588 6.12409689657678 -4.41663222927408
Herpestes_javanicus 4.76377496912635 41.52406872231 9.08439352838223 -14.2488515832545 -15.6936424239594 0.463636291797481 -7.43621263250793 -5.88502508705689 -6.76265624932353
Hesperocyon_gregarius 10.3731024302444 64.8365512238726 -3.26611300366197 20.6083996696521 -14.0418335070316 -1.21237385521005 -1.71430646981585 -21.597352353388 -6.73096083369618
Heterocephalus_glaber -30.255276416158 -13.3394288718211 -18.4091988718039 3.56718030992231 9.82826554588838 8.60048030197143 4.06039274110323 3.18939537949353 -12.9418705172548
Heteromys_desmarestianus 8.42694867763338 -46.2659376782037 -1.31680170672862 -10.2522079885636 -2.63421334059095 10.6283090116977 6.71438740355955 -3.24830315522964 4.87161863996361
Hippopotamus_amphibius -21.0415890813218 -38.0391673698173 19.1717469844742 -8.32153293232292 -5.55619227354006 -15.7257842793567 -0.109839183546079 0.16784266454283 1.92641801580663
Hipposideros_turpis 26.8676845207336 -37.515011234963 -1.06278675229889 -19.946683353591 27.9258482904256 5.08102807111733 4.47434800946862 -6.85618454901082 23.9006958326393
Homalodotherium_cunninghami -11.8984135246576 -47.5599738572353 28.905585943716 -30.3563844188517 -2.22327685850199 -3.69123518740124 18.7531562594813 -8.74106140099486 0.0425071520205035
Homo_sapiens 160.81487053023 37.480996294394 14.3606402101084 -81.6857415661206 7.36375943852507 -21.1903493743629 -15.5206238962379 5.6207409199955 3.62505881604999
Homotherium_serum -34.7992945895699 29.1971438626115 32.248994094019 -17.3799622299831 -23.1987123316347 19.8353510780385 -1.87813608478593 1.76754088347658 -8.71162487254268
Hoplomys_gymnurus 40.1220237346331 -31.6724753053053 -3.098131630757 -33.0686137075401 15.7211329244563 4.42568585795515 -3.53175131445759 -9.34199123379306 4.75036129252898
Hsunycteris_thomasi 46.3127150590038 -25.5512444241001 -6.35613582532251 -8.24293479597315 22.886306202304 -5.67078879682147 16.4782481740674 -5.70904979776432 8.69577986632095
Hydrochoerus_hydrochaeris -13.0266363074536 -59.6093411496844 -17.5684427351982 7.71220241177344 -22.4287510468923 -7.32734108114627 9.78318442613586 18.77279521914 6.74164471188491
Hydromys_chrysogaster 18.5773370936686 5.25989700555225 3.81781539577699 7.02641433658267 9.45259820719487 2.31563422799203 5.18637066222449 1.91085347348281 -8.25982062630796
Hylobates_lar 104.432157969969 12.8743279367093 0.28192997172868 -45.9888570913193 2.68075111556089 -5.14128062588852 -8.83610024417213 -0.558406730819422 -2.25022077127322
Hylopetes_spadiceus 29.136013185995 -19.9468564930553 -8.77425719972437 -7.20176860035561 -3.01169473924573 -0.588730736848565 -5.15958130639275 -4.38428738474191 -4.73586145349201
Hypsiprymnodon_moschatus 20.5102031746877 -25.3129673220128 -6.1216528273711 -0.196693248507867 0.0222647075745687 0.211925863699693 -7.90915107743304 -0.420256897063294 -2.687641828939
Hyrachyus_modestus -68.2802594634459 -33.1940786935063 6.16768501519157 -15.8090695056471 -16.7021606269686 4.51979022297864 5.10108484422946 -17.3217603270698 0.79893899942684
Hyracotherium_sp -30.5090869512183 -1.66844284278786 18.9050612264953 2.06044804896409 20.8373879620972 -1.7803842611899 -6.06816734985402 -9.7641617506634 -0.873161762608684
Hystrix_indica 9.35673461932289 -21.0497590174237 -19.5928385683961 -16.6995240120624 2.96138451214616 1.4046644677361 1.37791866024306 -1.8064659740194 0.0389764128824818
Ignacius_graybullianus -52.9191188290594 -10.392675503653 -11.48917436879 -16.8802935496328 23.8892178925746 4.47884422494461 -9.1266068712797 9.87982899072942 5.82676278011398
Inia_geoffrensis 50.383263098376 66.3906588187276 24.8827515707354 25.4469602923906 -18.7996975733988 -8.19434204161074 -7.73697607079687 12.9975774961205 1.81753634216485
Ischyromys_typus -44.4026259539545 -13.6421615880932 -3.72772012079363 -19.4645178317061 8.63349103596378 11.1502090427664 -5.02368060183684 7.49159086665232 10.145237328442
Isoodon_macrourus 1.18525847661821 -41.1020034410889 -21.9306825219413 6.58707166555955 9.05576187371409 5.76440797102609 -2.21131620073708 -1.44572828968002 -3.09666979696003
Isothrix_bistriata -20.4787386017719 -14.7801587612104 -9.00031676972936 -34.7052057524119 3.70480573160122 10.4242750281395 0.33167427460775 -13.2484041750911 1.48774933699668
Jaculus_jaculus 14.5778329743776 -78.2758320927217 -22.4634526582814 -4.51517627740456 -15.0952395158326 21.1195458197931 2.50548504132028 -10.4464624767647 10.4275513247772
Kerivoula_pellucida 60.7413292956987 -44.2921630771574 -14.8879664900641 -7.52576064170865 17.7211069891126 -3.6597944187557 16.1987134023965 -8.42132310904285 14.4329888336871
Khirtharia_inflata -68.8697217477531 -10.9077851461918 -6.55971346962812 -44.8767460413108 -8.67194239900995 0.491176294883905 0.0266695246803446 1.13722282502596 -15.4416246446785
Kogia_breviceps 53.6880608538367 60.6833850653442 1.161453651476 17.8446673355361 -34.4745941883693 -29.4279236149827 -4.33215116735108 8.46060148328291 -1.93007905489573
Kryptobaatar_dashzevegi -37.6507261571186 -36.2007459133136 -8.17681679072924 10.4196389115678 1.05590735519481 8.17666803554884 -3.03084735064301 -5.87837325243835 3.39374454474271
Lagostomus_maximus 37.1258657412056 -59.1963038236806 -19.8527093098949 -14.6875648229718 13.4563709455574 -0.592211339540162 -3.75642993711019 -1.11850201914476 13.370565113819
Lama_glama -5.88263792841629 -57.3141750583615 4.26517896777714 -31.126895140598 -5.30008661558999 -8.62402710011436 -18.7217962305902 5.24438991854824 7.71713860699331
Laonastes_aenigmamus -6.69016167163121 -26.7325799859909 -11.5793324732591 -29.0198584673671 17.9589721836157 6.06161070321183 4.3598838859517 -15.9789583227454 0.849055454093004
Lasiorhinus_latifrons -2.20766410458123 -30.1964805087436 -6.06822614782895 -3.00014325135472 9.09448362851191 6.38962880099049 0.257871136802433 -2.25854696581074 2.64700415060201
Lasiurus_intermedius 10.2634026531423 -26.5156462119465 -0.203171126279181 4.68126024950363 13.5356905136944 17.5891015582389 9.34894988151949 5.53101656932789 -2.22570825071353
Lemmus_lemmus -13.7615781203668 -12.045349062488 -4.84021384119115 -5.04648574513842 -18.1851422051092 27.3086800466959 0.939166941225968 -5.18638870279798 0.84027902496508
Lemur_catta 69.9570776244862 -4.64022081417457 8.92016312204402 -39.1810898229722 -14.8608012507461 0.125344358967509 -3.06274864369442 -2.78999060585458 3.0856686351449
Leontinia_gaudryi -38.0777156220583 -48.9237308598787 -6.78979637521488 18.6971606221081 -19.293619841687 -4.66331784287888 2.73679136018676 1.32983069881865 11.8743080613016
Lepilemur_mustelinus 39.1704519482143 -25.6579945200955 -12.2015068590252 -28.6096943273819 -4.26564198076287 3.74740610552736 5.02403744907337 -11.2348458823003 4.37131099533767
Leporillus_conditor 8.0563685300694 -22.432858353205 -23.9090576945852 -4.63554786556615 2.82934542010168 12.7659368721911 3.97743789879477 -0.963530285247377 0.512871056573887
Leptailurus_serval 25.8711718900731 -3.8528605682056 14.2592346293962 -23.2788185721031 -10.7169014673598 -2.34488745972921 -6.81784800119311 0.263750488505424 -1.27028321140578
Leptauchenia_sp -69.1023426421546 -33.2924478120498 -12.5650110066171 -33.9594360023539 0.0368519951843895 -5.75831200734754 -7.47676596722135 -8.52726158277291 0.208394834461741
Leptictis_sp -19.8254249215718 -8.45583994715166 -6.8062164056596 -41.8545547028209 13.7554674933669 5.35618047698828 4.24352652821832 -9.65291190225039 2.13018840655448
Leptocyon_sp 5.93252918957512 31.7063818323687 20.8643908180019 -29.0983150329482 10.9483547252883 1.04267645868701 -3.64405215265994 4.63804911660397 -0.929479620204939
Lepus_europaeus 15.1495174733991 -22.5607421169586 -25.8567683635183 -34.9552447547668 7.32292125152915 13.8371182564665 2.78336267061563 -5.97109279352791 1.55028291569958
Lonchophylla_robusta 37.288180064593 -15.5833369924691 4.67550365429093 -12.7808272750923 23.8916860656601 2.36186232215376 11.7717567855819 -2.39674053032948 5.24978259804217
Lonchorhina_aurita 34.0406335557155 -38.0842942042159 9.95161195861072 2.90937933628697 27.5572069132478 4.36319870161923 14.8386023387015 0.545602757553683 14.6051160794401
Lophocebus_albigena 125.408659682593 16.1526327023678 5.22589197743939 -43.5460691473113 -5.69278865698627 -5.02400059983232 -11.3963222177759 8.06339753447198 -1.17142502111928
Lophostoma_brasiliense 42.7054162536379 -36.2167217058778 -7.54124970215141 -18.9984009208976 5.48189491704022 -1.20708302152498 22.1288977661278 -7.9860881227153 6.3029802880872
Lophuromys_sikapusi 28.4149166379363 -25.1701700759189 -2.33086970243089 -6.60967951104776 4.1287018126063 10.9147231256909 -2.47411220779215 -4.74137723361637 -0.721187666838932
Loris_tardigradus 96.7835877253405 -9.8960215763338 -8.86078687449043 -39.8622298975418 -7.74389481731313 3.6549926913534 -9.54123294628164 -3.83397170230484 3.6302757267021
Loxodonta_africana 33.0647026218775 -38.8108716998442 18.1351177983029 -35.078887244272 -6.79021493783651 -2.05479336514796 -18.2429340587403 7.15231728733656 7.44510272069672
Lycaon_pictus 31.685032528086 12.835943300886 2.24336216476292 -27.8312504403961 -15.9342033593326 -4.61801062515736 -13.274278817824 -0.456038868176403 1.25927251308248
Lynx_rufus 38.9432032930275 4.7577776062295 23.5834987499493 -22.7447881648997 -6.06859419746405 -3.48274550499413 -14.5567969738524 -3.87661575003054 -3.24711537457143
Macaca_fascicularis 108.735195303165 11.2951882871174 -6.8757434064075 -37.521908524504 -3.1354196615078 -2.51941923820988 -15.2501653052257 1.62550375954384 -0.0693332411622627
Macrophyllum_macrophyllum 46.6297857364814 -38.7414461320151 -9.32459115877436 -1.69586689278913 22.9383810637034 -6.65108513622344 18.1566799318223 -7.95509558669359 9.59829624553904
Macropus_giganteus 2.52772449339248 -20.1332948891939 -26.0428926224176 -13.4099559700719 10.3515344361503 -0.628487624591853 -10.2721421396179 -5.22456202109428 -2.73821841994764
Macrotarsomys_bastardi 22.6207140065544 -13.9007468299008 -20.2401596783648 0.630049827384951 7.41137969776913 9.72014670802534 9.76481977666551 2.63373551626391 -4.37379454479146
Macrotis_lagotis -17.0107471870329 -38.9533541914112 -29.6079467663456 -6.34786174838102 5.3575372273964 1.80906591938957 -9.52449033374003 1.17816483199183 4.64288768481505
Macrotus_waterhousii 43.3268606422652 -47.211738765505 -9.5839958857317 -16.5306773530964 25.9649429383525 4.84077088905605 14.264808348094 -3.95321271558517 13.3701516775638
Mandrillus_sphinx 99.4396216333469 15.1460195462765 -10.5614136783512 -45.8105753591779 -1.79657189741926 -20.9873696092287 -6.94313081745534 4.33765360116135 -2.98530402794718
Manis_javanica -17.7933082177708 35.885496473895 22.6458718875349 21.4738106069432 -10.6212932130537 -10.8341876866835 0.316369540959399 -3.41655571917654 -2.96172477277288
Marmota_caudata 17.9122645505134 -16.8860902992663 -5.6779054707707 -7.5193044467425 6.96210098032547 12.3853046850626 -11.0111089067835 6.33307763358456 1.53517606154277
Megacerops_coloradensis -35.572792343041 -73.3680340699019 -13.5175163261249 19.1687505224893 -16.0935285688885 -12.2852147523923 -9.39624863982276 -13.7898351208734 -5.79594942495642
Megaderma_spasma 6.74990055425028 -32.5377050132727 -29.7063315022406 -25.9004560630431 26.3648977116229 -9.9623139921346 10.1807651810134 -14.2384640308613 11.5917463345513
Megaladapis_madagascariensis 39.2450196427552 -0.680298722054231 4.48605004737701 -26.0976413053616 1.06643085160068 7.09374427108971 3.78820080254288 -3.24616364033964 -9.4803340197734
Megalagus_turgidus -0.228954315474418 -24.8241226644167 -12.5336200112694 -31.7857988732141 18.2683027906391 8.21516044622706 0.0249114201274977 3.72186375545032 9.98675648233079
Megalonyx_jeffersonii 47.2931523232245 -25.9142349271625 18.6734124082955 15.558398861999 6.04014861105789 -20.6122458869245 -5.35975567760365 -6.52220716314716 -8.1601433379666
Megatherium_americanum 17.8224789102941 -29.5828874095056 38.7374837928549 -9.34286147580539 1.69143807792604 -21.0484389182433 -9.02080554600284 0.280267575310009 -2.41932115073166
Mellivora_capensis 13.3240345377288 41.1610203146385 -7.3336568814705 -31.9705210557236 -5.05063953318335 6.73217417588708 -12.9366940077105 1.74271777665049 -7.64719023945831
Mephitis_mephitis 51.2127193883601 -1.25166498659904 0.0791868315480736 -8.72652338428986 4.74739788611065 -0.302093369565975 -4.52598793414428 -1.94214270414524 -4.13223828134268
Meriones_libycus 26.0028809875667 -42.89483247503 0.31711625643343 -13.2172615374071 -23.7577877629677 37.7522792765431 7.44823975792601 -2.74427794635542 -4.64690127470235
Merychippus_severus -19.165205121487 -58.5833805261241 -23.2507151462839 -14.0288733282772 -11.4555885749043 -5.49079871740694 -6.17819928721382 -4.8198972382109 5.89242142070569
Merycochoerus_proprius -41.5868405978384 -42.2853111243406 11.988873534366 -13.564176849944 18.4607915377315 4.97791613613006 5.05732939068734 -14.1686726729986 9.83165735035218
Mesatirhinus_junius -70.2689156204871 -29.6412501001696 20.0702725098503 -4.62141405198392 18.6675758677502 5.69232360113348 6.25942400949575 -3.03439516551164 0.152037298176894
Mesogaulus_paniensis -17.7905217171817 -9.78459266254424 -27.0502647015173 2.77880727640575 7.16258492802827 9.53579254815558 8.69360322815696 7.15972815404076 3.62062032924327
Mesohippus_bairdi -30.3190693945633 -35.0174400326379 -15.7022775053417 -23.2117886043077 -5.18040540785641 -3.93919961310346 -0.303747465708727 -10.7569446882433 5.71056520125241
Microcebus_murinus 57.8450515446827 -15.5013653343358 -5.59974644658851 -12.6709915235846 -5.76379406923313 -0.271165379237979 -6.85282484778937 -4.05102017079515 2.50007914402943
Microchoerus_erinaceus 38.8922298658001 -31.6819169285244 -12.453275094813 -16.7350496923638 -12.2506522440381 -5.16140946769157 -12.4067809525584 3.03902265356293 4.76360393645492
Microgale_drouhardi 39.95316914374 -19.9717445331784 -16.3657199259622 35.2783996086456 11.1768773552945 -0.497122116070299 15.9354493587684 7.58056777963228 -4.76860758768751
Micromys_minutus 55.1511060961802 -25.2470793321947 -2.0648821932087 -10.1578036386029 9.20502703131363 15.4703967644211 6.65563877459979 -7.48503407072179 -5.02513266885795
Micronycteris_hirsuta 34.3587633342961 -37.7103730092581 -12.2041602837978 -17.7368652137387 12.1611276183193 -6.52535179762343 15.583099200507 -8.58424039638396 10.8921567178572
Micropteropus_pusillus 2.24479233615195 -13.5348364277736 2.9318575129615 -0.488258517063525 8.81585368537247 1.81594180114345 -0.0934202454495656 -3.1019322203102 -6.69342283132565
Microsyops_annectens -38.0943040432005 11.8230953021447 1.0213197709721 4.03666488027735 14.7067710287646 2.65302142613263 -8.59523869998925 4.58129023954886 4.12469075423452
Microtus_yuldaschi -1.53519730556077 -18.1387965683023 -20.8609962536323 17.9492178664364 -8.44554267909608 6.62552025556666 10.5527230930761 10.2269339991028 -8.98466525458317
Miniopterus_schreibersii 15.4656076811971 -43.0446186096783 -20.065357329123 9.27833475928342 10.6944215460732 4.62134637548195 21.2534142392074 -2.39034614299153 6.59072857315797
Mirza_coquereli 65.5373504621342 -9.6494489047389 4.8741420899694 -15.829634788785 -0.270446415915647 -5.38041587094658 1.18089505949541 -1.62175882430938 -1.50650427665047
Mixtotherium_sp -30.0580703090492 3.5758591965451 27.8596573720478 3.95946365785067 44.3587806327807 18.4457538100419 11.962657636087 -5.19668950889549 -3.98807061297757
Molossus_molossus 30.2571356380204 -32.5953843432666 -12.6356098891791 2.19564192068646 19.4670757562904 0.294574439581732 23.5453078603123 -1.54276728455139 5.12654321802524
Monodelphis_domestica -29.5533351663717 -8.12277936818236 -9.77844361360078 11.9719032140177 14.5079694017873 4.36943256008346 2.86370310536575 0.481751311476823 -1.74984092061153
Monodon_monoceros 70.1912808056997 45.4128165596298 15.18816483624 47.4201561791747 -19.8552982033881 -8.43066642066006 -25.6735895928692 0.710072495919016 2.64208891224312
Mops_thersites 41.0769741634076 -21.0346731909314 -12.5495760883807 4.31413050192268 17.159865081535 8.01040615378467 29.8970747514868 1.70316138024523 5.45691065380572
Mormoops_megalophylla 37.1197419073971 -30.1462259025492 -16.0280569079287 29.9698299763785 -9.60448544168749 3.68899213457189 25.1976124290568 -0.844132169310503 1.68080584025589
Mouillacitherium_elegans -10.3723724976513 -11.1807755280114 -11.5450592156863 -22.0021375417498 8.52380594923352 1.98043062156812 8.6603465159729 -7.66208526014713 0.55496824700238
Murina_cyclotis 47.937423087144 -46.2628792324742 -14.9696876066139 -0.443054857580455 2.37986585196851 -5.41625081590483 25.7844474769834 -6.56163100965277 5.52782307002776
Mus_musculus 21.0225909401251 -11.1764569112219 6.10126628450904 1.56972253537129 -0.762733707750164 19.8113159847083 6.26077493845091 -0.379297693695906 -4.51939142170345
Muscardinus_avellanarius 36.5010449198962 -19.9885083814768 -14.0985385450052 7.76657191321069 0.902900534827359 7.17740865103371 2.98048200663725 -6.08166755053248 -4.35009530252645
Mustela_nivalis 34.4188272008806 29.003708019899 -0.612581226633511 -9.39067866806546 -17.8508408574534 5.88275138561467 6.76562929906222 0.576108025182569 -5.63559772296223
Mylodon_sp -3.04567256475486 -53.4863275635797 35.9475275071206 18.3483998529809 3.09121323184302 -10.5725820326546 8.61762192320303 -8.41437236073119 2.30185930661001
Myocastor_coypus -0.185894853418103 -13.9832425401257 -12.8485461949648 -11.5663430452111 9.00489707222876 10.8800840413233 -0.720328806586423 0.918177008611469 -7.9696711276639
Myosciurus_pumilio 43.510081270708 -30.1235931782695 -5.31815311521295 -4.87859925083589 -11.9918923153131 4.56473100261558 2.7277253557925 -4.11961848988467 1.32839870045423
Myospalax_myospalax -21.0645079713669 -51.0094981045068 -48.8156784478521 18.3839412925894 1.22471306338018 -6.06892500103841 -0.632034347909464 15.8190183503552 1.52912597648353
Myotis_adversus 24.51157710079 -46.9357029464759 -28.8677345172795 3.67010412192287 19.0589167145168 0.344624012799094 23.716060540313 -8.2946240807592 7.15436509856276
Myrmecobius_fasciatus 7.93119910596844 -14.6164317285277 -25.0934595386495 -3.73517623016292 11.975349146957 -11.9113969844124 7.92727283262458 -5.91289029860015 1.89259038449719
Myrmecophaga_tridactyla -36.3392206498759 7.99466148342475 -4.56839027202215 -24.0684543200129 -7.84115286657658 4.75124425710259 -2.58071313656674 -5.05195880447023 -4.10302594787957
Mysateles_prehensilis 0.784141513687685 -18.7656643039047 -8.68789356255774 -16.0131724483094 1.27461561989418 15.5798037650585 13.0317534786262 0.446344362632714 -3.23774209965521
Mystacina_tuberculata 48.2531334108484 -39.1682486685714 -10.5576788270948 3.80483960188792 18.4567896474428 2.0667148021087 20.4141628364003 -1.5087335003333 1.72313146478131
Myzopoda_aurita 15.0885361730348 -30.7904283397146 -4.9127842700535 10.6403851813213 12.1226388041733 11.9685317991606 28.3879378848106 -0.525002862018804 11.0296874822851
Nandinia_binotata 7.76579663388272 19.4443077852989 21.2899889800501 -24.1011579791788 -1.30810286900314 -7.57176936904751 -10.1329510496261 -4.75187056363715 -0.663059829401585
Nannospalax_leucodon -23.8953839060394 -1.63501854508026 -50.6781760458516 21.4064523524012 -3.93856593346591 1.42424316873348 2.10577813219679 10.7238583899561 3.76031256486022
Nasalis_larvatus 93.6909273746957 17.5744737939305 3.75692544413079 -35.175485944901 -4.23479240326738 -15.1102555193329 -6.76687154482528 2.49309058575843 -0.518125874110873
Nasua_nasua 45.7055344776013 22.1763685029636 11.9087541962686 -28.062577075854 -8.02352855168936 -3.72533390287015 -12.5448069936724 -0.395912111723404 -0.418428788438264
Neacomys_spinosus 31.8241600147219 -23.3622687900768 0.651425668859586 -5.48638518349296 4.44813599364781 5.95326786982683 5.84924613913166 -5.47582634736592 -3.78547862613553
Necrolemur_antiquus 66.0757015713726 -39.0091921768791 -13.930728797682 -19.888499266417 -6.75730508920244 -0.76877478805471 -0.237867116572086 -5.13114464218848 11.5268636002639
Neofiber_alleni 3.33375543885136 -4.31515206082295 -7.36421314638188 -3.786139530447 -4.46745159831587 8.61876332589198 1.28525721251342 -3.58207362473912 -4.11301812391863
Neohelos_stirtoni -33.4940761310121 -8.06022933912653 31.7306858930098 18.9433331511104 7.71965034074635 10.6333786456385 -16.2232660307371 -1.09968066810926 2.8452162269587
Neomonachus_tropicalis 67.2381496911831 75.2081444777179 48.467414068184 28.101018492235 -17.2353066784117 -22.4260444695335 -14.4649069297585 -3.20705077635324 -6.41314701035997
Neomys_fodiens 68.3918917908162 -18.985602962093 -3.71260286153278 17.9485447169476 34.6859239692809 11.4063786464364 3.06208262042296 6.50696324868997 -9.96210003314358
Neotoma_lepida 27.6052681715422 -16.4763720748428 -22.3677391670364 0.485983343828941 1.47712224734815 2.15537845394748 4.88505073694255 -5.89762282912312 -3.53140353211898
Nesodon_imbricatus -95.8693476188986 -60.0688845626653 -29.2011650939218 12.9010704344344 -7.92441907224512 -26.8397990739731 -4.80866830324294 -17.8394671298675 -21.9779201182985
Nimbacinus_dicksoni -32.8779550047296 3.27737774793052 -11.6631000029597 2.1062980888098 13.7270912648415 -2.22156529408911 -7.42137488954186 -0.685125906750388 -10.9449698631796
Nimbadon_lavarackorum 15.3043588844884 6.14701286862348 26.2974150764987 -21.1358164682572 8.93092170907767 2.29803898931574 3.75620851935558 -1.61101612976075 -2.85596477168735
Niviventer_rapit 20.096946773733 -15.5834235387632 -4.9910972288507 -10.1360477448265 6.21039743409585 2.18843665711996 0.39336438691963 -0.929739491064345 -6.91488359643131
Noctilio_albiventris 44.3244761125369 -17.3995799228041 -9.433652021075 9.16543979771352 17.1578431949484 -0.484899308744746 25.4513813638513 -6.70173584510613 2.4847543664874
Notharctus_tenebrosus -4.29132023475904 -2.05117106441067 7.02192506833714 -33.4708562935906 9.38808819854223 5.72684308228671 -2.83198287773912 1.28391761470798 5.14611916733629
Nothrotheriops_shastensis 45.7554229079174 -46.7324709405191 12.9682576904792 1.51051708750394 13.9779215396803 -5.59301783364157 -17.8276412742259 -3.48729299774928 18.6953398725831
Notoryctes_typhlops 78.4199273550737 -27.3318814481742 -22.3722535347806 2.57240093550717 3.89073712959427 -1.04619341566154 -5.94611619404836 0.322742875202544 -5.24576129127915
Nycteris_thebaica 13.8505298722323 -51.6927162285424 -26.5383315780323 -31.5850130091214 13.9954724875593 -6.70821641753389 17.1782163823053 -15.8151673376231 19.1225345616473
Nycticeius_humeralis 11.4759673526336 -28.9460724354178 -25.5540521477139 8.3950657812405 30.0165630826221 2.62696446977075 19.9454547446901 -0.743759879292249 1.0468270836613
Nyctiellus_lepidus 25.4715056466654 -68.6429696569797 -20.6984647137279 12.0417457481236 15.6597331971254 15.2211299160867 25.3448340526428 -7.49443836587679 18.5306797349031
Nyctimene_rabori -9.10446241778268 -3.12402929163989 5.62239725917439 -2.52354091546962 0.0237176540872174 -2.31853810986989 -3.11827338455106 -7.20587754874515 -6.88925593564066
Obdurodon_dicksoni 36.944319104079 48.0139498232817 6.0844060450266 1.25698428501784 -12.1031359030416 -10.1031734276295 7.2784567993854 2.13649428653029 -2.03657601719088
Ochotona_alpina -7.43748385379825 -20.1468144033805 -8.34741496817028 -12.2994371500246 2.55157708301686 20.9840655561688 9.7674522906196 -4.23814022673805 -2.09521160946314
Ochrotomys_nuttalli 38.2112152676506 -13.602853187477 -12.5613531603272 2.23932710036242 -0.779531265342285 4.16972270350077 6.87226031924571 -0.569256572249157 -5.12787671482297
Octodon_degus -8.47893086589532 -36.7022615289131 -24.6728131737076 -15.3562531748609 -3.20529788469279 15.2921878023376 2.10615631742154 -13.2322328457483 0.970443088249378
Odobenus_rosmarus 70.8731611371223 38.4390968853222 27.5350244964754 6.39584076750663 -21.450192085215 -22.7769046212104 12.9479536724594 -1.7862541483654 -1.79872925357167
Odocoileus_hemionus 22.2330802966495 -22.9739401071393 -3.80849730628644 -28.4694285080692 -5.22512739334444 -14.1107714432594 -11.390713581104 -10.2023477215339 1.36866959858893
Okapia_johnstoni -20.2554409523378 -0.119544799917722 10.279179743399 -22.7290619444413 -18.2099038833266 -13.4414572906567 -0.484371076402227 -0.712922856073744 1.20771070361428
Oligoryzomys_flavescens 44.378615221511 -12.0767624453818 -2.96177958274403 0.948745416907184 6.9796060051696 4.04071788321567 11.7030219064523 -0.54425026057964 -4.9483314302621
Orcaella_heinsohni 44.931872709294 40.6684788979669 22.0761234612661 18.4891395896276 -22.2464795471933 -8.3922740943914 -12.9359547510249 5.90073794002499 0.394917799341497
Ornithorhynchus_anatinus 41.1924982318455 31.2080831768944 -8.11443385870475 3.11756657003349 -16.0336663534956 13.6590823865262 3.32787973435144 6.65830826289075 -4.80596990971176
Orycteropus_afer -21.0535557024113 -18.6267719292325 0.34860921953563 -33.615174197447 29.1462368487073 9.2154315518551 -7.2621691364334 2.64132507790627 -5.63906585326809
Oryctolagus_cuniculus 15.7391623037523 -32.0392815703836 -11.3706066859788 -28.1491968906949 6.66729461200595 17.1402789750142 3.41093514793847 7.73381300904856 0.296729772842989
Otolemur_garnettii 68.8732245326221 -21.0475281269109 -2.43601514461265 -33.8615331301342 -6.1170855707338 -8.77994174726568 -12.4503383628497 -1.54673796525886 0.649006880965268
Otospermophilus_variegatus -0.0366863584912329 -8.63337711230329 -5.50526541945668 -9.44899028645011 -3.22789096077949 5.96873706170618 -9.23046969822513 3.82293172266062 -5.03437429704282
Oxydactylus_sp -31.5646156616606 -5.93736902255739 -9.4815279577483 -46.0693957463581 -5.46281441941647 -4.89497628946603 0.0539566626741583 -12.1150099896572 9.99949552672873
Palaeolama_sp 10.7411607415793 2.18271656109682 3.97087123328698 -31.5401039808128 14.3511032054062 -12.3384312242582 -8.46737654596771 -8.45373061353967 4.62624445332166
Palaeosyops_sp -76.532796900496 -65.9709744333596 14.8852561657483 19.5393559781073 7.87381836543182 -2.26954353601654 5.68166814919221 -4.01271330412686 6.94409785807507
Pan_troglodytes 104.803537803353 8.0932987332454 14.9530077395477 -49.0188484792593 -1.74998503946342 -11.8523668022726 -5.99145641025698 4.49728538279604 3.16023390530156
Panthera_pardus 12.6010893222954 18.2601158686642 25.7459747279064 -15.1337007618478 -6.3421376495897 6.75231821566579 -16.2049969388288 -6.99918718545084 3.61133170043594
Papio_hamadryas 110.219541894971 30.7262056285264 3.01118929126339 -48.1800473545037 -9.30347336512299 -18.5641336981153 -10.277335409947 8.64106930409765 -0.0111925860126728
Paracynarctus_sinclairi -0.919934747238301 19.0954929745611 7.42872442258005 -22.5052052888314 -8.11528153821765 -8.99546988887476 -14.4734592386113 -3.53429672577732 -1.34263062073562
Paramylodon_harlani 2.85022807293583 -18.8727428578063 53.9039993197907 18.5754460860242 11.8062077378631 -0.98785887199425 1.80331821115555 -17.2882900450955 2.43881958909495
Paramys_delicatus -45.5573086619456 23.3922693440834 -11.157549535696 -1.74585599311185 14.1031788687727 -9.8765005143375 -1.5925040900595 12.4719629930445 -0.147194625229961
Parapithecus_grangeri 107.907104993633 9.99599596535649 -12.6016607393724 -40.6023729201139 12.8132036006956 0.194662591509234 -17.7842741952324 -2.19931986828983 -1.30973691077088
Patriomanis_americana -13.7731676187654 24.5644389798575 2.5062960175611 -28.7700890283351 13.0386605096014 -6.62717118464513 21.58704654306 -7.91175025866117 1.64312356755696
Pedetes_capensis 5.08145540091494 -40.0907538943869 -34.4850402379648 -2.34273917062767 -6.52168394510628 2.22216365307201 1.37992321404045 -2.79995895456344 -3.12503550654126
Pekania_pennanti 29.7918494820529 32.7735406629327 2.33169362034545 -28.702779587987 -17.7725566414189 -8.98730254332394 -8.13366137751005 -6.4797559476311 -1.72585812955392
Perameles_bougainville 51.3553858567497 -37.0581798680466 -24.3246994533477 -8.96999936755207 13.1931790270015 0.614910833644475 -3.60186391891941 1.08429776500654 -1.03646198683659
Peromyscus_polionotus 45.38987795306 -8.71754991943572 -9.91155089324426 3.96230127428896 1.85811258229905 7.53394549019152 7.02951468849226 0.382303597616615 -9.25034883969042
Petaurista_leucogenys 22.7579414029849 -25.7323759182947 -1.57845584950636 -18.4326797985492 -3.42618155428758 4.94809128367788 -5.14608687860747 0.15814163088148 0.470885304550654
Petauroides_volans -21.3118494192532 -23.6441714423292 -4.90900975921923 0.993158951716242 1.03070467165287 4.50801337821872 7.7433963343115 -1.22642321003785 -0.777038809811399
Petaurus_australis 24.5645666649771 2.31637775664569 2.6627637747152 -3.37584529624822 1.72160783493251 3.66702048162785 -5.24629612782282 9.34119275080606 3.85665564615139
Petinomys_setosus 33.9352620921378 -17.5416817253683 -11.1239145318897 -8.16885315352408 -6.09981043475046 0.523721316746718 1.69488804395966 -0.596532964149342 -7.32879747960221
Petromus_typicus 6.22043737620613 -35.5975847125931 -15.6225485194715 -11.9172637716933 7.28989345909993 6.7969470597062 14.6357691652842 -10.0124709856458 7.72596662568357
Phacochoerus_africanus -13.063712918727 -51.1625990200064 -3.36235012232336 -2.01265231104929 -8.82832567604138 -27.6560275792464 -2.64094844792727 9.46185665387685 11.8117488754123
Phalanger_orientalis 2.09923786440854 7.59192919792472 0.299423983119223 -14.636535609509 16.4019910291651 -4.65421073143413 -5.31922797818853 2.21594158646172 1.72069399715695
Phascogale_tapoatafa 19.3170701834821 -7.84810779034961 -21.4140189513245 3.77396853054888 -2.03717980112868 -4.8901852563214 7.06743938100524 12.2653776462848 1.74067103102458
Phascolarctos_cinereus 4.0741796562958 -28.114674064617 7.41736091174109 -9.09454135053677 8.59232641616689 12.3356906755373 -3.35749378152365 -4.06328269787624 -2.01390056204922
Phenacodus_primaevus -47.8531002135915 -2.15013152924965 47.1663250828152 -21.2855462915662 -0.157237306601854 8.67603829168014 -1.02461816116713 -4.53751505803846 6.8464161468415
Philander_opossum -4.34612470919566 -17.6431670358787 9.18707374506619 0.741711981151875 15.3300435532334 -0.656145764941192 -9.02713860248984 -2.90736838639974 -0.675729474508239
Phocoena_phocoena 57.434882775371 87.7226983816165 57.1761541788624 27.9131929827217 -23.3343490825582 -23.8625881312092 -17.7799201551478 5.98010907902479 7.77542296115809
Phyllostomus_hastatus 37.4604943514748 4.58584245147274 16.9411170068759 -20.8833184687599 28.1980440182686 3.48358474851714 5.72488057789708 3.69454853141409 8.7335970153071
Pipistrellus_hesperus 5.06421687342527 -38.1887455379125 -18.2944660417169 7.03719835075762 26.3021831697123 15.6062324765932 26.3878445334223 -4.08821319936865 -1.9253755502903
Pithecia_pithecia 94.457664173416 15.6845106578403 -18.7225303189714 -36.0421081094157 3.68757148383828 -9.11845680388332 -12.1522866759627 -2.26618772739552 0.949725517752808
Planigale_ingrami 33.060855005081 3.88691700697193 2.29385085238762 15.6076192552754 14.649027920215 10.3567762549649 9.25248434298368 13.620774002321 -1.95659994997402
Platacanthomys_lasiurus 21.174959325349 -13.7199105733095 -8.1690039499349 -13.4947450061338 15.0137467813015 -2.37885618439215 2.48452013369862 -4.89096831094576 0.309585044647817
Platygonus_compressus -13.8025665749139 -18.6299468235243 -6.45057362020401 -7.96330116928749 -5.55598293134706 -22.8183825432794 2.52640642750778 -11.5269291677742 6.84155499225834
Plionictis_sp -5.19803033680873 29.0651431580904 5.01268695470884 -23.3896885579162 -11.5427088295392 -6.18631460794595 4.11968270760783 -13.736378427516 -3.71316751005214
Pongo_abelii 128.194651052225 13.1870990109662 -1.54005507045181 -43.992289244547 3.28554491336641 -20.116566826295 -1.26884434446063 -2.98210182961402 2.14346389842621
Pontoporia_blainvillei 67.114287808365 50.7522373684068 41.7638533397798 27.496731298169 -21.1333055638487 -14.8455239252888 -5.7214289868969 27.7385534526242 -1.42961923026425
Potamogale_velox -10.9479637186529 -11.7858301463122 0.346824549562729 26.1438081003133 19.2318922786943 -13.0826521810631 6.93454973151009 -6.2936267693457 2.64286564460897
Potorous_tridactylus 37.1149781638184 -19.6295816145916 -15.9911337941455 0.117784506418861 6.59350538644515 2.14969322672506 -0.61856399893176 -3.40970310544027 -3.92853392937319
Prionodon_linsang -26.8817008750806 25.4472802214383 15.445229091282 -18.0957969413433 -14.2389407393694 12.5236495111912 2.59144509757036 -14.2087597861005 -1.2441393550901
Procavia_capensis -10.4842372522155 -30.2465613658521 -4.82398239610474 -19.4767817483281 -9.75609927939992 -0.616939489516293 -6.67190685127217 -12.7716612862574 3.16792667117746
Procyon_lotor 43.488863534812 13.9746236395975 -2.25245912749549 -31.9175784056715 9.61155433205351 1.41164722121009 -18.2837689445898 3.85504143069885 -1.56290848782773
Promartes_olcotti 46.235807560384 16.4358149540566 -0.355403066591361 -16.8122998889109 -4.81904331954502 -26.369668945303 -14.6237621892384 -3.36260294967223 -3.32000005586573
Prometheomys_schaposchnikowi -5.89704326082933 -22.2349444835695 -24.8625742071836 8.95119395238915 0.0704961666315102 -0.545121179399348 5.90560303994716 4.15623490598867 0.364999462660183
Pronolagus_randensis 6.65922390948622 -28.9677511895108 -32.0261156841978 -12.7174675640407 6.06435148711099 18.2861308000249 9.79650183176725 5.50847662162582 -13.2960949695478
Propithecus_verreauxi 85.0852645008072 -18.2143195559439 -11.7711304679811 -28.5203679347837 7.02918180184512 -0.658551322320973 -7.00914120311582 -4.09664135880702 -4.70690027193723
Proscelidodon_patrius -0.867045134351123 -26.3659777691859 26.8348443054472 -3.5545581871926 -13.8372173794028 -12.2485211278208 3.45454943371928 -8.44766301107191 3.5503917529548
Prospaniomys_priscus -28.5954990104806 -14.5148110541127 -17.9026222618581 -12.7102668196349 6.07571669148107 15.4100721334185 2.64048951651724 -4.96239007939357 3.42395520090361
Proteles_cristatus -25.9121029046238 13.0750126136259 29.9055895217187 -18.2916816950962 -18.6576104974968 3.56498145443284 -13.4168220316124 -0.382446557924051 -1.2425396726435
Proterotherium_cavum -59.0547323441804 -38.4242322103481 -15.2318371225155 -15.7619918547684 -8.95870746107486 2.54362364609305 -3.73459069227934 -24.6254035740049 -2.25080023776594
Protocetus_atavus -50.8021517789463 40.4414721266744 14.1826747308982 -13.4364696840735 1.82765630227592 -6.63035925997974 -7.87269586914476 7.05095699248858 3.8423783347941
Protosciurus_rachelae -1.28345500059387 -15.3013574822468 -21.1591355117106 -3.0683747018567 2.34507951590636 9.80347668768086 5.70000298779132 -2.0863702617719 1.30095650769068
Protypotherium_australe -16.6460726015914 -67.747771874897 -7.86847586752669 -6.9937245852873 -1.71448159039479 -0.509824548127789 19.4231916213462 -3.2340384591876 4.15583744369981
Pseudaelurus_validus -7.18153673814131 14.1505647973567 28.0561790508454 -28.0869283999985 -14.6405729415652 4.04935914239565 -14.2476754043419 -5.82587117042204 4.97357779018418
Pseudhipparion_gratum -6.50887791634355 -66.8643366336921 -1.19540721004909 -14.7804810891054 -3.58039407014395 -6.32583542602129 -8.3483359042219 -6.5918039487533 2.9226225542455
Pseudocheirus_peregrinus -25.74033859079 -7.49614727907003 -17.3989249872714 -9.88238986068652 6.04733066254728 -3.04062971804633 3.32780801730959 0.119918684284651 -2.85371543162469
Pseudochirops_cupreus -24.4112982201157 -15.4442815615372 -9.82482490482583 6.79773312227539 6.14752199023855 -4.74634431007544 1.56891434798231 -1.58899088186866 -2.1339431186696
Pseudotomus_horribilis -22.9252057665489 25.443255105104 -14.1588786479962 -15.5106363944694 29.6247498886554 -6.24639408820789 -5.95735370964092 9.32687703462282 3.09769778547527
Pseudotypotherium_pseudopachygnathum -33.4266839232782 -52.6896335018923 -12.1329179343233 1.35303517902428 -2.77877419980485 4.42650016674443 3.46090655026868 -6.33829762088231 -0.0733766066972084
Pteromys_volans -5.67928754103133 -25.5716028446582 -18.093059969575 -9.87171060460918 -5.91379863802586 -4.39108558856717 -2.08117404046902 -10.9219633410823 -8.89150599206478
Pteropus_giganteus -15.1347023253412 -6.92536302805332 7.28625110875112 -28.6890277528975 1.46131432156172 -1.18649391528202 -15.8411358471265 -11.1645446400015 1.60305280328282
Ptilocercus_lowii 29.5323079098666 -14.087629827228 -5.81304323623262 -7.77556544532992 15.0205517575612 3.49321636705 -2.82552178893672 -6.54244500650696 -0.260791145099393
Quercygale_angustidens -61.8642913268364 28.9133800481094 10.5221618465581 -7.45652063576043 -6.62780367010165 9.24575710729271 -5.2500545623065 -7.94085554832705 0.85341755213092
Rapamys_atramontis -34.112662010309 -19.6951076167229 -9.05040512878121 -12.340689595344 1.68880601243335 14.7661566232017 -3.25497183331803 2.0369748998954 -0.169792332381956
Redunca_arundinum -35.440310597679 -41.7177394232576 9.29220901984933 -31.5004915299552 -2.87314773156325 -13.4551565336084 -17.7759156396227 2.97182912723586 -2.38775519075556
Rhinolophus_affinis 30.3693876082001 -30.3696898274408 -2.02035346904092 -27.4102315085679 14.4289024452547 -0.334825510352285 20.5331567330413 -14.7970360232647 12.6437319173722
Rhinophylla_fischerae 50.2764864342022 -22.5680220248685 -3.60026405225747 -5.49739585498959 20.9764964434414 -5.55066782356787 17.8953725968304 -3.12640368928878 3.18254635149345
Rhinopithecus_roxellana 115.702618231361 12.6207663637401 -3.59596429372353 -44.0022712154012 8.82632982918683 -16.5692759552424 -14.4829322466911 3.42490398809439 1.70377583500591
Rhinopoma_hardwickii -13.134766626817 -45.9917495488892 -23.977101686801 -17.603285801457 26.7331606799116 8.23000407974832 20.4454093744378 -10.9151922580843 10.9809886526721
Rhipidomys_fulviventer 39.0007930610185 -5.04251689452883 -0.924504561497101 -15.9912331487605 8.13428660510609 1.90614521365692 2.30573766988896 -4.80404875251273 -3.07676494307931
Rhizomys_sinensis -66.9886280062851 -21.4584694136714 -41.4157640010409 -5.72992674089912 5.07074369751561 -9.47875587991515 -8.82874697002333 7.2475023617784 -2.26009261896597
Rhynchocyon_petersi 12.3617360593472 -53.3963338995464 -21.0708663840011 -17.4578382892638 8.60321312585056 1.28440073963034 -0.488814825400525 -2.45060303639471 8.88618852667241
Romerolagus_diazi 23.4226978548576 -21.273865680708 -22.5672494568561 -16.8690071944115 2.90596859991325 12.9122740216737 5.59807168293669 1.57535657565255 -4.98772176918332
Rooneyia_viejaensis 52.0301398501378 -29.3470702542092 -11.5440726086048 -18.565486638189 -3.87817435253999 -3.54881219744914 -7.43167803418481 2.9287077337502 3.51925193466124
Rousettus_aegyptiacus 6.44911116648165 -25.5720854261626 -10.9280306222128 -10.0300497001925 2.49488247728916 1.42425734290998 -1.12384658310716 -8.24464284669929 -5.32333064792122
Saiga_tatarica -6.4461190629301 -12.9970683745302 7.74799757204763 -8.99884209921082 -18.2751464586331 -10.9951776458822 -9.35323264796368 -6.19618795168959 -7.51355174202887
Saimiri_boliviensis 117.206112400681 24.6990820616819 -22.9187187083755 -45.3234611239078 -0.993117046688246 -14.0368171631967 -16.2366454761031 2.79232129158248 1.24880827535768
Sarcophilus_harrisii -27.9383833514092 -22.7832792754778 -13.4475925552661 8.89580396555616 15.8089729689963 -7.63858778286429 0.925643340019506 3.7835726376244 -3.47395848594
Scalopus_aquaticus 10.9540513663701 -35.47569871235 -26.6575092530284 7.22786437536406 -0.77024184292338 9.80193499601941 14.4374199366538 -0.414373182397168 -4.58437043270153
Scapteromys_tumidus 37.2392646041431 -2.33213886175206 1.80454725903255 -6.92123847846828 2.78819198479997 7.93085188873086 0.811313823824537 0.0190786630689319 -4.9123488414424
Sciurus_vulgaris 0.312114448078879 -16.4706531735387 -11.500463906412 -17.112920118578 -14.1573788961712 3.85746537128762 -4.93620435314453 -4.95900591133064 2.04705398063421
Scotonycteris_zenkeri 4.23068693412282 -34.6738389465218 -16.612092097308 -0.668957004007768 0.43470966218214 3.68680607551121 -2.77712322923603 -9.70909121988594 -9.79520267770993
Semnopithecus_entellus 74.9959313473585 15.0585566025747 -18.394298115345 -35.2686006308135 6.8260764682597 -9.75576296280452 -7.19504447194965 2.00454243927543 -2.63458853771454
Setonix_brachyurus 16.5312902286561 -14.2053618901736 -18.6888743895553 -19.5385517121526 11.7597510942999 -5.69449979475146 -8.82672981722754 -3.71718960015562 0.428835898385356
Sicista_concolor 43.0321036426448 -21.9135596667048 -5.04269773406942 5.80086245837491 6.16739626310554 10.5011354538362 4.26886927613405 0.490474097087104 -6.70523689934792
Sigmodon_hispidus -16.4137758642849 0.796911853249557 -8.81240380587591 -13.3755659651594 -3.32263650842824 11.7293487295874 -0.301356177242321 -9.28330720228052 -2.46683619554016
Silvabestius_johnnilandi -36.8110324010951 -7.50465166307463 7.21575596628963 -13.035431372579 14.0664828110747 1.47347234459801 -5.595555673492 6.33504692528167 3.47886510674049
Simosthenurus_occidentalis 12.111702086121 -22.667035737117 -7.28851436328686 -7.64106223646947 10.0319925244947 1.51635344294536 -0.0193814046474871 4.65120325090301 -5.85504069165069
Smilodectes_gracilis 28.4449572697894 -33.5867399325803 1.70978773186997 -18.6612284758769 12.8601688096862 11.2173326719522 -8.77816421275644 9.83366743941748 4.05609364645735
Smilodon_fatalis -64.6953937151977 10.5401582470238 58.6503285649801 2.84436210000377 -15.4637361025418 -2.92609212631873 -17.3283501838243 -10.143894853468 0.377356549398716
Sminthopsis_macroura 12.5132533159448 -6.11676150218204 -16.9912184476649 19.0413773034691 0.510639017775343 -0.383546206581284 12.5371637290953 5.95715870335345 -2.664592091548
Smutsia_gigantea -5.40506984925204 24.8155508849587 23.5417053548689 -9.65319456424585 -4.52840337217578 -12.1677010225792 3.89142469893194 -3.24323288913114 -7.06783346159342
Solenodon_paradoxus -10.870052833726 -28.7150707143421 13.6834576906038 -4.96656411287924 10.6346057418256 4.29791027578225 0.621904210313691 -3.93797056983047 5.0365661163068
Sorex_araneus 87.8115331637303 -36.7725839136229 -0.687141666123834 9.18359605274213 21.5629595979295 0.461473807315532 -2.03661807299743 -4.7284363642283 -12.9361509863467
Spalacopus_cyanus 8.73976668166908 -29.7513969497674 -26.4500289369307 6.06852201936863 3.22335252434882 10.9438254672409 15.4960445183578 -0.924492733822225 -5.34749063507219
Speothos_pacivorus 15.6009709057333 20.9696002225109 6.05751833864681 -15.0638814630572 -15.6059128262484 -1.220813726629 -15.3532026979488 -3.34808295708392 -1.02381245842113
Steatomys_pratensis 31.4102071836635 -5.58272840139157 -13.9999071177701 12.5104762315603 3.61570010384162 14.6877422435051 9.14924237596702 0.793518616721376 -10.3083284900225
Sturnira_ludovici 49.9625167073478 -10.9711832988741 7.18044487387418 -12.5322177936303 5.59594541816109 -11.9163793961736 16.7404616956041 -0.906834728126346 2.62229949165512
Suncus_murinus -10.3648942186868 -22.2037160089706 2.79702385440952 17.2354746210021 29.2359396933975 14.3515227713722 -0.0820332315907258 2.21341614691103 2.38099730222289
Sundamys_muelleri -5.71603938708688 -10.5565361029725 -16.1519426112931 -7.22266037467185 -1.16757788361146 -0.537605244365559 2.3512055619342 -3.19134425722956 1.38564121098023
Sundasciurus_juvencus 30.4612795051464 -22.0661996049855 1.00964662886675 -12.7925347814756 1.94167787756713 6.22867950499042 -7.52836868478407 2.03133134381098 0.830316008236761
Sus_scrofa -14.0251074693968 -23.6656691711341 -22.2561625380562 7.4575436902531 -11.8056797131254 -24.0825093617686 -0.76482673040646 -4.06102384891229 6.63799106337098
Sylvilagus_bachmani 20.543370092071 -39.3585801320497 -32.5206523890603 -13.3998599500866 5.4122343164164 6.87173632112227 4.64644071433294 -3.83197236282705 -7.53831846116248
Tachyglossus_aculeatus 43.9348127991565 49.449710969905 8.55263973711284 -12.364312789652 -8.83593435571779 -7.4750740147916 1.03731608248547 12.0561296257986 0.55420768940453
Tachyoryctes_splendens -59.7583493038346 -8.23967576120529 -33.2227650207201 -9.04181227030613 2.52157076518743 6.21103416144401 -1.60793397958699 3.27504624826036 -2.57873752248032
Tadarida_brasiliensis 11.779767686177 -58.0323102318533 -21.4741337847397 2.32376584629802 15.6844299019025 15.5846922455103 26.2710160233877 -8.74957031475222 2.63935110630838
Talpa_europaea 83.1865867116036 2.70858992379203 13.8659709962506 -17.6312640302107 13.5586650056458 -8.38848823086568 0.302646512832951 10.5937125939681 -13.3554063712169
Tamandua_sp -8.90930201945928 -3.88319909707805 0.0238013114952447 -17.0016223793429 -2.39517386877765 3.40570773178628 -0.8866339821827 -5.92399383109861 -6.91203429435467
Tamias_striatus 19.0021497308786 -16.2297383427833 -7.03377736361544 3.58459173904378 -6.98937679048327 1.31006847953854 -1.54347092605302 1.89034340548173 -8.3347320482353
Taphozous_melanopogon -8.17301950283604 -26.5082594521108 2.58632745146097 -15.7148970354972 18.5402772322453 11.6774277672448 19.8338853028478 4.39306301741109 11.2732542105729
Tapirus_terrestris -58.3038015841857 -72.0991125206714 4.07547165661171 -10.6389871433818 -6.76628597071623 -10.5613107776533 -8.90504721387266 -4.1425408376709 -0.376011940545199
Tarsipes_rostratus -3.85175903931584 0.713952497441301 -16.6435436496682 1.44794082650393 2.19773590817142 5.38121462899476 9.50167852882255 6.54038726931264 -8.23045133230921
Tarsius_tarsier 100.094457062587 -3.10422952495949 -9.04413720972121 -38.3273096332374 3.13390084818393 -6.26396792211084 -1.92465008608457 0.629815125995352 7.53918606787684
Tayassu_pecari -2.76090729396318 -22.0411174057605 -12.2406896226833 -0.417518792907519 -6.42080258011076 -10.3999710261011 -5.26724226661019 -2.50485425988112 3.19515777761482
Tenrec_ecaudatus -21.1124118137569 -13.8032301651458 -27.0764594651867 15.9783919395208 16.3204814425796 -14.0427569310137 8.00868634595989 12.4191175163309 0.633083111986068
Thalassocnus_natans 52.3333648170037 -15.2242086947588 25.4260976382079 0.236133772497171 -0.655868735196016 -12.5001865351298 8.49749460661304 -10.8716768917011 -1.5147071204684
Theropithecus_gelada 102.011672488716 1.69992706652713 -17.0570490997011 -42.385624683115 -0.681154719456089 -14.151961594174 -10.0470094975727 4.99031765676258 -1.17132362766921
Thryonomys_swinderianus -36.3884946360513 -25.7546703458498 -20.4836259121077 -9.31945930102042 4.8670760673175 0.047317207645997 2.29218063370963 -2.56013317603054 1.2914805337014
Thylacinus_cynocephalus -22.0704663917671 -13.6503208194085 -2.28651147148076 -12.7105946510139 5.52451893116372 -4.84460516491599 -1.95352055999504 0.561945458331258 -6.41273697480619
Thylacoleo_carnifex 13.9766819768773 -22.2755825714807 9.1520482294285 -6.15265226691866 5.27639229496158 3.1866579550082 -14.5314782316143 6.88142057261409 -5.65124181217918
Thylogale_stigmatica 9.32955232086968 -9.47292052959448 -19.2412117548836 -8.78121703134585 11.1710431736606 0.555456432172183 -0.589421152984353 -3.82418015101818 -5.11719487479885
Thyroptera_tricolor 48.519234492023 -24.1641904722177 -7.06318362181084 -25.8336890821319 21.7204595450284 2.26252801316656 6.82568534352729 -3.09808490023286 16.2261453715824
Titanoides_primaevus -102.179494658863 21.035856554342 22.6156182153865 8.75960351614363 9.51838613156519 -19.1201947515087 23.5613983131222 3.01725126750293 4.46391157720992
Tomopeas_ravus 26.1711991086088 -44.1257864088154 -8.14862523683047 -8.81282443060114 7.5550930234651 8.31211879181031 24.9979341527006 -3.06000075865462 11.0355376270089
Tragelaphus_scriptus 5.94160447413485 -31.7699245653986 -11.0542582280428 -21.5670054728186 -2.18363664864292 -5.32128632229819 -1.62771728377136 -6.40584761825608 1.57485972430767
Trichechus_senegalensis 5.38852263499712 -28.5657612660775 7.57667126169438 -29.0165915225443 1.61629640512392 -3.80066422907015 -4.16157184207875 2.52777525938317 4.65585203285728
Trichosurus_vulpecula -11.9513777674707 -12.1754544341729 -4.2664979967151 -10.5727027086529 7.73325761584134 -4.31929282592404 0.297033970039316 0.858017038429027 -0.681313246492934
Trinomys_iheringi 24.5835434514968 -31.9739538377358 -8.03227316212784 -17.5659493310227 6.33136138447043 9.88594723316135 5.5989379767606 -10.4622821233431 0.803147652262858
Trogosus_hillsii -48.4250274573356 -27.1506517748957 35.5415870556666 -4.83085347228237 -0.107606123298614 2.63170429986772 -11.3560932691534 -6.54278607134069 2.5197410137752
Tupaia_belangeri 15.8906289363806 -14.8328373833586 -8.72638134254379 -9.25169170049076 2.47745151509004 -4.04351115529732 0.611165634158365 0.144123030185341 -8.01181946005751
Tylomys_nudicaudus 12.7820005958654 -13.3676971699154 -7.43746325135893 -20.0618335246997 15.4597385224243 7.80821026437892 5.64215889268902 -5.48971690145349 1.24339283346623
Typotheriopsis_sp -72.9207528987158 -40.288228168101 -38.3151010192207 -3.14249984323239 11.8690867061423 -9.70989089256505 5.98457509746533 -12.5434238324499 14.8165299278424
Uintatherium_anceps -72.2161611510043 -43.1920013203078 -2.84562605751582 84.7860284308748 -18.2959647589281 -7.5096808074169 27.032884471465 7.54772803697672 8.32486682293244
Urocitellus_columbianus 2.23305971031985 -15.5123901652262 -13.2245621806469 -8.16490848829289 -7.1846874059741 -2.17956947565816 -4.26774896604942 4.11987673497733 1.16020392478742
Urocyon_littoralis 30.9550191848632 9.58510157064863 3.38311184850546 -26.2090479720239 -12.6629032967341 -11.5146287946173 -14.3329960777834 0.967173922427808 -6.62136980758202
Uromys_caudimaculatus -3.40233753466491 -4.55316116310091 -12.0573825529007 -3.9488044621343 8.68090874854839 -1.25992451630744 -7.63169073795761 1.81957114312327 -1.10731618624229
Uropsilus_gracilis 121.428572816516 -18.4827047888983 -6.34233740807148 18.5188010808752 13.1642060881755 -5.17718579228913 11.6496040886157 4.26216680129601 -14.9576399161546
Ursus_arctos -15.3768010734642 25.6479772735351 19.6374575077259 -4.86161496734023 6.08111339555947 14.1645671775257 -19.9670653584392 -2.58500877926982 -1.87548934024231
Ustatochoerus_profectus -43.6690498608772 -7.84787354950363 -8.0293375965627 -38.551562691469 0.0741170483409572 0.753724770434682 -6.81157849285233 -6.26061124656604 6.32581203806873
Vampyrum_spectrum 15.586162658798 -2.57992847416379 16.4570739315976 -14.9548346822088 12.724970514629 -18.9542031093547 3.94738091226516 2.99912781029424 3.51341717694932
Vandeleuria_oleracea 22.3544544704358 -7.69582043349238 -12.9340643896756 -6.88193886727715 2.83713657638867 1.37472955814572 13.1480518894014 0.40006388743905 -4.17886466655229
Varecia_variegata 52.3348188014846 -7.97816976233085 0.904502718462022 -26.0288975334024 -9.06325068148439 -1.89140052176873 -0.209692229519571 -1.13769746984192 -4.15879577836249
Vombatus_ursinus 7.1700793249924 -14.8626912436729 -10.6514840689414 2.3347854980031 7.00441439103477 -6.06210922072692 -3.36048111830338 7.00206918233952 -2.98137981590299
Vulpes_lagopus 30.6856342660602 17.4660171603544 18.4943586085005 -16.5287801344217 -2.56848833015202 -15.0513858154846 -22.9282296960995 2.04466039488592 -9.54958946947737
Wallabia_bicolor 23.5425414729793 -15.368037554583 -5.53893320218078 -4.94418650254018 2.85280107629728 8.50698898734799 -6.19014931554602 -1.08683136513729 -2.63503138217518
Yalkaparidon_coheni 30.8193952938323 -20.9438872149792 -11.9180202483172 22.8982365237612 2.13021859372505 -2.04862849295197 4.75552719601201 8.24628253232666 -3.2187464933468
Zaglossus_bartoni 68.5969905088673 52.8679250868816 17.2617313349255 14.623831224349 -1.46285676413339 -14.9037400347543 -4.91179275955854 15.5635763232935 -4.04918782103772
Zalophus_californianus 38.8598885347291 90.8477158109423 37.8032385240416 15.9875001178152 -24.5933169751608 5.92975253350985 -19.1766539598084 -11.6834023273114 -0.244872216898023
Zapus_hudsonius 21.9530335193788 -21.6864240441746 -17.8020589547223 7.37076023147261 15.130961082761 3.97618344228186 8.42253176820254 -0.936944825015727 -4.90269647021909
Zenkerella_insignis 4.32095091583867 -19.4960679257594 -14.3143648876576 -12.1554438245803 3.16335499002921 -0.747934908626335 -0.971011068504471 -4.69319640049623 1.98624270120682
Zodiolestes_daimonedlixensis 10.5785604130034 40.6192788011212 17.6428320628184 -13.7953790675587 -18.7078868013255 -5.97321110838566 -3.77405019258398 0.519109030462159 -2.06155626684289
Zygodontomys_brevicauda 18.7721469903203 -5.34172180129178 -5.06483959283868 1.02505709638344 -3.87937181367691 5.4137347939668 2.53647809491088 -5.65323660257721 -8.39660584683715
Zygomaturus_trilobus 21.2248633943879 -2.05469366087169 15.4294589790572 25.2525238233188 -10.2699084578704 10.0703212468851 -21.451077371142 -1.55748384370562 1.18607835742018
