Abrocoma_cinerea -57.9795193663724 -25.5982678093873 15.7391381402508 5.63172976881049 -3.12748056063569 -27.7398033233979 5.32350733374301 0.614716821479972 -2.04702983317041 9.96355526755422
Abrothrix_olivacea 13.7031527872873 -11.4128385754041 -14.7474340149355 -4.96494384688327 9.2208562039069 20.1472479785602 -0.921191598608895 10.7980281156577 8.38004362237488 11.8796433983798
Acinonyx_jubatus 9.41033813795293 2.85784104291875 16.8646359103715 25.9703849196733 33.1457675076225 2.70141596914964 -11.0361654652428 -11.7588248292524 -5.90661617387526 -3.43281222368028
Acomys_cahirinus -0.732023064695775 -21.7285111196173 2.03122072158676 4.12794422049473 7.10563831250993 1.07323843292158 2.99333104894548 19.8619504282329 0.818641280446196 3.90200601650272
Acrobates_pygmaeus 34.6050720729042 -28.6948275240152 -4.73526496773726 23.1088289053725 -23.238013635699 0.561542105752921 29.4214006431177 0.341838531903673 6.7747384934574 4.80752422528752
Adapis_parisiensis -29.2859604239779 -22.3990694350109 6.30880943469904 20.3568288922357 9.607764653872 8.98959628863138 -10.2385829109096 -3.335156272273 -5.52263837019011 11.4038862331944
Adinotherium_ovinum -66.706843282486 13.4203109584537 -22.3518905008193 -0.202472837773176 13.8927103767596 -8.68723549710342 3.02099828369825 4.13246063893178 6.31231128411723 12.9472480933876
Aenocyon_dirus -24.5451594147177 16.8565378434604 -1.68310847503709 20.0927429240084 26.0585512773976 10.2420633522164 -23.6292256837922 -14.1128553330364 1.02125730396836 4.68917536490154
Aepeomys_lugens 20.7658105909847 -10.5747435877193 -0.0458597917864076 4.14449586435721 8.57676033369478 17.2419454255842 2.3576130470826 13.1611244968025 2.15788171615845 9.24701109126711
Aethalops_alecto -6.91584375542848 -9.84662406501124 -5.46644337687622 8.96049071883429 19.6665098596454 -13.8251147617769 -1.71318200926111 8.14166348628675 0.857671785832014 6.21456138536826
Agriochoerus_sp -6.60407024379011 -9.03879684132503 40.5123747742913 -14.1123110530174 7.79027775847472 -15.1594715569328 -8.11392179613612 -1.64029387633595 -10.3107872837123 -1.0124409837429
Ailuropoda_melanoleuca 10.0962182337202 8.91112916989774 8.02233310980607 18.2565799363655 29.4150248091246 3.65792216300198 -5.19244050066044 6.18346507837598 -2.56202931331377 4.75812304222246
Ailurus_fulgens -10.7244263979305 -9.85501673667889 21.2408581705678 38.9009265161486 18.081146018838 9.03931244708026 -11.0335056650398 1.78457371847703 -3.8041889106408 7.90965847813177
Albacetus_salvifactus 72.9143950702776 34.4961512093889 9.74216761805272 11.5109051929423 -20.6578658455361 -1.47901669351074 -16.034299847287 -2.64446941446004 -0.159466068277767 -0.653346895677799
Alcelaphus_buselaphus -9.23181296651171 23.0906394008163 -18.3333862646373 20.2972190012443 28.228561615722 -22.7095680589328 -3.74818373328759 -0.325966294569506 -1.14670831995128 -2.76109396457871
Alces_alces -43.5881701553198 17.94429312708 -0.369018904914651 24.5381251677662 21.5091545594746 24.6608069861003 -11.9084847388342 -8.02510715578672 -11.4027970990372 3.30167492489853
Alouatta_palliata -9.29645655614322 13.4317557579999 3.07571311727127 51.5605892446497 26.9606040008477 25.8270464289419 -20.7542917348235 -7.71963403142779 5.17279770366732 5.78024947829285
Alticola_argentatus -5.11729606686459 -14.6706093114208 -4.09707850430038 2.54052076647018 -8.12173396311613 8.62994755340189 -13.0432867325213 2.4408995090029 3.06531718869177 6.25080007376511
Amblysomus_hottentotus 43.7525503926215 49.0300557439766 -10.9828264498202 -4.26385367151001 3.81566445078368 -0.522057127078814 13.7515312820831 15.5942703486088 7.58989372128642 -0.36936023372778
Amynodon_advenus -57.1389761687577 -1.12262260195121 12.2779833983867 1.35590415190302 -3.31186187769733 -31.6405747361993 -12.513556866109 1.84808852107414 -5.89242484883835 10.8463178113323
Anomalurus_beecrofti -34.765367221006 -18.2317398008349 11.6396386941677 18.9062222975419 -0.501088716387534 0.247969565935751 -6.89182372837116 -8.7016905343006 -0.854531770425625 8.16837399941908
Anoplotherium_sp -34.6463955564152 -6.51646155719049 19.7714918191077 -20.5737949126655 8.94173611571647 -20.7006576876565 -13.5408520426957 -4.64477507973685 0.0734804299166978 5.14164657606695
Anotomys_leander 29.7792013995653 -9.53263608244528 -2.07452485786466 0.458745865601663 -0.411924680463787 23.2131080391605 -12.3135079292598 2.01946289986351 -2.08479586811433 5.03255466167528
Anoura_geoffroyi -26.3279818572978 -8.80956319734668 -20.8641306023135 -11.9622310934164 56.4820750288075 -5.06986885442588 75.8866727054795 -7.12927108669106 -3.45504946902935 22.5717381206338
Anourosorex_squamipes 37.9249028710926 17.9985808776134 -33.5521599659489 -14.7518792280594 -1.89822438688426 10.288849104383 2.82315963256633 22.7163361671721 1.5505549496278 -1.3812860245695
Antechinus_flavipes 14.9316132559525 -7.52318742445105 -13.3912074903186 -4.77627412170808 -8.56236939591557 10.6854712077443 11.7939256475003 2.97215789475322 1.91778259296553 7.35263450231724
Antilocapra_americana -23.1257887178102 10.132296436701 19.1889235397604 44.5238401312197 40.3205894945626 0.0937795558789671 -5.50014567004472 4.65657779667849 -12.6763628379457 1.51425871574883
Antrozous_pallidus 5.67667421511076 -44.667995377554 2.69894323950907 -22.4669926221233 4.56325538914591 -17.382492689357 -2.2782597555574 20.3658563883905 1.75928873749279 3.86256418973511
Aotus_trivirgatus -1.7986570191224 28.3777758034806 15.056515246137 33.6347145754111 33.6083379089552 34.7199571429859 -7.91625908837395 -17.209966719239 8.18576244936898 7.41474620568672
Aplodontia_rufa -4.42872952394483 -21.4967705362237 -13.1109483115275 1.01807623445022 -8.84500639719591 5.67594674059064 0.957575863456159 12.1814394899259 3.21935012181912 13.7119381766107
Apterodon_macrognathus 30.6312646110056 -16.7881075585069 -1.1694159472007 -6.40751195656037 36.7482482411379 -20.0911521703402 1.99649486926529 -11.7100695084605 -12.2783394849083 4.00700249983013
Archaeolemur_sp -13.6286058611202 7.62858392987279 -3.57141939749174 51.8654959043799 7.88299375961014 7.09943915492188 -9.57678730062056 0.057133463870697 -0.0499140453164061 2.95017906430013
Archaeotherium_mortoni -47.4955270872179 -28.3232445198098 15.8146218089573 -9.92292907434122 -1.39393130036236 -8.55112300953438 -10.8272660479189 -13.5828200339675 -8.29977591272617 12.7982198063047
Arctocyon_primaevus 6.89721521721221 -11.7939138492039 -21.6695163336672 -12.1343157018895 15.3746394063538 -11.7203835505604 -19.6965598959565 -5.6331439489855 -0.276916918890968 10.1448457459105
Arctodus_simus 10.1986456224536 16.2142004557284 10.4472980770762 16.7173302098253 9.35452510842867 -14.7535752170406 -26.2425217259494 -6.50605159658182 -6.42531868146521 8.67281927592189
Argyrocetus_joaquinensis 63.4460781775987 45.1458898643147 -10.9931352896002 -12.5289712662926 -51.5653988675801 27.1005905384816 -46.102351008448 -10.9313630187369 -17.6085385343818 7.5249978412577
Artibeus_planirostris 49.2787386443179 -38.009547039763 5.09455434283575 12.9079164866337 7.8001673277971 4.52125100558175 4.78481445280322 11.6694908365684 -8.32615149009456 13.6824563578184
Arvicola_scherman -8.13985614529591 -4.82197769193311 -18.8882497402731 -9.77417123809072 -12.1382420494424 9.88124461189869 -5.58099547311907 -0.706997629926437 8.4811568364049 13.8421592002702
Asellia_tridens 5.22290207573261 -43.3021965735783 13.9967256576248 3.52327576665694 9.12501711186741 -25.0688835737093 10.1131238697629 14.6114618223143 -7.13970233498636 -1.59974325593075
Ateles_geoffroyi -7.0721523488138 39.3108489151374 8.21173454903968 59.9809770926684 17.799542637504 24.7317411158832 -14.1423250926258 -2.49893914014764 9.85631691007032 -6.75152619897976
Aulophyseter_morricei 58.2998702919985 82.9833163971025 -17.1172417865045 -10.9376828869761 -83.8151549211441 17.7935421015212 -20.0142605626303 -4.05449011839755 -13.7765502717274 2.26006761874715
Australopithecus_africanus 8.32079612580837 30.8342714554178 2.43127585833792 66.9571974990924 14.2257726375969 1.67694782835818 -20.909032764965 -7.83406880543284 11.4562404845867 4.72015687427445
Babakotia_radofilai -29.9743801993773 -1.31305139557098 2.86776063571802 42.3006732781014 11.2981102124917 12.8721428882301 -19.9459824761533 -8.35536301921818 1.75851244537823 6.60848913497576
Baiomys_taylori 5.13535592944936 -13.6948292141505 -3.95939798771157 -2.06512606304607 -0.811778176139874 7.78147200881496 -6.73576098695333 8.49116653627708 1.81798233307198 4.845070578844
Balbaroo_nalima -17.2616123859046 -23.2125823816197 3.10113422711103 8.88700729439164 6.64638294077018 -1.31870268301325 -7.54452407763589 3.59224190310779 -0.865637328176219 5.23839953835166
Barinya_wangala 2.05772556692017 -12.4085550529999 -5.76757130835866 -13.1665471248707 7.7559139872867 -0.410138469705026 -6.16875460782325 5.46580575929422 -3.43423635087399 6.67079053487087
Barylambda_schmidti 63.4400099768765 -37.3585650242079 15.5153164721219 -16.2021446084458 -14.6830107486571 -8.04757426101626 16.0154800544313 -18.5362912045582 0.881940415619697 20.1080945787475
Bathyergus_suillus -14.0548808166546 -34.6001635974606 -27.3372306814087 -9.2285732989196 -4.72450449014605 -2.39343294314036 -1.90447567479414 5.27453541397905 7.14193177998492 16.7381085291491
Batomys_salomonseni 6.05425231175912 -10.8992614011152 -1.84165268703108 7.59044153730617 -2.78443284070639 10.2909980087059 -7.28470366712148 2.04917833897824 -0.773739825112797 7.73875508319698
Beamys_hindei -9.34579539546922 -17.4094889029175 -0.362509333332401 6.92401531726948 4.22968284252014 -3.04909853157034 -2.87926554416233 13.8890809514275 3.79202696776559 8.05933484316638
Berylmys_bowersi 7.52785511595383 -17.0864625050856 -0.866782732648218 3.1667757122953 5.82370630887164 3.02023493853998 -7.19179607158621 9.98600956487456 2.96445592690552 6.1015802369967
Bettongia_penicillata 46.7224766190263 117.755088098295 52.1139788175557 -24.5746641456556 69.7210319899376 -42.3307774845432 4.78574977513903 3.82074604481907 -32.7473872909975 43.2575923741291
Bison_bison -7.93723844779302 35.4661120852597 -0.0839706534251578 16.379824810161 26.9982646349272 -5.1643266550679 -8.29671008849053 -3.84921911571551 4.54418516199112 1.03316028082995
Blarina_brevicauda 36.8664626014373 30.1314685924731 -42.0635619196026 -17.8599294448959 -6.72524244292185 12.5718124152409 1.56895942469554 23.7480037089212 1.09881592165102 -1.61485591472749
Blarinella_quadraticauda 27.5896151692747 16.5440588994044 -39.2995527924496 -21.1226114156081 -10.3505577902336 16.8597132602771 2.69707425457061 8.80571349879745 -5.91455478675403 -0.270607388016881
Borhyaena_tuberata -17.3476413939767 -11.0838414022555 -18.9566611668532 -2.33564342983213 24.6686679318361 -11.9479329430586 -0.571580766924714 3.59142943342727 -10.7273389254223 5.21131480726622
Bradypus_tridactylus 16.8223993135209 10.5957371342254 24.7904181999862 14.8635613696848 10.445577153299 -13.3617851627527 -1.39378927777549 -0.946957929845554 -7.59710742228531 -1.39633721124158
Caenolestes_fuliginosus 17.0402671305797 -9.06412432032362 -18.3040999572747 -11.0169107565916 7.35060603763898 12.5838464692667 9.82735596458759 17.6715392105376 4.95736595153559 9.9998318036405
Caenomeryx_filholi -54.450206840493 -15.8611692991798 13.9043407440384 26.7675356653574 12.4603379338196 -4.20081547052039 -1.45643045509789 -6.19387893785625 -5.75861142465982 7.14796883953399
Callosciurus_notatus -22.048947771722 -21.2769983617365 3.63597626962188 30.2896953301005 9.39576516415877 0.282902962550482 -6.96118054584346 3.83977575523942 3.57515025199877 10.507369117521
Calomys_laucha 10.3429329718428 -23.9226307986465 -9.67094789954904 1.92913853918519 10.5586739370195 10.9279908283235 -2.56757852471265 6.28877633307973 8.06728281581826 11.8186017465837
Calomyscus_bailwardi 0.412894475707971 -19.6134520015518 -7.62478668916001 -1.01013874708205 1.16427991022292 12.3190040343007 -6.73531414142087 3.30475030739497 4.31044548717927 7.40282583591779
Caluromys_philander -2.86584364668525 -7.37761360557756 -5.76132199469225 6.49716260635306 -1.45508932845256 12.2820396604129 -6.89574488135644 -0.239145530024446 -0.774375421032359 -1.45261759034841
Caperea_marginata 41.0187871774344 37.7641145863804 -18.3100825856095 6.63166272069873 -46.3823962262427 9.47383496871512 -24.4809078722618 -6.33236148706577 -3.26113390138869 -6.74987695593307
Capreolus_capreolus -37.3690603197814 14.2908054429245 22.7235005634845 45.1100345346243 21.1996305821821 5.86036527471463 4.36545459489328 3.32130529992234 -4.54315719750762 -4.47768062622507
Capromys_pilorides -18.732189367786 -34.3841066777166 -3.79152049022848 -0.271897942621976 -10.1913711153798 7.29213301812076 -6.4102204468728 1.80558395973442 -2.22935573995281 2.61348180809198
Carpocyon_webbi -7.15284326648869 -9.50020442016035 3.38293172854727 20.5988667160542 26.6233423241612 5.222701714669 -16.5163864863171 -8.27135931322982 4.5390168341034 9.15740168450256
Castor_canadensis -16.9846880403895 -14.4501867199087 -7.25029153293884 18.5605460602157 8.751205087813 2.8261107898826 -12.603968002573 -1.81360603979701 -0.721806982879113 13.053683269477
Catonyx_tarijensis 34.2302544704229 -36.6464168232942 -3.01816049799395 20.0098690231779 11.5986716699081 -10.5284648895626 -2.62778860086823 10.1165270231078 -0.0846320853315193 7.26814540379744
Cavia_porcellus -60.2417150820647 -25.4051035767591 16.3224742780998 21.6347431672786 7.64920728350704 10.3777790621094 -9.96459543298324 -3.63830504251474 -1.40151234225998 9.57671610378715
Cebochoerus_lacustris -24.2499508472528 -4.85706309984927 29.215672688677 -22.9808534052088 6.78142802349808 -17.6899425019414 -12.2985660011821 7.49089816847885 -0.0585121760863795 1.54977712905679
Cedromus_wilsoni -42.0839899670157 -30.9877771370518 10.6423025803188 17.6044438432665 7.68167377334065 4.45759612361688 -8.95462913083786 -3.56212902748936 4.06474980326866 8.42527368465868
Cephalophus_leucogaster -32.960406743953 -1.99730992673971 1.94819411098939 24.9843933617416 16.6127454795282 5.65944126555127 -7.54891193044479 4.91781537180252 -6.49574719360819 -1.80700400970563
Ceratotherium_simum -52.7539262636058 1.11740681559938 -9.09802182910163 16.4806812119967 5.5157364433717 -4.50417372858711 -5.30434847615721 -5.92064454601091 -0.654775706641713 7.79106410159641
Cercartetus_concinnus 3.53681701690468 -21.3430604760224 -8.80558651608218 -1.13454044667298 -4.84038784281244 -5.4775757864684 2.09859161504609 2.72995767022125 1.35528078385982 6.89376945092179
Cercopithecus_ascanius -3.4619767358007 27.1298803669165 -14.387490663143 37.585909107458 22.5561923449938 15.5875188924316 -19.7165173899282 -6.53361123863684 5.82530011106274 6.09249247350285
Cerdocyon_thous -3.62787802617138 11.744053553313 9.97818319198497 27.7755228870647 26.1281674876945 5.02934830812726 -17.1813056559611 1.37328340957446 -3.94235807526468 0.575084063222188
Chadronia_margaretae 8.08062837246131 -5.99368859954366 7.26684735405508 4.63695606943541 9.44279928911445 11.6176379552677 -1.74117704509408 8.72521437960658 -9.91178882212034 5.43687261946837
Chaeropus_ecaudatus -30.8796177324854 -5.16050751901688 -17.9047856363301 5.83350547247912 11.2843394523175 2.64338552419748 0.384729823539948 18.0901575003035 7.4549689376907 9.02357805472112
Chaetodipus_penicillatus -55.5187530474955 -19.1699006604582 -14.2990413944746 8.022162906724 1.5825899898021 -9.8964123000815 6.85133329526472 6.18841377020204 9.75830365446535 16.3725666926853
Cheirogaleus_medius -4.67641338778448 -5.53290735302669 3.11771920325817 26.6671796687755 9.34419387914573 19.5033644921156 -8.3525293972237 -3.43744865360606 2.813505200643 9.21071396350414
Chibchanomys_trichotis 20.562815444731 -15.7560702976216 3.64886079443217 3.84727464529313 2.26787196950973 19.3304721481779 -12.6992112773379 9.15566470961392 0.739474157310252 2.76983174150951
Chinchilla_lanigera -90.7694417848306 -15.4157007160073 -1.18947315247623 37.2185041435865 13.6892995118038 -10.5348192449382 4.83041839655295 -1.46666794198892 -12.3926928136315 6.89538806640975
Chlamyphorus_truncatus 66.186873877661 37.6660059377446 -25.1225146603104 -4.90785370569363 0.643606434956963 19.4632148697425 5.42439178498602 35.5468985181601 -3.66837772031013 -2.43636225016473
Chlorocebus_aethiops -8.44148832590418 31.5272389610963 -12.7611890433155 38.44984369216 18.4516164009181 14.6799825888235 -22.1882663487893 -11.8430205975742 6.6267923841259 3.85924054764481
Choloepus_hoffmanni -3.71885168087225 -4.50877416226976 -24.5730365594533 18.0995384052587 0.0839185857323246 -16.7536796922939 1.20914583507938 1.04055431161502 2.23365226674173 6.34370769832619
Chrysochloris_asiatica 37.3831177072266 51.7260277040784 -28.2633096838455 -14.6823377245074 -3.64066586607344 4.12544021980623 13.7712525020885 16.482217113206 8.76871609103747 -3.26443049055959
Civettictis_civetta -16.4565364800378 -6.27426059053677 20.2850615681282 9.32749964963129 28.7201106433969 0.399490135904009 -20.6842281994917 -12.1479119869942 -6.05187757852042 8.32086236088846
Clethrionomys_glareolus -3.18193740583302 -7.54266634861121 -2.86874059042643 1.73980850348313 -13.1304912893763 5.99278199202687 -11.7766943060007 2.94504982884392 3.6286016729049 6.19248116406872
Colobus_angolensis -5.67452363168439 24.1337080741611 -4.08311739279463 51.1313660225637 25.4261329939397 31.3241330948135 -12.8118783959537 -10.1961744002912 3.44544270789886 0.408311044723075
Condylura_cristata 11.7483811346798 -6.746511884346 0.0269329304637317 4.49819164507095 -2.41018960163072 19.8064084636145 10.3292642873953 -1.40294709616688 0.857209833068756 -0.855222851287197
Cormohipparion_occidentale -39.6699484862546 -4.65007715147154 6.33252716928212 19.7028138539627 29.660013857991 15.2220816994849 -11.4369053608874 3.39634080739173 -0.951443781313755 9.9943080376643
Craseonycteris_thonglongyai 49.9366955479821 -50.2107221131676 13.8986511393653 0.667205757705916 9.80609164671841 -17.2313588971525 17.5705601555471 27.5032086905684 -12.5415768969708 -0.890801074755242
Cricetomys_gambianus -5.89016248996979 -27.0842709342664 -4.2127532494815 1.25305243440306 5.38040286245114 2.48742066036461 -8.34275005423009 17.9803496325064 4.34618054963057 7.2126591954909
Cricetus_cricetus -3.40347831712729 -6.50570734797898 -23.8883859332359 -4.7678736972595 1.89781452752785 4.56644082627849 -13.7535010999389 6.25842719286082 4.0968441799208 12.0841806735277
Crocuta_crocuta 3.73735861889689 21.5491369505468 13.1530713085854 23.2665943972996 34.8197104963703 0.354518478107516 -15.3396985415505 -18.4858816399516 -4.58582038606007 4.6943360391399
Cryptoprocta_ferox 1.77955099055364 -8.99655148849075 21.5481264392429 17.2423947459777 14.4974719174601 15.1367536717724 -16.867900591531 -4.34103629872736 -2.36127717080457 5.47022508737632
Ctenodactylus_sp -34.9846317890635 -33.3546247551554 1.86960742109361 5.13494048537098 2.61895591887691 -20.6759237048205 -5.80962952505847 4.96436756391992 3.92369071988345 5.95389135240301
Ctenomys_conoveri -32.7798608661684 -27.3247285561292 -22.0895478558573 -1.49776352743409 2.15658336910274 -2.43410422512319 8.1384421882442 -1.74756150007406 -6.83999645072026 8.32441991171195
Cuniculus_taczanowskii -35.3919644553215 -27.2593228497983 6.36565879826735 -2.55036684107711 1.59477625569772 5.06925781674241 -6.93934054279666 3.64169028774397 5.3260205532675 15.0179474552686
Cyclopes_didactylus 14.1571519788194 -18.8233918408909 0.916159499433774 10.3617134659279 -7.5604896935906 -2.82147498512497 -8.62996210631957 12.4175327955531 -1.77015108831192 5.16058736984834
Cynocephalus_volans 35.2432013415979 134.134870620606 63.9906989231445 -52.7234329959136 82.6484905409328 -69.4291866934547 13.9536796353634 -0.533186804865338 -33.732144386043 40.1490962950377
Cynodictis_cayluxi -15.5963810150778 -16.018204713772 27.5581508392225 -2.99733116521864 16.4532403537587 -6.87038716796155 -1.29191439473563 -16.4436553562814 -8.38608510766931 3.92687624936784
Cynohyaenodon_cayluxi -7.82448199383859 -16.1155268805313 20.2319334455091 -24.1115069407296 13.8237733227895 -21.2076691487289 -12.3575978368801 0.107433968434559 -7.64256501462122 6.64590963747716
Dactylomys_boliviensis -34.0971584413493 -40.5881831699392 15.8261297231961 14.390492375488 4.45979384601207 -4.87732874235832 -11.7300492993036 4.43903496253689 -1.57427941723394 4.00413712292933
Dactylopsila_trivirgata -17.0410560952324 -8.37472329115511 -9.54762252397164 29.0195764879635 4.51639599301389 1.88102889431148 -13.5997539689647 1.57104233342322 -2.17444594500863 5.09782404209123
Dasyprocta_leporina -47.664762133114 -23.3907776348417 10.0602620029911 17.3505861659695 20.7300818958694 14.5999259145502 -2.87572502474731 1.19619315700145 -3.21226550360908 15.3420213549728
Dasypus_novemcinctus 0.00315402463786146 -15.6485776179701 -8.42169249959237 17.2954047579755 25.1352856591171 12.6101769062968 19.9947733244946 28.0751328379834 -1.94796041739166 9.66754530594006
Dasyurus_hallucatus -13.9913987563935 -11.2559605982876 -16.0960475437638 5.34726820764836 12.5277229933359 9.19166104119913 -6.04148689357953 2.64073272838154 -3.55467595432356 7.86442218110762
Daubentonia_madagascariensis 0.237638114364022 1.75453195265296 12.6227707913628 49.2471735571863 23.0823549535555 14.5551716042304 -17.1420456082104 -6.5540917857551 10.3643341391282 12.9505282474684
Delphinus_delphis 80.3535563625723 49.2983103355286 33.9750664390551 20.5311844278347 -8.99325025446521 -1.74300014757634 -15.5533346083654 -14.6446806624121 12.4053134025807 -9.98630361204558
Dendrolagus_lumholtzi -24.9676665368645 -33.3545185495956 -0.49186152487029 23.8024439742131 11.5451852488207 5.73362544038811 -7.20421993266483 -3.64913012932844 -4.89056203240938 3.99254745841177
Dendromus_mesomelas 5.52903582038356 -20.1652174865047 -1.52930210713039 8.25815213530093 7.57879660762119 3.74915603057509 -6.38895091942538 -0.822523750217522 -3.21261805063205 9.50613570449055
Desmathyus_sp -41.9672807119313 10.5502036118377 10.9192522303038 30.1499704864968 -0.912848401629085 -25.8605074176173 3.74924796576345 2.35770347359626 -9.05362648978812 11.9773605388477
Desmodus_rotundus 41.7822756374174 -16.6901371056084 12.1420856163099 26.7250497901503 19.081888633351 8.02176968193857 -1.59203551006598 6.99091645651686 -8.68588669782248 9.83499506100227
Dichobune_leporina -35.4703197726851 -35.0422391740177 18.3234506227406 6.09104574264172 21.6806094119278 -0.498648934223654 -10.3092779838638 6.13208987052608 -2.41882314219031 13.802537804641
Dicrostonyx_richardsoni -7.71340275543542 -9.67920930643641 -9.65661543680458 2.34425443881343 -8.9757639228732 7.16566755061538 -9.31306587495469 0.0937243865190054 7.13187258366144 13.658713116077
Didelphis_virginiana -16.3689155053575 -5.75685085890894 -15.1458040292793 -12.4486762731858 10.8471318383607 4.1271243816093 -2.6390509218298 4.19622602040572 -7.68248624105837 8.00839122816613
Dinomys_branickii -27.9225954802611 -26.6175806796055 -2.42115963596954 33.9637924153263 18.5514097659949 14.2964542695383 -8.24818527067383 6.7770445410579 -1.69753706135614 14.6370863646848
Diprotodon_optatum 43.5318841427226 -6.25790664194914 -25.1709033872923 -2.55108518512953 23.2867343409283 -20.2803468200036 -0.815534560741524 13.4884655500773 -1.57254932902405 3.81917566874077
Distoechurus_pennatus -6.59181514997658 -18.6333331124716 -23.7538656558224 10.765666470389 -2.36226375208322 2.25157889509709 16.3063684583938 -2.4737082478763 -6.99441611825593 5.71765564974072
Dromiciops_gliroides 18.9279832034093 -16.6664849565751 -5.60701399172798 6.68262983953361 0.222078960530891 7.93134534065823 7.43490529023615 7.07542054470785 -4.27266936237355 5.6687934908314
Dugong_dugon 5.58575310112105 -32.1177632819036 -29.9827705539443 18.391694151229 2.98002487971021 13.3133272955051 -0.716017994270459 -17.8407208540517 6.70831243608781 21.0629340186104
Dymecodon_pilirostris 38.5854534591909 35.1531742046926 1.85797828431615 24.0742396104676 -25.6280275805297 26.4975979268269 12.8634616773551 -1.83886655350946 8.08850004947589 -5.81749254191215
Echimys_chrysurus -40.2160526063991 -36.7834557408749 5.69744565149472 23.4363347068786 23.3846144611999 -8.4178338640422 -12.9726778855623 3.60744841792251 0.421976286605147 8.80075472087831
Echinops_telfairi 4.6263060540561 3.38843132936514 -33.1126681893886 -32.4629593298441 5.04227185343888 -0.999790261057591 4.38907698325544 11.197123624549 5.15007603675865 6.96936842793268
Echymipera_kalubu 2.02430515732448 0.469093438951219 -21.0824551611449 2.56709002349906 11.9009032398257 2.12308164839811 15.1601979941677 20.3943990797098 0.559280264456533 3.85874783750119
Ekaltadeta_ima -16.1690477066248 -25.5976844827662 -2.44603358069333 3.11243163228367 13.2463088116237 5.9205770171711 -9.42093881289845 -4.56538283776437 -8.06487767111823 7.57300415641496
Elephas_maximus 37.0463742674615 25.1960093719276 11.9187923937645 58.0088159888282 -4.48744467680983 -11.2342155851808 9.35689854391542 20.6075437372843 20.3821161631192 -9.53650226015936
Eliurus_webbi -2.10758025234126 -20.5287008810419 -0.296374978471122 1.94681079153244 -5.56768167639506 13.1492454980046 -12.1865541181358 7.9104324052867 3.30326781522314 4.2603613155686
Ellobius_sp 6.19580126178248 3.78619022333347 -19.4445495185844 -5.8321009391506 -8.9769040808896 19.1018647607562 -9.98794426665954 5.38687497907077 11.3228344858023 12.3876695322664
Enaliarctos_sp -29.3027355468046 20.5279274933402 -8.77960351877663 12.0299969143845 8.70359734262832 12.8015121045793 -26.4647491175258 -9.02056540020085 -5.5816747104746 6.2883083329169
Enhydra_lutris 32.4854539718879 25.2349686520444 12.7608549846678 17.5118814578994 14.8112422889086 33.052630932946 -12.8849463811379 -7.86386415473183 7.79291380181582 -6.82157606688805
Eonycteris_robusta -1.26649042938587 -19.215824557731 -4.15136168159247 7.51609405745275 14.3468993844183 -8.40085123903791 -6.51963930445415 10.0021394965356 0.0372930782685058 7.84470315999656
Eptesicus_andinus 41.6161386471513 -43.4491017630679 -5.96084463811178 -37.3788878882313 -4.67307547106104 -1.22011934513711 6.73533707145313 22.415664827446 1.79257640071628 3.02125534131713
Equus_quagga -53.2191291656381 26.0610522868316 9.78346956772799 30.5275528424177 16.0370620217214 -6.07278640836548 0.806111366875285 -1.19227810758184 -4.37674507921177 1.01773192934967
Erethizon_dorsatum -4.48454881340276 -38.0206542873213 5.28314765942607 14.8372643778287 4.32712167127306 -2.81371542972221 -6.53476529799948 2.21376219723488 -0.779913239502857 16.3640515589955
Erinaceus_europaeus 18.2459202425029 -5.83562096453312 -30.6767669833453 2.35415252254501 -5.40776756072805 3.21097982531247 13.9333602126436 2.6791313432123 6.99640880161109 21.4957505942711
Erophylla_bombifrons 24.4108577947418 -31.315198015949 13.1974030526811 26.6901098179267 9.45900439849904 -3.09029482246707 6.98389237019376 6.08514189682225 -3.28736008487308 9.65055666069164
Erythrocebus_patas -12.5875152993295 36.0429602153085 -4.99100665831874 39.1426605049546 31.7076492545348 7.25719326929241 -25.1846460903976 -12.5969883793965 5.87026091277725 4.3404689208512
Eulemur_macaco -14.6158223237978 3.49743927135415 4.3045843166111 38.9073612208338 20.315067007752 18.2139517005161 -29.4848543033773 -7.84217211258391 5.7809030284509 9.14642420297299
Euphractus_sexcinctus 22.0647885385504 -14.1424509823522 -0.782896818764747 24.2299126958652 0.46133407997958 1.18335624138509 2.20287202571717 18.568328860553 -6.94074094286909 18.5485306632348
Euryoryzomys_macconnelli -16.6314824481753 -18.9533224458059 3.87365650419352 2.49675784549627 9.07374253700493 -4.47922516883119 -7.28188517323292 8.9626017986574 1.36156400556666 9.06318155519968
Eusmilus_bidentatus 4.18092083080455 4.05900351866342 3.4604642810655 8.7488298463837 1.82419210307388 -6.5381040758804 -7.79437239991752 3.23296430855429 -1.42692743302921 8.61855355206469
Eutypomys_thompsoni -25.2354363732366 -27.6766569954344 -9.09471980099327 -11.3815133907666 3.98781126642115 2.58148925401798 -21.7177882019296 16.0195750080454 -2.16518580555113 8.26285107315047
Felis_lybica 1.80284741534818 -8.69957603085822 22.9553006617115 20.8179187260106 24.3212380001939 4.72392856137083 -7.59455070248768 -2.99750939343463 -2.84194234730118 1.86452841387704
Funambulus_pennantii -26.6434978263537 -19.3608804626068 1.59040544271427 22.1788932936461 7.80054164650174 11.1420943905014 -10.2793678665963 -2.43306077089455 4.16932820569645 12.5360124093778
Furipterus_horrens 49.0502453286785 -51.3342239369863 18.979290558349 -4.59523784804636 26.7621882269987 -3.19344566786249 20.9064678788143 34.2189634311814 -5.88624252740243 19.5053908599526
Galadi_speciosus -2.55460490811228 -12.5663250490829 -28.9168893276667 -20.3749671609952 19.3676125289909 -0.840750490708634 12.5577770790387 11.9432108386022 3.24565852367198 9.3969421443985
Galago_senegalensis -16.3785056509073 6.7192354701791 6.533435830867 53.7476581595801 28.3629711284274 21.2727801034986 -0.0275442511660329 0.628190453589225 3.3491065580214 4.97522548493997
Galemys_pyrenaicus 36.5785814045687 17.9048684575774 -5.15902410618482 10.5245078709245 2.1180494578101 24.9030620094131 -3.28626869190774 5.85999532680194 -8.979572537602 -2.25585284998784
Galidictis_fasciata 21.2411709837688 -6.41617263221927 19.1041128628382 22.2878208120998 20.5828547897938 14.056370188206 -15.6827847697108 -4.03648551081424 -5.03354374357129 7.57173285419498
Genetta_genetta -8.42783872796154 -10.0185061281287 29.8542802646062 15.3038721669657 20.8936203508361 6.87217385815909 -16.5784411463392 -7.86522237438972 -9.5262072844762 4.69395157350417
Geocapromys_ingrahami -45.7924329722839 -35.8520367596389 0.136765450021863 4.79661523160145 5.69328109008892 -0.887501404775713 -4.33172325809459 6.69774420200504 -2.86566930428662 3.42772732305251
Geomys_pinetis -25.3048194609292 -19.4621916344285 -23.5367705830821 -5.82647663343767 14.4073360394242 2.28916280125829 -3.0212358110132 14.1586820683763 13.6854554225617 23.4207759749093
Gerbilliscus_afra -25.4881898589982 -15.8426150655385 -5.63897408522399 12.0005093844859 12.5078455801082 13.7422501677862 -6.59419128291718 11.9586314266075 5.75666056424906 7.65796498023942
Gerbillus_gerbillus -16.9302515642563 -10.4009748013122 -12.1955901698223 8.10085393748806 -1.63279324743805 4.26211594746997 -11.4053960933361 2.24963517427886 7.22386362806778 1.43756311009384
Giraffa_camelopardalis -40.9833042250664 3.69328199388512 16.7808089989202 28.0597518170067 18.7208500997947 1.02516570241249 -5.53437125100032 1.79751444349362 -0.821850403850968 0.018058286957267
Glis_glis -10.5814502983252 -30.8008527086642 -8.5148978351155 9.54373494183809 0.0353789597016685 -0.168477261517584 -8.90465500410752 5.61600991223022 5.19449250890132 14.0002803073599
Glossophaga_soricina 34.6151514029775 -33.5903689347665 12.1495781526481 12.2383925660506 7.3806246194402 -15.428840595612 13.0715127689719 13.5527991388619 -7.83872798750168 7.01785345641831
Glossotherium_robustum 56.6122166125286 -4.64384961769357 21.1502308989246 24.4940333297758 2.75513044869896 -28.9637643398811 4.84247496690507 -7.98922138711466 2.00692592627571 3.50675660079934
Glyphonycteris_sylvestris 43.0786571247146 -30.1033866716384 28.9800719606249 7.94278394238246 10.4814830023584 -7.37883507013202 10.0770393287903 22.1969201109113 -10.8042612961078 -1.53568753487952
Glyptodon_sp 31.1494967383635 -24.0716156703839 -49.7179614184817 7.63840209667615 20.3390789847969 -21.5072183402864 4.50710547396495 2.42319424326665 -5.51038034241177 5.19557333149386
Gorilla_gorilla 25.127312627277 28.2328222301554 -13.2297835728751 64.8752175505301 32.0209042177476 -6.4676746840908 -20.6190138406205 -7.34054783566905 14.8594719959024 7.11523354984847
Graphiurus_nagtglasii 7.27046077482865 -27.6037933440058 -2.41333600337186 16.9877687075026 7.59615237559871 5.46159729237134 -6.17126061898003 1.61333454221792 4.42119516523501 5.45717565314533
Gustafsonia_sp 0.844921302009239 -27.3011439438988 27.8138661223122 -11.5489434875479 27.3620261574191 -1.70735633382465 -9.26016173052404 -2.1098538219071 -9.72232929447691 5.52192479159544
Halitherium_schinzi -1.09581151594663 -23.6675705472209 -20.8456822343713 36.3206887194913 -13.1369343137716 -35.818686890484 -8.66106245406689 -5.06369967425473 -3.62511373342272 7.96045154151819
Hapalemur_griseus -18.2293563927251 -11.7448770766044 10.9582953523919 43.2642798914582 18.4708389178849 20.3561931219712 -16.0047043304413 -4.89072503619601 4.72326313147351 11.3060779339915
Hapalops_sp 0.389155195127702 -22.4872811524427 15.3231682996259 33.5873273870796 13.3783191860444 -17.3752460869708 3.32312481367059 13.3411958036215 -1.21789361733942 10.4091764330902
Heptodon_sp -61.1231991124138 -10.5918405398697 12.2511128270257 -9.88678298852182 2.12610513023604 -0.241084926983424 1.53725608548402 -3.89230906159567 0.980777720249323 16.3761291666845
Herpestes_javanicus -20.6379785754452 7.8202049114218 22.5383634713405 12.0141000543911 12.8085026930922 23.3044912718402 -21.2752960700723 -8.65539276579514 -7.06648838554165 3.62885528858051
Hesperocyon_gregarius 30.2893025724193 -5.99245093717651 -4.76461612035829 15.6455570894535 2.15451774013699 -0.635481763898503 -18.4546063766083 -31.4688447902976 6.15885872844374 15.2203853333572
Heterocephalus_glaber -27.3387272722134 -22.2962618350399 -25.8813545527859 -14.5543842450423 10.5366984814891 4.35291735186388 -6.90497632103361 6.7908549652101 7.13738140208634 12.160660131624
Heteromys_desmarestianus -14.0945813532072 -37.9748118398261 -1.15985075408705 0.251066415188175 -14.6278146917155 -15.3249453901668 13.7673538119966 6.87690135322791 3.19298672608464 3.40774772960281
Hippopotamus_amphibius -0.087821564489208 10.4446302898568 -3.96597850121384 35.561005435863 15.0935043578205 -14.8842175387759 1.12611379082623 -11.454230173654 -0.180461511144722 10.3288164092889
Hipposideros_turpis 14.7467794988692 -49.0856481475891 19.4132708273594 31.7703992917328 21.454915343545 -20.613677868824 6.49296278949565 18.6065289626085 -13.5047107203507 5.06590397826617
Homalodotherium_cunninghami -29.7901260508932 -45.7128754960256 10.8620033080607 33.3983995976758 14.0300050115916 4.33284765926627 21.0592743987416 -13.9718285835522 3.31336093160606 18.3653865651057
Homo_sapiens 27.4190557532235 69.8379627173578 20.7855837578906 39.0189506734021 63.237207196916 13.6994457463036 -22.2053700026262 -17.3038258746322 21.4430339262515 -6.63726568823882
Homotherium_serum -20.1319882274102 14.3840050106748 10.8525247953903 -4.2597766944611 19.6313373769668 -18.0120799826877 -34.7041999598539 -12.8391661917941 -1.71524856810837 7.39560788321848
Hoplomys_gymnurus -31.6780519593332 -40.8113600990304 2.70101830697663 25.3532317896605 22.960563279763 -0.921826189490795 3.56565794843458 19.3665078206976 -0.470004524623875 10.4778499894031
Hsunycteris_thomasi 42.4159630978038 -32.778787402248 12.7283394483219 20.4878938141336 9.51538557951648 -6.20076948482133 11.0994512279559 8.73302645989698 -7.125224088066 4.54869706618654
Hydrochoerus_hydrochaeris -64.7903189040847 8.6857932367203 2.66017805123064 10.7956096651333 -2.3198822987437 22.3134400581268 24.5578736807384 -0.530398313427406 -6.03522020275653 15.3861300893825
Hydromys_chrysogaster 31.1372601040549 -16.582428372188 -1.22035297143435 1.80007686787205 17.7012992801573 17.5016375216207 -9.4266750419543 13.3831344375888 -3.49976085301844 8.31827663674566
Hylobates_lar 16.4839363099751 7.84452561822706 4.19567630050231 55.7878897004774 27.9347993308916 13.19093009651 -24.7514857270999 -11.5005018912222 10.2917057355301 9.51225384984711
Hylopetes_spadiceus -33.4873397068875 -9.89822208256274 -4.86101388677632 29.2661896831042 7.3586157711598 10.4598034354445 -8.17253948854804 -7.26652973277867 5.6505451486355 11.6835892515995
Hypsiprymnodon_moschatus -2.70744676337836 -14.1082788310102 -1.36889929134954 13.5567606675918 9.30895922657758 3.48135629305888 -1.86853987294581 8.34820094364509 -3.03925395409244 3.90333655622167
Hyrachyus_modestus -58.3772625124872 -25.9307448342828 27.9059450618103 -16.5109226556563 1.96299254751371 -8.80097786706725 2.53806503117537 -4.05820787345903 -2.80779300453845 17.5497405133837
Hyracotherium_sp -16.3507384537588 -37.1032354888418 14.5936517595402 -26.859504055126 23.6090957686252 -7.35636767954378 -3.57857958778286 -7.35247706634103 -7.88007938494163 7.9145974449855
Hystrix_indica -5.06365545356093 -28.893453184624 3.35653707285569 25.7945938507514 8.29224037143038 3.55340711204921 -6.45474304509125 8.76898335470845 -1.35466195900924 12.5765870788838
Ignacius_graybullianus -26.9006348573243 -24.1222424824332 -16.9172661693324 1.7383835668447 -3.02768162584191 -21.1162653187074 -5.66876568941087 6.46700809039679 0.177687954786292 -1.67625582579063
Inia_geoffrensis 74.7401138963576 27.5958728886799 17.0766745853653 16.1394636499173 -15.542509672512 2.36244988781111 -19.1500982733763 -25.5353428751776 4.97918297452093 -1.95367096292388
Ischyromys_typus -20.44094335322 -29.9434936248015 -12.6290281208434 -2.71026366205975 -1.38770165349613 -23.216738335222 -7.48743306169915 2.53659794719857 6.03656393781187 6.15206117507198
Isoodon_macrourus -28.528987983993 -16.9010911866743 -12.3502262406001 -0.719414898102779 25.3360160397385 13.1039386760375 6.09978308578736 18.413876127647 8.30382365781151 14.7026413175585
Isothrix_bistriata -49.4921598650574 -38.4950586389183 13.6942190549022 13.0182249811631 14.130414756499 -8.80451224809583 -10.3566457543695 0.671999405219044 1.70979723120338 5.64023660480439
Jaculus_jaculus -82.992010478218 -4.79934817068754 -5.93857489745267 16.4966767501271 6.40264767089473 -12.4408243926563 12.1493238862776 2.38541792910775 -0.368686388800067 14.4342795956461
Kerivoula_pellucida 48.9080980739056 -24.1600763880399 26.372164206539 24.7823813322538 17.4929024050106 -3.51670235027963 12.3693404688547 26.8607706264997 -12.2786575565645 -2.20709874268798
Khirtharia_inflata -80.2699498543656 9.56779992468655 8.24629202766454 -38.0950486950677 13.406238428442 -3.53654045812473 -9.29707861078477 2.09911320303075 11.6127662064629 3.42884549082286
Kogia_breviceps 45.7880771147543 56.9569354980217 16.3438607247004 20.7631314440546 -21.3047920318223 7.35015915258238 -11.4960663799747 -20.0031447016843 15.4960840882024 -12.7287965202592
Kryptobaatar_dashzevegi -28.5379189780954 -8.33325402809259 -9.52677244737699 -10.64191266283 -13.348203572993 -12.6143699346678 11.2761626740246 11.4691639601308 -0.594479269105506 -3.7493740981438
Lagostomus_maximus -52.9562018277435 -21.1403275549004 -4.66369033150765 36.7273576400936 17.6371465366254 2.44221785867208 3.56648163891586 6.89703730163148 -10.4119803181001 4.96780027558514
Lama_glama -30.957935458661 -5.38812733249191 11.167749788301 31.7763851749689 27.4050301104016 5.02350454471383 -4.41568561146641 -0.85958546007084 -9.26659157890347 5.9614207552508
Laonastes_aenigmamus -24.8435094059594 -49.6085637047673 7.32322363044741 2.44919417828527 19.4009415150594 -18.6123523167261 1.11871237871681 15.4010218591643 4.43258012676905 9.35017681078365
Lasiorhinus_latifrons -4.26678311194953 -14.0834089960655 -3.31706650615354 1.66657782148263 2.99322048402472 -0.471661618637298 -12.8339001864293 2.94819546688726 -5.409044097462 10.3450301314839
Lasiurus_intermedius 40.0951873242038 -41.583838901482 9.46316731675797 -27.393486406152 -10.6293297250108 1.09385582957734 4.81522517358518 31.4585432395786 -4.85628845075169 4.0553372581707
Lemmus_lemmus -19.399129282896 -21.5189499044841 -12.8816815462533 -4.92764765822982 1.05581044286782 -6.61958627611725 -3.14895917645347 -1.20870545614186 2.1928472575582 7.9220997304271
Lemur_catta -18.7956957158113 -2.66316453143073 20.5893511923926 42.9932729992866 21.5714033479813 23.4753047199255 -16.5309276059865 -8.15647079718531 3.60855706217858 7.81804288284051
Leontinia_gaudryi -11.3832681401244 -4.58110442424355 -15.1379553147959 16.5574875318838 -2.11867109124164 -14.639080598712 17.874544111354 -0.773018468251638 1.75047481441569 22.4593857536273
Lepilemur_mustelinus -27.1987526474308 -20.2373671798104 10.7239554833342 36.3325841834196 12.8397762778065 3.87064429654758 -9.3370907340568 -0.14410997138188 5.13491809642355 12.3532139366087
Leporillus_conditor -22.0230126740209 -18.1644151243372 7.83407361590262 7.4522446560094 5.18035173443903 9.41942809324295 -13.0120339999118 13.150969472025 -2.1251956585657 8.70691923000435
Leptailurus_serval -14.1479151759121 -7.56759560431969 21.3986521887478 33.1487850069236 25.9610720657305 11.6920591591536 -11.0836572324156 -4.09142918270228 -2.82019451342782 6.34774662118596
Leptauchenia_sp -74.448276741982 -12.9762337012793 -2.54602288127396 -3.97733980844603 10.5436317792224 -19.6136707296281 -0.612156861283589 0.112580007827622 7.82555529577 12.6361850911421
Leptictis_sp -13.2279182769309 -44.7965214398191 18.1302003075823 -16.245156601047 21.383745811766 -5.06922866137305 -8.56670760237248 17.2329131900311 8.01875086714322 7.35475459468688
Leptocyon_sp -9.38291401166287 -16.3832953973867 25.8890164927832 6.04911925242947 15.0170491614287 17.601783882901 -20.4798102865256 -11.1329840436489 -11.882770098456 4.59898244509531
Lepus_europaeus -48.5874531611993 -25.5790348089112 15.2146278399361 24.1587064029266 30.5616942785899 6.27647611307599 -21.6102041410652 7.41209365955413 7.7293357777105 13.4623866520201
Lonchophylla_robusta 23.8428147030976 -37.9004226271397 13.233118429328 16.8125890663025 10.4595182457853 -1.2142542174576 -1.27524995746303 8.15678384421884 -6.58748711969614 4.40084582675699
Lonchorhina_aurita 48.0702760613513 -55.7916757391128 2.59910009282355 -2.01377405979765 11.8931187183354 -10.6250398335798 20.6365070410222 18.4956663474109 -10.7039934241802 9.59083274863727
Lophocebus_albigena -10.0392308853101 33.4739181009453 -9.40863545049342 46.2423094780102 17.7630871841384 30.8593982317202 -16.7269196737082 -12.1554590324209 7.08407107226626 -5.95784665036962
Lophostoma_brasiliense 45.040472941116 -48.9484322836778 40.1742447358961 19.3242084244305 12.8002380676752 7.2321773911282 10.9624265187814 22.7359702822586 -8.70767090513157 16.4660394284609
Lophuromys_sikapusi -3.63367208600058 -13.5272673501147 -0.27594746849561 7.86563336617658 10.1746145555358 -2.49584590218396 -6.70668134837483 14.1216622561857 3.40403063449687 7.46890287240763
Loris_tardigradus 7.25617253303114 39.2691963370065 -1.72514571098559 51.052387122499 28.3002843065203 -2.55079562416755 -9.45502891655249 -3.56798001770065 7.53818413377225 4.44920316742282
Loxodonta_africana 2.09353463936595 -2.17119249633357 -17.6842463458254 36.7412622453558 -8.72786342211235 -18.4627782690556 16.4331819118784 11.4170671359259 10.9769357288115 3.87415348468605
Lycaon_pictus -12.636971654113 30.9033494198791 4.25054199519536 28.8222660042907 24.7257695594182 7.55690755148088 -18.1966447795685 -6.05414263874013 -2.67398107923834 2.56862334585899
Lynx_rufus -2.99007322687591 -10.4808711840964 17.947887493875 28.8369113072519 25.5249381328004 15.9132167383363 -11.7453763016158 -6.2780391845912 -4.00013237137114 6.57268567853128
Macaca_fascicularis -15.9828356095426 35.7334969325385 -8.61297012426739 46.6467089801941 22.0663691738518 19.9668108166694 -21.4800894344222 -13.7352342128675 4.55651624676463 0.349015113871445
Macrophyllum_macrophyllum 31.9672697522197 -47.9520021861751 12.5288049863514 20.0118075944534 18.5858036059497 5.41958179597479 12.0076685427585 14.0845323424322 -5.5516733047802 11.6469396720679
Macropus_giganteus -53.9062592588222 -10.3042026247529 -9.34936113566815 19.2995115378005 13.828018153256 11.1282487141252 -3.78512060494567 -0.0928439470883106 -2.24219877422076 3.95114386171204
Macrotarsomys_bastardi -12.2576743263788 -18.150377158692 -6.54091290382093 -1.69523517728729 -2.45272359514986 16.73677956113 -11.6774576269199 7.54271343408123 4.51290899907505 10.7918093006988
Macrotis_lagotis -36.0665295585231 -6.848490322631 -11.8688469048549 5.44650517241139 3.99701635261429 5.78004199030833 3.91672439509888 21.7044056987997 6.3904631682786 11.7665176936058
Macrotus_waterhousii 6.45015859609494 -52.0319461241313 14.4928083547086 25.4226286880867 27.5685212962094 -2.81247551357218 7.99652542626267 23.7845201588128 -8.79822152498877 12.2572440605928
Mandrillus_sphinx -2.86738571861272 33.2023824601759 -2.85786482301834 46.8123558708187 28.940714501603 28.256828714379 -14.7533059611586 -7.63732117288479 14.9362494453717 3.69352489338087
Manis_javanica 51.1776648791857 15.3345859280564 14.2917444518246 -14.2796594061843 6.1778958075225 -4.24527662909078 9.49114889039311 3.38860303083545 -5.37572232628078 0.334282807855283
Marmota_caudata -21.5826489293293 -15.1691520379338 -16.5623537168558 17.7851624094036 20.2111712146551 12.7716281145897 -14.75628335528 5.40343538849746 -6.56659555907536 11.9761796730528
Megacerops_coloradensis -28.3400370158934 23.1326091361978 -24.6647722110826 14.3836792453424 3.26873267780624 -17.2548961769329 6.43517443067326 5.2759197483729 0.303885817736147 2.16170988811738
Megaderma_spasma -2.2612256026512 -54.5198939946332 33.6187860371565 25.3405691743182 19.7571776246009 -9.38151829069725 10.1961401972422 26.7670727853635 -10.7476781437871 14.2113616349416
Megaladapis_madagascariensis -31.380603333634 -4.367614639047 -3.26393165608332 25.350860686161 19.128215972641 15.7348149926983 -18.2997826504415 -10.2900537414761 4.46469031920783 8.55821715415676
Megalagus_turgidus -28.1734601702906 -49.7614585919144 13.1215077577537 9.4748439063863 19.3909360009344 -5.25525159250042 -16.1725847338993 10.1580139069573 1.19181191096407 11.2964553667828
Megalonyx_jeffersonii 45.1043641691927 -10.7459576639413 -3.19600140239309 19.9920038333084 10.9212233721465 -9.82860005880323 4.07334265575009 1.8211795465126 -3.82584273885002 -7.03334164849013
Megatherium_americanum 52.9908339715411 0.0862900027624347 -2.33881696461043 23.5143542284939 3.83916564810116 -8.17190291977337 3.35974231432671 2.46372913238645 -1.37498783427483 0.139683191602647
Mellivora_capensis -20.4621542908212 21.8481976917123 5.22924462600096 19.7523588749369 15.4288924187995 0.872500800016814 -34.1375074672447 -10.9783999087941 2.28385928554109 4.71968457746758
Mephitis_mephitis -6.3709436557332 4.60744286059449 -13.2856772702371 24.2849073161773 22.2124078624947 12.5414828234569 -10.0863948989571 -1.9371341912275 -2.08402961153954 7.31367153457931
Meriones_libycus -75.1190349508269 -8.16665481354058 -2.95006210030333 -1.28385073434878 1.76454502273736 1.72047978232026 -16.3762806691369 -6.29026971712365 17.2612534309905 16.3734846054763
Merychippus_severus -43.9509210914745 9.77834255557105 13.5576025228094 16.2391313625322 25.9386555884258 -4.22096171762922 0.756579590928641 5.8274189050403 -0.208058224228818 6.01735932067032
Merycochoerus_proprius -19.9655613665596 -33.1110388522639 -20.2095655993122 -0.251150858878117 25.7618371040005 -21.0031876279258 -4.58920151344522 0.0484438827957283 0.841525257892021 9.77459301027842
Mesatirhinus_junius -11.5431408470881 -17.8743934830352 -4.99378690481823 -34.8092926624425 20.082133488583 -10.8328195480706 -8.57731832439194 7.2835374739841 -7.36413091425164 7.24585989380232
Mesogaulus_paniensis -5.18654552353037 -31.6896178229804 -13.4285353186174 7.51713993701932 -4.58924817101589 -7.65178838693411 -8.83250251691558 -3.74919979696573 -0.680904063073886 11.4119289759644
Mesohippus_bairdi -27.5934170425365 -24.9844938309608 23.1411733465733 13.9729090433696 20.5433944271395 -11.773719235255 -7.9354600689126 7.96157140724683 -4.49165041041963 8.65550615982811
Microcebus_murinus -5.9612913688765 -5.08770641981359 -4.83016837081481 34.2829583797178 14.1389055986677 13.8226669734824 -5.45425657472943 4.28812628672276 0.287125141015257 10.2482918989195
Microchoerus_erinaceus -37.6311828801767 -11.6880005288184 -4.49936470281157 32.5693980789983 18.1576712386069 21.1768241622961 -3.49894004014163 -2.46553683955825 -0.0625863184210602 6.8930488642145
Microgale_drouhardi 36.936061242676 -1.00073184826015 -22.2579760119641 -13.5318556495418 11.4835733721632 7.51937551020963 9.22423367126916 8.10751875962366 0.680455721765196 9.40890045704026
Micromys_minutus -11.4244838547932 -19.3304619725893 10.3869678370783 17.2603892213205 6.07517037751195 4.18939299910066 -9.21708854402735 12.8176094607602 4.72185600445361 8.77267074010486
Micronycteris_hirsuta 22.4227031060317 -40.8580335361764 26.3696019388442 17.4574811103157 14.3513943354434 -2.16683744588601 14.942413087166 21.0413149038838 -6.67470676282492 8.20518205645425
Micropteropus_pusillus -2.96436187033784 -26.6463025863019 -4.36268577996196 2.16636669978239 16.1058296524216 5.83700480150879 -5.95392547735793 2.11146817961123 -0.339297222564995 13.0948529461744
Microsyops_annectens 8.99070516134739 -27.4022871376685 -11.2521682937874 -0.804098333770105 -1.89799009535501 -18.9584819053057 -5.19459150665648 -6.74440993738556 -6.31455596142217 4.80380430041752
Microtus_yuldaschi -8.62196644807713 -11.9380685156933 -22.053803408198 -7.36781876097454 -10.7205042500205 11.6457491058013 1.39085424650635 -1.5274281252584 6.72857701986978 10.1592189504256
Miniopterus_schreibersii 48.3857601062148 -37.3262598543691 6.09365562374155 -16.2190772883623 4.56707961598644 -7.70097200033736 10.7358568164452 35.0071340785934 2.08606665053343 5.39922462148888
Mirza_coquereli 2.52333586809236 -9.25800469026849 2.2210944674893 39.937518705152 16.5914511923536 13.7742830307314 -7.44780179148555 -7.64409861811964 -0.0107301333686323 8.16201260867254
Mixtotherium_sp -5.35262458900012 -44.3296060845396 2.4309864864272 -24.4727289908542 21.8992154798023 -26.7873273369178 -19.4335002399578 -22.3720223178763 -3.41837673090828 -1.36539566163627
Molossus_molossus 37.2185156233559 -43.725326063788 7.33174954810271 -12.2027039929876 1.98771693360998 -1.24990356594464 7.67835917852258 22.0651147450526 2.08518563932966 3.84686672535967
Monodelphis_domestica -8.01981878392575 -19.7577895017676 -15.1847096391103 -13.7114651873237 16.2920977173033 1.65141231410215 3.80804081159572 0.763046030676024 -7.05265974630109 3.51999576918918
Monodon_monoceros 68.248703682578 52.2945387077891 -14.1293492573411 12.0019666207481 -24.3714490676504 -4.02134388766643 -8.27676998537266 -17.2351575121199 -2.04403619476735 3.13579291404795
Mops_thersites 24.4002623529855 -42.8065088786112 -4.45628061304298 -2.372824931545 7.44214293245073 9.44843135461582 7.0905906549817 1.77761557380403 3.25647061438838 20.1712172656281
Mormoops_megalophylla 89.7721353272459 -16.4374528243852 6.63617267961188 -38.8986104979443 -19.3559977093623 8.20400156822184 8.5047418025114 36.0859228032027 0.247124800991128 4.05697433428007
Mouillacitherium_elegans -14.0852604741796 -25.6015328048083 16.902400611932 -12.121892654051 19.7094766241007 5.1583999327889 1.44827418044589 4.98231079087305 0.0544639784693402 9.10161042886849
Murina_cyclotis 44.7054930502115 -18.2318485576964 14.9807956054168 0.413501678407988 -3.56026347285597 -4.34369982786313 17.0588220243696 21.6352379372147 -4.80373686493363 7.34888929212276
Mus_musculus 8.78372302203282 -18.6028869649243 -4.26923030126996 -7.53526837995792 -0.806751168751369 9.18547624969688 -11.8462976135126 7.7757376219613 2.1026635372096 9.46886326151704
Muscardinus_avellanarius 2.62271176814072 -7.86139138493805 -11.0579940409011 13.0767439128335 6.01195429794433 4.10209938986573 -6.10824368863078 0.997342808896015 0.863141563333593 13.1688916225885
Mustela_nivalis 5.15575791991111 -3.62916774012544 19.5830605157044 8.70244079219966 3.84030115866198 33.0660542157582 -15.5113247800752 -4.62378521911138 -3.61235027419052 8.39573620971543
Mylodon_sp 26.1522143183501 -16.9908468350464 -8.95393694935837 25.3521533716518 7.80010969185365 -29.3968943273324 5.16782552291689 -1.72746573799904 -7.75540894367809 2.38115721910538
Myocastor_coypus -49.1136790905016 -22.0210873354029 -9.87930998639968 1.57317071442048 16.0010190662809 16.9874633339763 -10.7407053238654 1.9996994657402 -2.22138468742093 10.9304984939973
Myosciurus_pumilio -0.421505543278281 -16.779911601958 -0.18076444146027 20.1445165782075 1.35791344368728 7.95755687498159 -6.67380292538773 4.90439369097514 9.32444556262466 9.24643055117347
Myospalax_myospalax 3.14005390634781 5.69668060566389 -36.4350301434027 11.1184838496438 3.72286546691416 -10.7903877822623 3.19555086905484 25.7940542035054 9.22964525545878 5.87899923040886
Myotis_adversus 38.7712829952059 -35.7914411028854 9.76090394448888 -9.59484667118076 11.5731772438913 -7.51905236499663 9.00721023844905 28.087616013266 -0.453929288100572 9.00874127055329
Myrmecobius_fasciatus -8.3470762622346 -15.8707505336325 0.729888168285294 10.4889763274097 -4.44937905573339 -1.84146043715696 1.24193072374245 6.43602201741703 6.19745571755533 1.67950929687096
Myrmecophaga_tridactyla -11.5418414147499 -9.27063233979136 1.18033855540721 -7.53142250766604 8.32874010565775 9.36399438279363 -6.54508535523985 6.50392622572666 -1.0405943791723 13.7033439925166
Mysateles_prehensilis -44.0082747399659 -31.3488850202945 2.79005452969152 9.41591074526928 1.68079239512916 7.27631895647119 -13.307325341217 -11.7671585435224 0.174938061970858 6.30034155592349
Mystacina_tuberculata 38.9418501691531 -30.7733178946916 4.00070025413396 -3.78535407712809 2.39957655435082 2.75595519834829 11.2762827740106 23.8225691285304 -4.96765122391104 5.28476400143539
Myzopoda_aurita 48.9433539092026 -44.4817360435568 0.238325585406816 -21.599123624386 16.5579844971043 -10.4780515824484 15.4886886842295 18.591021007131 -2.95012191522456 8.71882639091793
Nandinia_binotata 10.5103827347704 -12.6992755138366 26.9688997984776 24.0149233632839 27.0931022174764 -0.911141636371104 -6.43558889047192 -8.53585385941527 -6.37834034587093 2.91659798592829
Nannospalax_leucodon 12.5804865436866 6.00627404966974 -27.6459929435672 2.94861952639558 -3.98234625103668 -6.08187921392487 -19.7860582245376 5.76530422444456 11.0562041547889 12.1628572480915
Nasalis_larvatus -3.7877752414909 27.392087182918 -3.81233536243455 49.7864866834831 18.7352084983718 14.8323082122844 -12.8225765336009 -15.0198007842917 12.3003156897148 -1.71698820966526
Nasua_nasua 1.78661441672409 13.7047396341269 15.4738054378653 31.8759545352202 25.1920296151227 8.89178202695112 -18.7916961878924 -12.5055044049925 0.162925825384279 8.73818372306009
Neacomys_spinosus 3.11920323462645 -20.8703632987962 -1.69552551856109 7.55247743941283 2.74372961490763 0.213155575151879 -4.9773418603467 9.42608120347538 5.67289332111211 4.95749233057806
Necrolemur_antiquus -34.0802276668879 -15.4490319541151 -5.15580689366352 37.4999026591424 21.4908440746603 24.4823498146573 -1.92153504808515 -0.958465066230874 -2.05283116049583 2.96433398753235
Neofiber_alleni -0.923764554661212 -20.9635076263787 1.85728250027691 1.97602567257991 -0.240090944712413 6.93081749088131 -9.55384926647015 8.16156318533615 6.02600052312144 8.69335499738941
Neohelos_stirtoni -7.45450106920055 -26.2154368469097 -18.1898148472269 0.0847942202606628 10.2942110923469 10.1224948213035 -0.871226519065619 3.6537761725498 -15.3881324751961 8.77063685335636
Neomonachus_tropicalis 76.6704645158349 28.8774418790311 -5.98248856193097 9.85182529143954 15.5704600144186 19.2775221092753 -7.26426417982468 -21.6131033869242 1.24628988030119 -4.49818277837384
Neomys_fodiens 29.8797261155724 3.61293173271305 -35.2530501591506 -8.62057508326926 5.34219276396727 10.7090614084016 -8.09968994967008 11.8605508757218 -3.95754845535582 -1.38602600883414
Neotoma_lepida -9.68423324755668 -10.0690258200838 6.07882777791052 14.0129525730796 2.85659584991158 10.950796168236 -10.4968488894465 6.35325717600519 4.10750132701304 6.75536793286516
Nesodon_imbricatus -79.0655033776617 32.9337510789437 -14.2632640591106 6.56892824622562 11.0326611812562 -36.9815920498405 7.79636653155213 6.48650257464562 6.85166729712657 8.78321767567986
Nimbacinus_dicksoni -32.8576946204474 -18.3055826281222 -6.55387298739197 -6.2036716666846 17.5598399682613 3.05740843687545 -2.38168960781379 2.26026492097522 1.93312543775253 7.50544355567454
Nimbadon_lavarackorum -4.14977732641145 -31.4895267792481 27.5640342720056 8.75312370046912 18.9962686321416 10.4262943816103 -15.2914680040165 -7.75232291058903 -10.4719418710785 10.9126853441638
Niviventer_rapit -2.43541124201881 -16.2546150053974 3.50645139764171 6.2123187242487 9.20269366789107 5.4704808477116 -10.620910704728 3.2043361888702 5.3891869786756 9.12725608802595
Noctilio_albiventris 50.7391798831308 -38.9720842674847 8.78249700515982 -11.0350039028735 3.38655566747313 9.3714881703742 14.5469289928196 25.1224572749707 -4.53517631969496 8.82515192503606
Notharctus_tenebrosus -20.1169561770006 -38.2539215964817 5.71427662380427 12.3741831708053 6.39097734493505 5.03665756833054 -8.2416091704602 0.934912226917339 1.97865605193768 12.5331277724144
Nothrotheriops_shastensis -22.2932703449836 -31.8825185968202 -18.9360248674749 44.0155987854976 11.9564015186637 -5.47373636512657 22.4247329536895 2.41533780403106 -10.4481013214229 5.29336866421697
Notoryctes_typhlops 15.351805765035 24.728195742848 -30.2022887398101 -0.674934128878088 7.99329548253244 22.0096975553131 4.6630712391957 34.0917594255124 3.30112597602349 8.96712277467569
Nycteris_thebaica 1.26368045971734 -36.8648613314019 35.2945856925276 30.4811265180717 12.3998628047983 -30.8409157776864 8.09722385103645 18.6462944378401 -4.48817732487799 14.8473258069329
Nycticeius_humeralis 27.459614333869 -40.1457913109989 -13.6396839609204 -34.5376029134443 2.5226225188546 -2.16161791805545 9.33928669992168 24.8629914835925 4.93701534675996 14.8976702930545
Nyctiellus_lepidus 8.70673916258983 -42.930455965556 -0.893240639317228 -2.73617422169086 6.23406644827522 -12.6310338792726 23.8875346614145 26.2203694809569 0.75407378585152 7.07530149718076
Nyctimene_rabori -5.01558242392144 -11.7974254672861 -3.71328657198256 -1.58564785801575 15.3352575690032 -9.29570064893289 -4.33838555329432 -3.92079468362034 -0.341740601684501 10.0977300562925
Obdurodon_dicksoni 18.4756125747935 15.5720643529337 14.5989845316053 20.0460298428494 2.10521116409588 18.2019009555438 -7.61991657651089 -25.5157258523552 6.33931039710812 -3.7457048504244
Ochotona_alpina -44.5439946600303 -40.6217262609257 0.866010260320671 0.655563968928113 7.09294411983931 -4.51487612451394 -13.9930859695314 -1.79677575101146 10.0526543087121 13.310705508698
Ochrotomys_nuttalli 0.681002726438728 -8.9940888450183 -4.54846183172099 4.97020767230434 0.130210899102233 16.4756818069344 -8.64926328632866 8.51283861446205 4.00998327624764 8.90864339971923
Octodon_degus -60.8333311789445 -30.4278867296153 1.90040289096705 22.7774115488752 5.33184862385196 -5.44093675014891 -3.42572483881359 3.08611644482399 1.18460472460078 9.41289983603392
Odobenus_rosmarus 72.8947030188535 10.1359332286643 21.2001910154011 18.298280564923 2.78640366973723 22.0371657792867 0.080437962073692 -9.76868348012457 12.6498894235366 -0.925025578279865
Odocoileus_hemionus -49.3357764094704 14.9382774391396 15.3440146182535 42.2218242785836 28.150764439715 9.92466163505586 -3.87454140810112 -5.79793128516491 -3.52806275048334 2.23005601091336
Okapia_johnstoni -31.5861597477424 24.340391552381 26.9409090154984 18.2351972589876 5.12859795071259 12.0107722061788 2.22506686464862 -3.36940836922385 -5.73897563398009 1.54695515883161
Oligoryzomys_flavescens 20.6457682914448 -16.8102742978158 2.44104300910571 8.71495741168415 8.70507760397715 7.44941407525807 -9.83291853307599 5.37305014853871 0.997303353336267 5.02917626829543
Orcaella_heinsohni 54.3161515008199 30.8611067243575 19.7164356942858 19.8311940486915 -8.49090578011351 -3.37423269612601 -12.9942961555216 -11.7223057707571 10.9905293050132 -0.845879629662813
Ornithorhynchus_anatinus 16.5158045131651 27.6640782155411 2.42349792072035 5.04746020416428 -9.4690771086885 20.5410032765295 -15.3722263307864 -17.4724559049692 -11.0098584418267 7.40996452127879
Orycteropus_afer -26.003091096298 -30.8540973151037 -0.577584461386727 0.197116225610991 9.79225642460325 -8.46899661284378 -19.9528556707824 8.36769700377254 -5.38054503790903 9.51196673412914
Oryctolagus_cuniculus -40.8384074117928 -26.3098583067204 7.74802680043996 9.87985406148656 21.2484139651841 14.6296645872527 -22.6642563354998 4.5574715357 13.62092247112 18.4248831814503
Otolemur_garnettii -22.1836015184509 12.8925078818883 5.23568240753044 50.0996584404305 16.9987497389845 17.456270105004 -4.69102012407736 -2.63379735917098 0.475839536986031 3.73763794737272
Otospermophilus_variegatus -29.337958938286 -17.4770283486014 -4.59338340016337 14.602828447409 8.62839654147732 14.6929308009496 -11.2894626890867 2.87879719150547 3.25229571673766 10.46689929384
Oxydactylus_sp -44.8311997854701 -3.55595945735603 30.4733299290925 26.0258142282601 15.5373578519398 -17.3768849485697 -15.0262984045688 -8.9942136058486 0.960437468164749 9.22942259969347
Palaeolama_sp -2.87897932762918 -8.54973882828401 0.12300071428681 18.3798895858838 25.2790460888388 15.9118235958803 2.74289240241943 -3.4769207457425 -3.4895672536794 2.4099535285926
Palaeosyops_sp -63.7158416947968 -17.8600009346675 -12.4551175492716 -11.4225439355912 17.3713103386749 -9.99412941921342 7.54656261356329 -15.7388932123657 -11.9942624351328 12.9449505751716
Pan_troglodytes 26.1466626172376 11.1386265125162 7.44613064074684 60.9788527346237 36.4641152545328 7.63756997830227 -20.7432503856094 -19.6407383213108 16.2400992617713 5.00185881427673
Panthera_pardus -2.04928427196176 -4.45483060346742 21.1087720165204 19.7059322746347 26.469456067254 -0.751972757855844 -19.9132833218807 -9.85563941660657 -5.47258711113703 4.67824134067595
Papio_hamadryas -12.5729882481651 39.6129116029373 -7.50451290966075 41.0015214156553 17.851075159653 34.0860850229816 -3.04767482241327 -9.688593750083 20.4935739659183 -0.745833604761943
Paracynarctus_sinclairi -17.0120440783569 -17.8765460004456 22.0308136004306 20.9956951844563 15.8751918896232 14.5740922607673 -14.4650492474154 -6.57919566393739 1.70964953800475 6.65744868756903
Paramylodon_harlani 38.9850301062331 -29.1661838395965 -16.7380106733394 15.0868986180054 20.9838496722824 -10.7223001748958 6.03473839958135 -3.24693514897627 -10.6619551105406 0.5153520728234
Paramys_delicatus 3.54612042116858 -27.6927344557319 -8.99724479633062 -4.48316692859959 -12.034402681275 -11.1949044451242 -14.2359675075405 -5.87867632882 5.40976633714648 7.56389545301354
Parapithecus_grangeri -31.9222086335507 18.8501959257473 -7.80159567112164 39.5112510050856 30.6326566342674 30.2382995314988 -14.4101051136265 -0.728248556629544 1.87229196087336 13.1213078051505
Patriomanis_americana 27.8118550110394 -19.8782421329115 20.6508258248781 -11.9949945082929 -0.943428519324686 -6.46207488907626 5.42685540629688 7.55738441483224 7.47769859727314 12.8817520570849
Pedetes_capensis -53.131139304963 -2.68505207506211 -3.05570236704326 7.58204030481615 4.31467705138567 -1.18168672617105 -7.09071956096054 4.81206094127201 6.00298839653753 6.74678092878787
Pekania_pennanti -21.3323694025565 12.3508543737965 15.0795992108875 26.4655778489817 13.6930801372962 20.4513877511446 -14.0003455269598 -10.5499911630834 8.10710818216299 4.82671742872055
Perameles_bougainville -23.5547914469694 -0.0742395234617314 -16.3678178798676 9.16403993047122 16.6729848598687 17.1217201770791 8.6907925738868 27.5789526151774 4.70903062305076 9.81599433843484
Peromyscus_polionotus 6.38551650407865 -10.4317438965712 -11.3658523308461 2.06282365008216 6.13345542956415 19.2673796301654 -8.30369723154302 5.71525644565952 1.63298269042453 9.13686192989574
Petaurista_leucogenys -30.7146342527791 -23.8477590232856 2.41726127130905 31.4487378035054 5.30681371043931 6.38295414236035 -12.5481703227251 -4.1359577592496 5.42211894989902 16.045482964083
Petauroides_volans -13.9068173241914 -32.0961584751121 2.91089771737209 2.04609220498291 -6.62649432253671 -10.7526358076112 -9.92527236004601 -3.77710367041709 -3.09912774534907 0.877944585335581
Petaurus_australis 9.85897326267853 -17.6911690755397 -9.97580329177884 15.9271286330139 -1.34858404484728 10.3123955782684 -3.34814476641636 1.01478845114006 1.32876312348395 5.69151197907565
Petinomys_setosus -12.9505377010382 -12.0232984908011 -11.7936863849466 17.9817188872418 2.58436104216922 7.45636479137337 -11.1731937881551 -5.6643588354336 9.11247803540226 12.799579623976
Petromus_typicus -40.3208689732834 -40.541595001914 -2.32754211388837 9.66816874788582 1.75527739554363 -7.82200361887194 10.6767055311537 2.92634551978866 2.55823111662696 6.28181585832413
Phacochoerus_africanus 8.16089916927456 11.6477159377723 4.3565541204027 13.6949392652105 29.6841101557386 -6.60039489213747 -1.85919794157761 1.08917668303398 -3.33700979030022 8.65214734448086
Phalanger_orientalis -9.77049410980865 -27.5021671329903 7.5436353416851 11.2044266328512 14.5962400679803 7.5851436005337 -5.04413669827108 -5.12595787849284 -6.43624556265963 4.2207559431084
Phascogale_tapoatafa -1.67358359696098 3.08758240361636 -10.7779423828939 2.76586951129273 -15.0312724031099 11.1598551816067 3.25081461641586 0.82732700692396 -0.608951099180281 1.17632344860331
Phascolarctos_cinereus -21.2927767772231 -40.2786444666532 -5.9036451047952 14.248499049819 18.8407866045908 11.0727826745349 -12.4145690649923 -0.0968996089441887 -2.5122502712811 15.8800920224722
Phenacodus_primaevus -7.35713935450755 -57.1733697409728 6.32970382570759 -24.2371145786232 -8.97387043936017 -13.8810423918473 1.77642689012323 -14.060674939327 3.02553117443912 17.2773863390398
Philander_opossum 3.90005857829907 -17.613970994668 -7.2350287725861 -2.67532019073261 14.0876964547125 -9.49308714291056 4.48505685959567 8.14305532333538 -7.28542735049795 -0.580153765484029
Phocoena_phocoena 113.300798932332 46.5308363151838 28.53990110125 0.76772825114356 16.9338096709144 -13.7573152332935 5.84075203298167 -22.3371355030115 11.3179229039324 -5.2890913729632
Phyllostomus_hastatus 55.3669299466307 -46.3217624049362 15.515509486866 12.0075746051762 21.3502298849849 3.95552012978133 2.6585064121758 4.68400396638389 -15.9773037162472 13.6187431884064
Pipistrellus_hesperus 23.8626054610435 -40.9281377818749 -14.9604904164884 -27.7597894338855 7.94011108587188 -6.99968002636704 8.24093960602975 15.8038688099023 -3.18286068763462 -6.75216533935835
Pithecia_pithecia -5.06200678934379 30.6991614503936 -6.21139004277263 44.7194184291035 30.9797939007969 9.41084124554895 -23.0268813960186 -11.8019149130344 5.6910979999069 8.47496718062618
Planigale_ingrami 12.9436430033602 -6.31484970226334 -30.4308762921444 -13.9225985872491 -6.5595100732018 6.09268667717431 5.09363001752062 -5.74823663330902 -3.96317644653524 7.23863487210722
Platacanthomys_lasiurus 1.8985763391885 -31.115133001722 0.265160623495819 12.4696567191301 1.30045560640046 -2.20525218474456 -8.86966200204641 3.61355576667198 5.13961740851046 6.15292577835849
Platygonus_compressus -7.44694985410481 29.3117600192927 21.4771693439562 30.9823039070312 19.0826003429056 -16.6981764689981 -8.01454972367871 -14.3617711203167 2.35909337567004 3.42664107942525
Plionictis_sp -6.4333465086519 -15.5634132954793 31.8218805819346 12.7245524932583 4.41251104620651 13.0070809893377 -7.06721082508895 -11.7901077277334 2.09379268211865 4.77755185686817
Pongo_abelii 41.0263672958273 37.4482039390207 14.3767219163688 58.7992995457648 33.1839510460003 0.334289108962235 -17.391212058605 -18.6370537162159 19.1677018231966 3.81854836785785
Pontoporia_blainvillei 92.2150369423411 42.1967239033525 23.7590395288583 11.5139650494736 -8.69825500456404 10.3578899187136 0.450026424343208 -21.2104406148773 7.16408678491891 2.84129259453881
Potamogale_velox 25.131251213431 -30.7824850931693 -9.90726912870036 3.85784465669062 21.3319938375986 -1.09125268055661 11.9152442209746 7.94470299148813 -8.63543476389748 0.412978694348428
Potorous_tridactylus -8.85457625451336 -9.13983573337489 -4.06913484877605 10.2138041503214 6.53964872145214 16.6573462881755 1.4473924451444 8.4630414301299 0.291012785922304 8.2138244587205
Prionodon_linsang -8.27340544107679 -14.4274223195279 38.6718825250429 3.16594036700699 18.0689807292276 -1.61256620280704 -9.34926069500843 -10.9270776048208 -14.2993184432622 6.85277555022391
Procavia_capensis -31.7858907813868 -10.5465269666302 16.9004227772206 18.1074477009045 15.7299501758107 5.93387745085276 -4.90655296309961 4.86128904221776 -9.50509053669618 8.9975717456785
Procyon_lotor -5.3188765948828 6.53699215791657 -10.2499800633441 35.192117851268 27.1930128754189 2.57215727634289 -18.0149083080937 -8.62915699951514 -6.129569279522 2.60364847458338
Promartes_olcotti 14.0255782478838 23.8351816771437 -8.83944767003319 20.6894030161823 16.4502152733023 21.7240631966203 -7.64037942517139 -0.661391680556735 8.95337650995193 6.78183471118481
Prometheomys_schaposchnikowi -9.74990331254163 -17.7269885980922 -0.852442351763894 9.12134881150886 -4.01898281129402 5.05324519666984 -12.851769497619 1.32453937068595 4.09740246225474 7.06400812561787
Pronolagus_randensis -39.7540361625814 -25.2336775603187 -6.88426169612311 -20.4539541875277 33.5592410124134 22.8653951497581 -14.4040313876705 16.7681075027145 16.0820302924851 23.6080954299468
Propithecus_verreauxi -10.1870799262289 8.39624547260167 -3.43054999487806 41.6015404256532 24.8588197115607 15.087169070224 -22.3342129911517 -3.50089407769442 -4.36572655007266 -0.35852546689937
Proscelidodon_patrius 18.9231804919872 -0.151198554666198 27.5351830119427 16.4769164072816 -0.714033033528413 -9.80613924971083 11.5545449071296 6.8559176200705 -6.37520898142384 8.71682258198525
Prospaniomys_priscus -43.0145827043916 -39.3361377574476 10.2622092242759 -0.593612224892234 -0.868892348361326 -6.62207061128407 -13.8629220543949 1.19727025544391 -1.5406011039876 1.89392775003756
Proteles_cristatus -0.792251335151603 -15.721253575764 8.75454307216423 12.0061617539344 26.750191265629 -1.78300747327029 -8.02134110805493 -6.50838487424201 0.770553760850675 16.4972204727626
Proterotherium_cavum -77.0018439574528 -15.8067369274459 21.5579674782579 0.498750413491305 -1.86426980942662 -19.4097200011906 -8.42315092203593 -6.50891918940114 2.30390869742232 5.75243615687231
Protocetus_atavus 35.6264537798199 -11.7153229791193 -6.90901514438161 -0.240815660149218 6.72425606486066 -16.9419585016335 -16.1206665246443 11.6375551432124 4.43371589958261 19.6222778232756
Protosciurus_rachelae -25.2469373046269 -29.988910808426 2.43803315568852 3.23727519215819 -2.38528285313619 2.84770481856694 -5.62741840777311 1.98379266214985 3.33266487788482 13.724988655653
Protypotherium_australe -62.4316911601684 -14.2834485484086 -5.69306859587501 8.39053868306404 19.3565884622695 6.63539214800229 14.5722085005562 -0.158446367095212 3.43052611210481 7.75472593602572
Pseudaelurus_validus -25.3491104020135 -6.35154571292479 22.156295028591 15.3720992791579 14.2305293216972 -1.1415010868889 -10.4986950299646 -4.00043448853505 -4.04385811130686 2.70342138679231
Pseudhipparion_gratum -42.4364600226663 -10.1697188157422 3.33743333607258 18.7546352303607 21.4214251098797 -3.4869434154824 -3.61584997981209 2.66528982761417 -0.252162136324738 10.8559392594012
Pseudocheirus_peregrinus -15.1646880954125 -30.5398704987914 -0.424327565977105 4.69487387140606 3.8148761540336 -1.53952411564095 -15.7821175682484 2.93863291826809 1.64126676829555 8.91445305948813
Pseudochirops_cupreus -10.4841535456599 -21.9667402999244 0.103287541385164 6.71143897846884 5.63204921502313 -4.45473713132962 -6.71217944268256 2.64023084843867 -1.90858240731167 6.69700937256378
Pseudotomus_horribilis 2.81566281987274 -19.6519495747149 -9.7951519704898 -7.62655387265606 -4.89260200496507 6.37824023354722 -18.6191548445646 0.229702006585349 -0.792913790705979 9.593504715184
Pseudotypotherium_pseudopachygnathum -81.4073775747442 -15.5870799487392 1.55168569822965 5.52343988284805 8.69295151337436 -3.96177407784046 24.423609490856 -9.27708912536574 -10.4569116224127 15.9607550955914
Pteromys_volans -48.4991009709934 -30.7862688665779 9.0994319605588 30.6911545330666 4.76267246649867 1.85931509861424 -11.1142240002921 -2.92661460957789 6.81000201957024 11.9730670666334
Pteropus_giganteus -28.6469203188774 -3.29968116147347 10.4502692372247 25.142176923215 17.4214087083565 -11.9672146341763 -10.179975105653 -1.99505018570716 -1.80815125191777 4.2335277072801
Ptilocercus_lowii 4.43790102391113 -17.655478901333 -7.41399906894973 14.881089477211 21.9350228455672 8.31819115290925 -7.52792827170294 1.61217668614102 -8.52943658990761 8.26934957501651
Quercygale_angustidens -4.05202821874733 -26.171499912882 31.6208123427387 -17.7768134432326 17.8996780863664 -9.82518586805078 -16.7720648304669 -2.16533115503671 -9.36516411371391 7.60077123230494
Rapamys_atramontis -25.979355061061 -31.3429015217312 -2.65574848599259 0.842001780677372 0.127368779907697 -14.1764101162321 -6.06521121301944 -1.47979658959382 0.631228989360978 7.56002475685407
Redunca_arundinum -58.1319993176646 1.38665393001021 5.3467921642384 24.6632772576959 29.0828127161933 2.59086735178359 -5.17216448685172 -3.65865507844737 -2.08468457779283 4.37476907850985
Rhinolophus_affinis 17.4429200792267 -52.3736338519918 31.4185717242308 20.1956700489504 10.2524700400327 -7.0497654008447 11.7463650613816 15.479697507575 -3.63920601380956 1.19973456290806
Rhinophylla_fischerae 54.4361492678479 -23.956821363838 13.6525168004483 14.3022412246155 13.8584988925966 -3.47443980273306 6.52135402685288 12.2615588043197 -8.97870378391685 6.57390363930665
Rhinopithecus_roxellana 11.2023174041977 27.8415492546634 -5.23603560313587 55.5380318248012 25.2654659932011 12.7163300665698 -16.3101388782164 -10.1024884023687 7.68427191559501 5.10520651889662
Rhinopoma_hardwickii -16.4852837914816 -47.3931604395893 8.48486810472411 -10.120663766365 0.667219880784353 -30.6234793561799 8.32624218901936 24.2854236206838 3.08398753009443 0.666453290917789
Rhipidomys_fulviventer 0.761781493155483 -26.4051335718946 10.9855034065006 22.1157225779142 7.980481969519 9.97134243509642 -11.0982599168427 4.85775248423235 3.30878366930051 7.31412317311472
Rhizomys_sinensis -37.2889025290291 -5.89499614218895 -25.1106347352294 4.11490726504667 7.26445278278213 -15.7602948422529 1.59819307596071 15.6391583528146 12.6743569548755 13.2673974726438
Rhynchocyon_petersi -19.4718421254597 -12.4873697073326 6.17715151779917 14.4162878215472 2.66023285483079 -14.2581715852227 2.8469454148367 17.4791770827469 -0.0643823053147073 1.47870383511792
Romerolagus_diazi -36.8622390637985 -17.1070760380857 -5.21106838159035 6.52124913212918 16.9594920099066 7.0481212359862 -15.1306738391161 7.78990802072059 6.80384270376526 15.5490692485359
Rooneyia_viejaensis -7.65434567286051 2.63892814712314 -8.54453658620278 28.6685021504883 9.10178605433136 16.4218580719748 -7.25432164825202 -3.57890127735954 -0.619005323085616 10.0416800881849
Rousettus_aegyptiacus -10.9438059515604 -13.7576018547264 -5.64731796690062 8.18237793025872 9.46800624354516 -5.6285449292041 -6.23499952453479 8.44205420436792 4.52632989160396 12.4495663863887
Saiga_tatarica -18.048761290917 36.8465998858455 2.01639376330534 14.3272415799632 21.0787451549334 0.246335221402269 -0.754015961704934 -2.59627072395341 -6.36397461338133 -4.298539934041
Saimiri_boliviensis 0.486941758204749 56.4219184527393 -12.8249724142155 37.9949525954182 28.408415892961 15.3068277075399 -18.2110921992723 -5.42698346690639 8.50964300299407 10.1169376390978
Sarcophilus_harrisii -11.9339348242996 -22.6744131778363 -25.2424945894898 -0.6647629615609 7.60847617651666 2.26358554889478 7.31883932652532 -8.05580850818981 -4.97530649239381 15.2859425472949
Scalopus_aquaticus -10.6950306115592 -19.9839899147998 -19.823599001618 -5.48479886025806 1.41850366550389 12.287196696549 -5.18798920503691 2.77745789814842 3.93718213870499 11.5102176318149
Scapteromys_tumidus -2.63375619570385 -14.2013086784209 -1.14997707222485 7.1709918891876 10.9290267777746 21.9083989422508 -5.72005232943642 7.60830625157413 0.962102615692889 6.56813825218446
Sciurus_vulgaris -26.8228012303877 -20.1239266511653 8.96454059733896 20.5857070527051 2.88923777191376 4.9261812221441 -11.5056951837131 3.99984857751552 6.16642582522948 13.5539790392184
Scotonycteris_zenkeri -14.0689756383728 0.754475312477379 -3.83307925537918 0.350482468055956 9.21778941049147 -7.5040167085716 -9.33700835478726 7.8669905996534 6.5603713639091 8.89308598411074
Semnopithecus_entellus -5.32809639824338 19.8231580969042 -4.87894834831414 42.7596816867363 20.8347078999805 15.5337032823516 -21.3374790208551 -8.26617618428265 8.02222364109858 9.60441329651899
Setonix_brachyurus -25.2094023496586 -7.55824094619262 4.05522400980538 24.9405086740006 13.8678413840066 8.84273913719923 -9.56743169548526 8.11103727317782 -2.73027143183777 5.36485036073723
Sicista_concolor 11.415687482981 -11.3398100396249 -11.5902095637122 1.88391779883008 3.54561113729609 5.94438206379018 -9.75526804692289 9.34918533579319 4.43560549776363 8.62822945265729
Sigmodon_hispidus -22.4239550425716 -20.9107009452854 2.72526045401775 11.0854869470339 9.02465053025795 1.13576396923447 -8.53672463040396 8.02041689637556 5.6719735900856 5.67884247470002
Silvabestius_johnnilandi -14.9252662754619 -26.5539550665765 -7.49423892607066 3.30294355418914 5.54255644073918 -6.60259266455882 -9.53362842014711 -8.02605312014282 -6.18141318004361 11.3722246126439
Simosthenurus_occidentalis -21.1255908338831 -21.2238591996869 1.67070114423774 17.4902854389144 6.00441373980249 13.2218458811644 -14.7151153849278 7.7972676490398 1.88621710919924 7.89386314604746
Smilodectes_gracilis -19.1100873994145 -18.833891223898 -12.6386837328232 20.8327940997124 22.4047255065118 4.61959888118562 -10.2867603201159 5.38054556452519 -4.99717826004973 10.1308851041521
Smilodon_fatalis 4.69771952272607 -17.1782436075646 25.0848432300322 -1.69276767942759 24.3109501428511 -30.2304208992522 -7.59745299818488 -20.5814304070502 -14.9310055995623 -2.91640672697529
Sminthopsis_macroura 7.89437878587269 -12.027164404567 -9.56022029441258 -14.285339360328 -10.236466382546 10.1115612911656 11.0209472919464 3.77204283634524 2.75527490955817 17.1834938674249
Smutsia_gigantea 46.2033268356136 6.18007713707002 39.3530438492577 3.44344051999507 19.5241680083009 -5.26964375189729 7.7992499362352 -0.159797740771289 -10.8099412323316 -3.60700013056655
Solenodon_paradoxus -3.50476331871303 -32.3466030321586 -2.14491164574793 -4.78294170835908 36.5744368536505 -4.03673640563408 10.9624811796958 4.39271792682511 -11.6640156512677 2.31924342303248
Sorex_araneus 33.9653477563577 12.0212993251651 -32.2417118605154 -11.3997626219957 -3.96454154963837 2.75740750097972 8.96478027729777 31.7904468508246 -2.90642439331251 -3.94993011499216
Spalacopus_cyanus -15.9655640106587 -26.619200676098 -19.0927075150424 -4.4686082625294 3.43908648739723 14.6135005631282 -7.55031774219352 1.5107225581445 2.68788771657501 12.1822084941283
Speothos_pacivorus -8.26866925066583 15.7792385066179 11.950187359592 28.174900615738 26.5013197606529 12.3879299903037 -15.7055909386081 -10.581708265432 -2.19464031286116 6.38761356530311
Steatomys_pratensis 3.05429429476693 -0.830705033924831 -7.74452652373811 -10.0082550220603 -1.68266034659475 7.77122528371326 -15.7925377586005 12.6998154526025 8.3682140480231 11.6224931769728
Sturnira_ludovici 51.9780859010412 -30.3955746106818 25.2505190999641 18.4156019937233 1.05025420740434 11.3105130116344 7.96726579726427 9.5192728343023 1.24539122425412 9.16714617604993
Suncus_murinus 11.3876390785706 -17.1264657231198 -25.5991383941071 -18.3455519934853 2.49013058614497 -7.30658463384855 6.4624036063905 3.12848742345582 -11.8225118444027 -2.04776579712084
Sundamys_muelleri 0.274813796853495 -19.0012863809628 6.09551751054606 11.3356666759731 3.17592283535975 2.04285761729644 -6.62021116369228 6.24596171930937 2.16156494165024 13.1860452619129
Sundasciurus_juvencus -11.5374136430324 -22.5901402856314 2.93262550699047 31.8239337019669 15.368412430072 7.45124677099703 -14.2702411536732 4.21421132638889 2.2843202709599 11.0180940083872
Sus_scrofa 4.55185586306959 14.7857239237991 27.8353741440258 25.4396903560606 22.7803906337371 -13.7763068100288 -4.53405610641766 -0.164150009623252 -9.67926999060493 12.918195474721
Sylvilagus_bachmani -40.235047475596 -21.6331773511139 2.14287589467039 15.2504599065803 22.796801011478 11.4044024867882 -17.4985405485179 7.55545738798169 12.5802623515469 19.5898040442539
Tachyglossus_aculeatus 27.5483881140725 38.7287800333126 24.3367033202847 9.44214745295857 -9.48612021623241 5.02075233149773 -9.80763931815723 -12.6998493538433 2.42386510783462 -9.5179498538535
Tachyoryctes_splendens -25.9918124588094 -9.38849189437542 -9.43728495940271 -10.717582527967 -7.06065805513238 -12.6754019107792 -17.145976482539 16.0589300103181 14.3802048758751 11.0454807199897
Tadarida_brasiliensis -5.57805837669629 -53.913885599563 2.50124695005449 -13.7179226432122 8.27837513330361 -7.43667548554499 2.75944623737369 24.9209925306 6.861013391175 5.94403967416204
Talpa_europaea 35.207263831885 4.00480071121884 -10.0303419751063 1.14227857021176 -1.92308392594966 13.2058300332432 4.48305559726019 6.78951664673159 3.36947231018148 3.74451037114038
Tamandua_sp -16.4364000587431 -25.5003015830617 3.944794509085 8.78705736514041 15.7142706515205 5.97305758440119 -9.94319145126749 0.317506593215429 -2.59519644202084 11.4196821880158
Tamias_striatus -22.6302158380287 -16.7866585644828 -4.93001417084062 7.94701971917205 8.86257566288158 17.8327501632716 -7.1371432612923 1.42461691504837 5.31346776036725 15.7486715161261
Taphozous_melanopogon 10.6830111224539 -59.5147977286941 18.2013146530017 -11.6049749748223 6.29270949326689 -8.03690698448544 2.97624720625104 16.3188703217875 4.37386089936952 8.60510114281169
Tapirus_terrestris -63.245275221127 1.41967707008272 -11.8745063319172 11.173629663032 2.50121604130233 -5.22867033956626 18.3809611840026 7.82566105375767 3.63819851910102 10.7365219362088
Tarsipes_rostratus 15.3157668018038 -21.3362491732609 -6.63790510214679 -13.6512997071529 -5.50162423551633 8.09640346210278 -3.61336808171558 7.87263458558504 1.48690261669752 14.8403003519762
Tarsius_tarsier 8.22373385777779 -0.369498992642524 4.4653915399313 38.7185412370477 31.2603369656518 25.5290124109803 -15.2488303709284 5.4310782390147 -1.97367801481802 5.0199593809413
Tayassu_pecari -1.87420369169259 7.07568995698748 16.936593761451 31.8054050495195 26.0234873258753 -6.80412159194842 -17.4257111355749 -13.4126633012344 -6.2764698229553 13.6724154656692
Tenrec_ecaudatus 19.0669770647129 -20.5024770284989 -11.2958475899141 -8.04868786761772 6.46218594742115 3.38899018052011 3.21187733538232 7.74907342641629 -5.23726698786655 -0.547100870018136
Thalassocnus_natans 23.001189818651 -28.9777472840745 22.3169600465507 16.5784172523568 10.8909329453474 20.0498933967426 14.4490504114567 -3.81925754899507 -3.77570237633407 4.18516924965306
Theropithecus_gelada -8.80312768092055 28.2781505948266 -8.28775744925516 50.282211144413 16.1855990317958 21.2825204299376 -16.4508743221326 -9.03446358785785 8.98362624948032 -0.973508183652586
Thryonomys_swinderianus -39.0165970598109 -35.6214714354284 9.41622100578292 6.29842163052506 13.1078614653919 -4.70383676295449 -0.0476352612402959 8.46695101081278 2.61275011072979 11.3935910788257
Thylacinus_cynocephalus -13.6589029034186 -23.7615233391669 -6.66587851816711 -0.87532137732463 4.26077247733075 6.5398214966203 -8.09570718780906 3.15441830830102 1.38671006696942 0.548739039493372
Thylacoleo_carnifex -4.37883205306689 -21.5554174779229 -18.4982687700134 12.3412108946778 7.84111324265786 16.8522428425359 -3.60038892616067 10.658412154275 -4.76240301634355 5.41738183579782
Thylogale_stigmatica -31.9740664574906 -19.8508253599876 4.8013092088969 12.2819521645224 15.4213591947117 13.1648786171979 -10.8562577107912 2.53189049632763 -1.40811036045355 6.44843361923106
Thyroptera_tricolor 40.352483438283 -33.1821532448374 23.4157246723017 26.3477787569246 21.713283348468 -0.727855243012741 6.11491341145467 32.8175907895491 -12.5226261138339 1.248637585899
Titanoides_primaevus 4.0262090509781 10.3767591540552 -14.7149120807019 -8.4312859004358 0.0859459985776502 -4.75117964033724 3.09275213454172 -21.2865663139274 -14.1108892130649 24.6290573143833
Tomopeas_ravus 5.49688854022195 -48.5984870873504 4.53066808603153 2.10315324063907 -14.8167551566764 -11.6999484588577 17.3756385734418 18.3486919522398 7.19662248400067 6.43342603314191
Tragelaphus_scriptus -34.2486053626138 10.0431055171823 14.5315336881817 30.694414236194 28.3259174500013 0.849783760000066 -7.46600491317608 1.12514741668151 -5.87347271136216 4.86936637004039
Trichechus_senegalensis -4.63159704876636 -12.3115278785647 -14.2847750924914 53.5949769616408 -7.96042906408034 -16.1450458333271 1.63914175430996 -1.0381392375409 8.22168595488892 6.33137254232562
Trichosurus_vulpecula -21.7653412016768 -17.8247333644393 4.22957589161037 11.1047255532311 -0.823425860304632 0.272798822717971 -8.8756738276969 0.0662339392361015 1.43353611977337 3.71396704295863
Trinomys_iheringi -24.2607521108951 -38.6653872560191 9.45652615915584 13.0552741855891 16.0872589089079 -3.89634017700828 1.96728210715228 14.4788819531607 3.10228741606386 8.20868980327109
Trogosus_hillsii -2.08480918719732 -36.9473365147027 -3.59938732342975 1.63002426685912 6.19440250193176 -37.7762331447204 -2.35995549660849 2.2011688288424 -18.3444559809436 9.91685891384484
Tupaia_belangeri -13.4538498586994 -15.1430634992966 9.80102547502526 11.1877403888639 7.36310127445716 8.00630755468132 -3.96905118266582 -2.21284388253218 -0.246218340158981 8.36606119811874
Tylomys_nudicaudus -11.3670193457834 -28.0826475186083 3.99969180853222 16.6333011152073 5.17323290972022 -12.126064462516 -13.1300261149663 2.51746130153044 0.800006802169057 0.0645198656491912
Typotheriopsis_sp -81.2479817536564 9.29941069897139 1.59914989782733 10.3985835693502 12.2709220512819 -3.88737571725405 18.5282782183765 -7.4809172903047 -11.9573663520809 8.22715974070308
Uintatherium_anceps 26.8976611216061 13.9638873788742 -25.7765620661212 -14.7355896523184 1.29153989568978 -12.2953866212071 20.1663528926239 -7.96017508764448 -13.0269367090547 10.9092905066349
Urocitellus_columbianus -27.9018080799172 -12.586259274267 1.48357804908453 28.6323083045089 1.88391983631746 10.1737424610796 -8.69668159495578 -2.23664048886417 2.8823222344175 13.8537050373109
Urocyon_littoralis -4.29459407178604 14.7098935046046 17.9455368829529 26.160475261269 23.3456216465074 23.5141086982151 -17.4522804757228 -2.17328216136504 -3.21557778315793 -2.26212600480764
Uromys_caudimaculatus -8.35102675333189 -12.1752170110795 -5.12345514787316 7.57804699135818 2.87915694065808 2.51420057362613 -0.120582810976615 11.6826889154631 -3.52578052176789 3.22555259050459
Uropsilus_gracilis 41.4114607832798 19.5295048813355 -27.4754602695089 -9.33449405791217 -4.90934823025563 26.4667364412418 11.2609823464442 10.8791135145868 -1.25840003738999 -0.516940892474182
Ursus_arctos 7.36088568079738 0.954282513841544 -13.1496286974019 0.768838795080804 19.1868317858495 -13.5067116562828 -24.7656958460496 -0.528599442964946 -7.78494039619046 5.89079494052481
Ustatochoerus_profectus -5.12070459743525 -42.7574803886746 50.4172884061092 4.00389444450522 33.2953442343129 -4.36232447836496 -29.6911194829014 18.44576149847 -12.5040142870927 21.8264966620884
Vampyrum_spectrum 40.6996961361212 -50.5982955636918 27.7621420154016 5.34277259397441 16.9876568337263 11.3681150971664 14.8696818723784 20.8524893274133 -0.105844630370383 19.5587421280508
Vandeleuria_oleracea 7.70629813049735 -18.5318483799634 4.26390341538118 11.920842181478 11.0182952535384 3.52956943320089 -9.4073674905085 0.396798230566468 3.74191246707279 9.38923397255933
Varecia_variegata -1.91662289931921 -7.04998205081841 15.7826347703695 32.3636113539399 19.84891321334 21.5508511348043 -14.1991163109744 -3.19994381999353 1.97698642981806 2.36194082109442
Vombatus_ursinus 2.38197274553414 -18.0058709640638 -13.9531637735287 12.4555741129753 -10.8657020179736 11.5358176456005 -4.59137625207623 10.2134680031345 -3.663171195739 5.9506366591566
Vulpes_lagopus 1.82648807191631 26.7523205525129 4.76058898789992 30.8021348258113 23.9498700249814 7.12056611645995 -17.6602464382228 -7.05702072730221 -6.91287175192316 -2.37240820341223
Wallabia_bicolor -45.4355315031396 -20.4717688555257 -9.47352576552045 15.5152457648138 19.6681211883536 24.6160605234927 -1.25829143917052 -5.0807954926221 -0.721283146234916 8.83439216299365
Yalkaparidon_coheni 26.3847278841057 -7.47456360359528 -15.6786193733568 -11.5572544842274 -5.83717643840972 16.8287785479533 7.85735266770453 17.2824398101848 0.998891196344954 3.39593333774186
Zaglossus_bartoni 45.8220210652371 50.3450867215241 6.2284101518081 -5.46792859951329 -6.85625263870413 15.2799031379315 -6.3829124827785 -12.4078720942282 -5.8086898345799 -7.95506941213637
Zalophus_californianus 69.501119475801 8.03327602981985 13.0966718065301 22.7596173553058 4.4309340195936 3.89391950452911 -26.9375349870046 -30.7813814633517 -2.37609206682978 4.4608297830371
Zapus_hudsonius 7.5739004525362 -16.6812669007508 -2.65446247539473 3.53877372743021 2.95376788881334 3.15845356105095 -12.0456299843304 12.386905852668 2.49264391233657 8.13858620748418
Zenkerella_insignis -15.4238498473658 -27.4184856257821 3.50424026073326 25.7149256907092 9.29793886585665 -5.05468795798312 -10.6054557263463 3.35322975567343 3.49389521202899 9.56060517122349
Zodiolestes_daimonedlixensis 1.69572670576277 0.625885515598637 16.1112332763416 8.55513277248637 -2.68578377856782 21.0821775635688 -3.19389505230914 -0.783776019169297 2.0652951556998 0.40436865679917
Zygodontomys_brevicauda 20.2426093452449 -7.34643654923546 -0.298062661318632 -0.890898050420889 -1.74804864506493 5.54846056756058 -7.23925425868741 12.8144370938436 4.07740679404309 5.39930486180059
Zygomaturus_trilobus 27.4515765861936 13.5642598024107 -23.1521203629966 14.2936623226093 1.35813741701359 -3.06557321977077 -10.3601797140475 4.57893468316397 -9.13415846017414 1.53278495932492
