Abrocoma_cinerea -0.335135640199187 -9.77711476618297 -19.1614985162844 -2.56861324245414 5.59281779416735 14.0580579753828 -6.03168408442486
Abrothrix_olivacea 9.84619634644027 -15.9681677872445 -7.51427421123869 9.10996856848925 17.2899925804574 23.9909156081171 -6.22169383508672
Acinonyx_jubatus -22.9372977238536 38.3524815437417 -39.4986574923964 -17.7390617323111 -3.81092611644356 -0.267581543714511 4.52137833403526
Acomys_cahirinus 20.1241814231024 5.015151459793 -2.7255487763734 -1.36775572660745 17.0871669433264 18.936679263029 -2.41549699681462
Acrobates_pygmaeus -28.1769449322242 3.61288389564558 3.65131333538186 -6.28092480681685 -2.61410682837178 13.5541593995379 -11.6509020983361
Adapis_parisiensis 28.7565527133215 -2.6902391097473 -23.8662223532289 -1.32684335041056 -2.33672658053372 9.78473733437112 -2.03240285525412
Adinotherium_ovinum 12.3813812616188 18.3844803008685 -24.2199242199259 -6.29113873957339 -1.96289122286399 18.9611571588905 -2.03515567811449
Aenocyon_dirus 35.4152838701516 38.6798847413752 -24.1949850113757 -2.87653613205726 -7.67860265407934 18.8314834186048 -3.56682739120636
Aepeomys_lugens -4.10703189506608 -3.56863388678031 15.9123064494096 -7.17079150257783 5.14222417004558 21.0474856840722 -4.70404655607512
Aethalops_alecto -7.57040124141414 56.9219433185487 13.9989302887175 -5.04024137331175 -3.78253717881813 23.0256340897911 -12.8054403225274
Agriochoerus_sp 18.3689271633684 -30.4950617041425 -12.1242442599475 -9.05732167172937 -7.76013788424331 7.73294116322275 1.62581365497234
Ailuropoda_melanoleuca 17.627534967117 31.2367144089316 -35.0207331765444 -8.91203510068807 -6.51781638638094 -0.419774369920197 3.94393869791183
Ailurus_fulgens -31.0134479899404 34.9920075268914 -31.2456707047629 -6.67402378891454 -10.2899035899713 12.4145981606194 0.932209168295471
Albacetus_salvifactus -54.2010557466327 -8.56979050069435 -32.7764390129337 -0.176269172955877 29.9884688805539 4.98342437517702 -1.92951157719338
Alcelaphus_buselaphus -75.9160914666775 9.29671401225904 -15.4356871561464 -5.93870870439453 -24.5454427934218 -1.85021638409376 0.243635641100325
Alces_alces -12.3334161967431 28.1838062055651 -19.4577566323515 26.2619844888636 -17.5989913429071 8.05956052885956 -5.01812687510706
Alouatta_palliata -23.5787495604294 38.6519350458222 -75.7591984269312 10.3747941649556 1.21666021896411 12.8162677433417 -0.685160683472205
Alticola_argentatus 21.5773901246498 1.65382552236029 -3.35928458177956 -2.70977878062188 4.70690692348359 12.3616788359294 -19.3798328319908
Amblysomus_hottentotus -119.046604130042 46.6921796391427 29.5050650203009 -32.1923957700352 17.2090200447274 -5.70664421658418 9.50169181262713
Amynodon_advenus -58.0774887441917 21.4646951654703 -28.8030736452815 7.1867340165641 -0.186844999008729 6.70018876011503 -14.7787267218894
Anomalurus_beecrofti 7.88556867135177 19.7326254191721 -19.391627212007 -7.38845683201848 -7.59465448004838 16.8736064456985 -6.66924998558193
Anoplotherium_sp 23.5936036851229 -7.5917501716205 -25.4026056323425 -7.83456583699151 0.0868167113662349 4.66236608242624 -2.94732939387791
Anotomys_leander -2.47630780552639 1.74371061720196 -18.7359325113557 4.43648058214802 4.29774707376911 12.7921389500411 -9.14493570526845
Anoura_geoffroyi -25.0951206384104 28.5974426406531 -3.38894404570967 6.89652885979183 0.483037346163207 15.1227509576437 -4.75055999457077
Anourosorex_squamipes -38.9363932234598 21.9528831034079 42.9853566824834 -5.29760926470004 5.68618184901081 21.6912713808234 2.34734734754945
Antechinus_flavipes 24.3595040170152 15.4896482879284 18.6286810483562 -9.2859651299839 5.00323769423221 9.30065268000291 -4.81547668851362
Antilocapra_americana -56.0593103347922 60.5995922040604 -23.5483443130872 22.3371003232966 -3.94875542152255 -10.5150573346224 1.06368558691303
Antrozous_pallidus -19.0548478478966 -0.0368850249014115 -7.53178422522078 18.1126381902888 10.1044024490581 17.3866907747826 -6.18453265005304
Aotus_trivirgatus -24.9652687939112 59.5591173002239 -62.7466669330279 -1.30258180138333 3.90871237263739 8.94126108676668 5.64270198640201
Aplodontia_rufa 30.2314807279452 -8.81920141499333 -15.7187294824858 -0.233076129112861 0.789730265553938 5.85349155733807 -4.45251373332565
Apterodon_macrognathus 1.3107243499534 -27.6974747733271 -2.55903836990024 -10.5896756938258 2.31002475903647 4.91561176478713 -0.677677341446439
Archaeolemur_sp -22.1047913536912 48.1752039567437 -42.3126612944983 5.56079736717635 -13.6051341656322 13.6336530178157 3.15401611080621
Archaeotherium_mortoni -7.49599945558185 12.9470142715325 -27.6730111520622 19.0320787767403 2.93879607536727 15.0288085499428 -11.5361175820243
Arctocyon_primaevus 55.6611939598177 -23.6902365923732 23.2343982200178 -8.28706275204062 3.18869246765262 4.89091434274834 -4.08664416812794
Arctodus_simus -11.3513360581723 48.9447291480451 -14.7977514929443 10.8077567640607 2.4889016918437 2.12140821810081 4.57556642687593
Argyrocetus_joaquinensis -92.6063666843282 -92.9360164825672 -50.8828006853569 -4.98024967711051 11.0080143613657 -8.40281456663458 -4.00856178303162
Artibeus_planirostris -28.6635171763602 35.8780333547027 8.26194351268415 -5.1629286484664 -2.9490929317349 2.41560531443559 2.22593199563285
Arvicola_scherman 13.5235735422134 -23.6563995157779 -7.64723396605816 -1.36711491387995 2.61460231857623 13.775460774171 -10.153116735423
Asellia_tridens 5.28802844046249 37.7650374789498 -26.4558107978148 0.0429271916964586 13.6978336196583 13.320225918993 -9.67426918995065
Ateles_geoffroyi -68.1988698081827 50.339971162058 -72.2142718724088 3.57275793220733 13.993987839689 7.67304943551753 3.96499813019347
Aulophyseter_morricei -157.164733481547 -59.2506976628462 -69.9032894934173 -23.7435729641659 22.424928899334 -2.84975376762163 3.95550170476187
Australopithecus_africanus -114.881359781683 52.7842478851194 -80.9923748539684 -15.204769141927 16.2505588693617 0.449743964635424 10.2244099634201
Babakotia_radofilai 23.7847959407265 39.9105516254176 -46.9717312619618 12.7035438517078 -9.58969370394077 13.3897328836727 -0.85512656925561
Baiomys_taylori 22.0870039913875 12.8289118581687 5.5603681078308 -5.13926083261205 12.9012098999547 16.5122020644006 -9.29307840403367
Balbaroo_nalima 36.4167008202793 25.2799751276448 5.06045193843801 -2.60903737219236 -10.1209000399333 13.9558134596747 -5.13832931100453
Barinya_wangala 68.7124099458844 10.3287549628925 15.2385557132838 -13.2432313222428 4.75719834514134 2.09461705722901 -3.79828876194626
Barylambda_schmidti -49.3678101861712 -47.0740508625275 -5.0071375301898 -16.6327216760488 11.5661037745604 2.3211432266562 -0.0498674529859218
Bathyergus_suillus 0.264694639809879 -5.28698268754167 0.0713238267905057 5.72791299340075 10.3012866875333 18.0339004576528 -4.64119608593491
Batomys_salomonseni 23.4693813693231 32.1016492836462 3.23555351808306 -0.376592429698491 13.3358201751876 24.0493028370491 -9.16038615524972
Beamys_hindei 49.9143490837892 21.0038491649761 -2.64308060147239 -13.0893686017723 8.01877284499654 19.423823759484 -2.82209514314006
Berylmys_bowersi 29.9440857644908 4.30027973630173 0.0982690184746852 -12.0326930074625 6.22477324959849 18.860162710719 -9.5486470536543
Bettongia_penicillata -22.4986739977419 33.0613597540257 -5.11182162305275 -15.0554571670622 -23.6736767432238 4.31114636006088 -0.90709072092452
Bison_bison -22.52299427914 32.414506108696 -22.5274010658113 21.3338976668523 -4.53588297242756 8.04753993237783 4.35826245800299
Blarina_brevicauda -22.8223381693985 19.285657947391 38.4365237993889 -4.3913073330378 6.12645245054715 9.08753867604943 -1.55971069822466
Blarinella_quadraticauda 10.3784248621407 24.7344923790414 40.0906707800304 8.12963716176223 9.79028832111596 22.5728167969482 -1.92787712391304
Borhyaena_tuberata 42.1142655978317 -16.863423311894 2.46343957704602 6.19007050451619 -7.36908674503339 -0.725768616322307 -11.4052533623479
Bradypus_tridactylus -37.377774540418 14.0088091614972 -12.6237462353032 19.031334614984 -7.74066154442876 7.58476112657448 3.77406192399331
Caenolestes_fuliginosus -22.6737027986397 4.82594824019449 34.5348626966428 -10.1548382527573 4.30844630393638 11.034685164311 -5.01135188270399
Caenomeryx_filholi 27.0173762126088 34.1038064978749 -17.2197688358387 5.04288272373285 -11.1291358099384 3.65965768289353 -4.3094833981958
Callosciurus_notatus 9.17055522918084 40.0571356656901 -5.08600939206042 0.188679422822383 -9.24936108289295 6.45956121084432 -11.7443345471805
Calomys_laucha 8.88401874994396 -8.41545640816249 0.741569505500199 -18.273208883799 8.9631932365379 22.8575467968909 -7.12870498442684
Calomyscus_bailwardi 25.2214746500375 10.7915457313689 -7.44886214826211 -6.99688542914753 0.510304748382965 19.4519190791523 -10.3183374189451
Caluromys_philander 55.6295291537889 23.9819426794612 3.29104232301226 -16.7032969248991 -15.1219907801677 7.01774454273498 -1.79568328715837
Caperea_marginata -4.1476820242272 -56.8213224473154 -26.8195309380191 -11.6556186120779 4.61445870751344 0.122978548516301 3.29899256180811
Capreolus_capreolus -31.0619313393612 39.0295086751657 -23.4257737096376 10.2336331340865 -28.328025667347 -6.03202006214717 4.69941750795838
Capromys_pilorides 5.56292345397682 -19.6103070918005 -31.2612980843611 -4.63588213877371 3.92161116314115 12.95508642886 -2.24703826473694
Carpocyon_webbi 57.3156131121435 64.221353479365 -19.0830333220112 -19.1591885399011 4.78968399325742 16.1151056045737 0.568173993097739
Castor_canadensis 38.0042938350554 -11.2809016026944 -20.0347717123573 7.37356457669671 -6.43395595668864 15.5038026624059 -4.42364668752389
Catonyx_tarijensis -49.8354485043118 9.94324554515185 -23.5255895453923 14.7736743750719 -3.41161659373286 7.05475255980845 -17.0638494200444
Cavia_porcellus 41.5879016236048 31.8438460029826 -35.3009296409246 2.50683941305731 -11.5371549285444 12.198300289498 -8.65011624762714
Cebochoerus_lacustris 41.9130169598807 -7.87697824203422 -7.75361028615807 -6.02385742742272 -2.50756877067767 12.8801552510671 -4.69195549141181
Cedromus_wilsoni 27.4490359881555 9.86028667460162 -19.8963817963272 -5.37027381332908 1.33345697932148 9.45067108889013 -2.86574820258357
Cephalophus_leucogaster -10.509924277509 11.1313352436222 -27.9156834161861 10.0297930311872 -26.2813121383388 7.64530726571537 -6.86347349733533
Ceratotherium_simum -3.39763740087667 -17.8913848429934 -40.457220614955 27.8394802154257 -6.90530232558338 15.9236419296164 8.20020500625169
Cercartetus_concinnus -6.21804982220257 0.785597466122878 -3.53506710132395 -3.95644418182257 -5.89378029464812 12.1447143982749 -11.1902965598172
Cercopithecus_ascanius -39.2470936607585 23.8366433276084 -78.5019921082333 -0.641772603557893 -4.20262680666765 4.70150143872151 1.9277443810129
Cerdocyon_thous -6.07951363386831 54.4533896069229 -19.7122284075904 -13.1032446079609 -13.9460819751963 16.4943643009713 -8.79543501495713
Chadronia_margaretae 44.3205324953444 5.49826521343116 -11.5390790144085 14.6178074756051 0.934439360998537 10.7589847556247 -9.27952416697573
Chaeropus_ecaudatus 21.882428428162 45.841498563059 16.5026566737296 -5.61496112936124 -13.0549713680962 8.37037926705474 -4.05917336824076
Chaetodipus_penicillatus 10.2808531093994 34.4683743621135 9.63812539002995 -0.31926027356684 12.0030115358093 26.9630174107646 -20.0929327919668
Cheirogaleus_medius 18.6069423626687 28.945353238465 -19.7131226497248 -1.18687913321469 -11.453782495958 12.4192149029423 -0.00207254561995276
Chibchanomys_trichotis -10.1847411632474 -25.5742185951436 -9.6817333051978 -1.0261913914322 -1.51193610181443 11.1340025942683 -7.07594113777453
Chinchilla_lanigera 5.11091573714677 40.6197997526144 -29.3163863968739 0.359655236521027 1.8017283607289 11.4007815794171 -2.68558267240656
Chlamyphorus_truncatus -125.510998798619 39.588064188452 44.3674714556665 -8.42725855278511 15.2896572092542 13.1863508298859 1.04684736597359
Chlorocebus_aethiops -33.6829642537255 57.1505769895851 -75.382008170301 0.232716772873332 -1.98004557958275 3.83306094845232 5.50331085714425
Choloepus_hoffmanni -20.559172986594 36.2996149928688 -4.84964082695465 29.2579434478396 -4.25342846460407 21.580069180696 -2.75987916840572
Chrysochloris_asiatica -121.150743697844 42.9307109499522 30.4063681134876 -22.6150920770456 13.5140456704349 -3.3201016994132 -0.169323356493654
Civettictis_civetta 39.2825058728542 40.6446130372932 -9.69790692589265 0.362370771440768 -5.55745996421472 10.2555701848713 -7.33900546018754
Clethrionomys_glareolus 21.4708222649928 1.10070456488324 1.29804594581719 -3.47991598736339 4.93966619920639 14.7697625174229 -15.3880345464603
Colobus_angolensis -35.3487782366018 35.2701548059299 -76.4187677423987 4.90481896432507 2.32318740739756 5.2983940396514 2.69761179381749
Condylura_cristata -16.9998376066699 57.0583624719797 8.94899031731721 6.6070585953956 -0.418310183692576 1.79523118616365 -3.64167835195074
Cormohipparion_occidentale -16.5794997350521 61.7000619917169 -13.769415322052 24.2803655854452 -9.92008665784389 18.3522173813794 3.81825295075253
Craseonycteris_thonglongyai -55.5220256156499 5.45058886314561 -26.1081587180425 -13.3610288286689 20.2691263635331 23.4860473056102 12.0665012105111
Cricetomys_gambianus 38.2327314818487 -0.687092328803039 3.50423617541508 -7.35674613617606 7.24658438221875 13.3597465279265 -7.10258688488954
Cricetus_cricetus 49.433181038331 -28.859872263371 -3.89128353089428 -7.37477433642559 1.85847265035711 10.6498084913761 -9.26727450889883
Crocuta_crocuta -6.1527824994051 33.8347971208576 -23.1839078880845 -4.31445979457392 -12.4605365402762 11.9957559820773 -7.6593852364623
Cryptoprocta_ferox 30.9245503177055 21.6410301094002 -26.5966019933078 0.346108912498629 -3.8086084745654 18.241710907295 -7.18453064196991
Ctenodactylus_sp 27.7704561388938 25.2849450590092 -19.8049623452103 10.2159213532893 7.59248214028986 1.46647148031144 -9.86631202272304
Ctenomys_conoveri 42.8133552505836 -25.9814045593125 -23.8504291966991 -8.68071675417958 10.2547330974757 14.779804862647 -1.81007457457048
Cuniculus_taczanowskii 4.81982399201486 -26.3435571581421 -9.23945535126003 0.138823708280911 -11.0976504034115 9.04989472898344 -12.314231319249
Cyclopes_didactylus 13.2258388076289 -0.768597921575713 -2.17204757677214 1.27840114636027 -9.4797629170688 7.6891033991952 -3.74329236131582
Cynocephalus_volans -55.8917390423637 17.7414747290727 -15.732659030753 -15.3889814786071 -8.65289252738597 10.7521061385318 6.52024232869375
Cynodictis_cayluxi 37.1846198700445 8.65833641907217 -14.6837668989794 -0.906971666239366 4.16392439235754 13.2405498318678 -8.46316355685187
Cynohyaenodon_cayluxi 51.2279597225769 -5.7268754339553 2.21331980976543 -12.2489768173251 5.98202549700755 8.99550277023235 -5.08844802934129
Dactylomys_boliviensis 18.4298483344793 -23.4743395706084 -23.8015081497558 -7.72703174886053 -1.7808775424999 15.3099828748333 -2.89337594985027
Dactylopsila_trivirgata 35.7139667825564 38.6826039297579 -11.8057641857114 -3.95959329064782 -15.8306497576336 8.56683974600033 -1.68580720727574
Dasyprocta_leporina 35.629794570773 25.887767141909 -12.279731281823 -4.85931710833371 -12.3921330610608 7.5804817213363 -6.47169224514391
Dasypus_novemcinctus -26.3523709220966 51.8446897348566 28.9211804636468 -8.58687524977348 -3.11906379456784 1.31120170070072 -1.33083096821649
Dasyurus_hallucatus 56.1812443048327 17.6703238825282 11.8871058464475 -12.6320801815068 -7.64597542581365 12.7102607479853 -4.04827102618879
Daubentonia_madagascariensis -76.6491371505699 33.3791221226335 -34.4439859232226 1.2832761029605 -10.9279611030025 -4.36453397214332 10.6242158851072
Delphinus_delphis -136.129214653888 -8.22570679069631 -77.9855116233085 -14.313966299231 25.8396733123295 -1.29753343456368 5.68115747165578
Dendrolagus_lumholtzi 17.0807619536587 9.53023113987082 -23.1257558874851 1.74343709809477 -29.4266242476456 3.52959179448215 -11.0472627018463
Dendromus_mesomelas 5.29981128220776 18.2791988226446 -2.32198619571922 -17.5614269512105 10.5322766047596 21.3145532140441 -15.5573087879003
Desmathyus_sp -38.2081507972087 83.7962291311878 -1.94499617244237 0.425725762576674 -10.6707332283487 -5.95265115924646 -1.74065554383366
Desmodus_rotundus -26.869120450906 45.3330695660361 -10.9166595563827 2.88766976946182 0.259914209839023 -3.99216417298332 6.84503120933159
Dichobune_leporina 22.976855382809 40.4820894439043 0.562892049851173 -10.3909173870097 -3.92968510369029 -4.76148739512624 1.65248146450635
Dicrostonyx_richardsoni 0.329850901151927 5.2205755528344 -0.0832248541440731 -17.9886749936591 -2.81282757628015 22.3937112354128 -11.7722769272128
Didelphis_virginiana 89.3202452294633 22.7128238064316 16.8402096231577 -9.46313812786094 -2.76719411648288 5.90217051405993 -2.49733090236836
Dinomys_branickii 1.39651034045875 7.65888867603276 -31.1951009354504 12.2737757835783 -7.32232811066941 9.48995097233475 -0.182561815614739
Diprotodon_optatum -70.6587759011638 -13.9815429522616 -21.4754887057684 -1.6228063642615 11.4867182828349 6.70527518602838 -2.46546786245386
Distoechurus_pennatus -0.833778320372838 39.3500950731241 -1.04874306689677 -8.25556952883604 -4.19223661561687 12.745269776716 -4.15263463738598
Dromiciops_gliroides -0.273692033524221 19.9219712989088 -4.41728720417466 -16.3065256723125 -5.30389878369575 12.572510609626 -0.409047501328819
Dugong_dugon -92.2530043398787 -9.03433509697748 -30.1988717228246 14.1612970023332 12.0034928403793 14.2548857063736 5.87904500391148
Dymecodon_pilirostris -46.5430346492058 65.7345595165653 24.0616353384269 -4.73306092741139 -0.350045279955152 2.30872993828828 -1.98974639277635
Echimys_chrysurus -2.82597465103204 20.7832357588479 -6.36745530670146 5.27874979614526 -6.90752968711022 12.729990439869 -13.2122681711207
Echinops_telfairi -2.3260951161346 -24.4107347238259 54.5638127934404 -20.1409872550804 18.3865403157019 19.764585705577 -4.33061857386453
Echymipera_kalubu 5.33259786077675 52.9088049918423 44.8347850933669 -19.717662286012 -3.15154959641563 10.1670640359684 -2.60463983994476
Ekaltadeta_ima 27.0527508572037 5.64353408196453 17.3990139878955 -19.6230471455522 -12.0105188447021 9.22220424270671 -3.41716839319821
Elephas_maximus -99.4734119695786 36.5004238180628 -10.0592807244891 -8.04381802443178 -10.9595467528008 -0.661420247004753 16.7151695852405
Eliurus_webbi 12.4794751730647 -12.8108889040289 2.2802161437998 -16.0788071728831 2.9983177047181 19.2898255095518 -6.3799632815542
Ellobius_sp -4.50872049528284 -36.0309909942509 3.01086405442027 -1.40684732967334 4.44246253249576 9.39206586721502 -8.66026150526741
Enaliarctos_sp -33.864167737247 13.1562147022649 -39.6458029727198 2.48912679413021 3.02111854537421 29.9828313602634 -17.8313853835089
Enhydra_lutris -15.7646149194724 -6.65467692462458 -32.027718270826 10.2233529037691 -7.1705191678342 5.50738948353938 -6.20088419268603
Eonycteris_robusta 5.93449478728057 50.4685509094879 -2.78503911050322 -10.1904486216979 -13.6938324967055 12.012443435453 -4.6229125800043
Eptesicus_andinus -54.6859083744422 -30.3437827577047 -1.8659884267365 17.6773166697233 7.94885221801626 4.95895187806586 -6.87473305002475
Equus_quagga -47.5312992740691 38.1601124965024 -18.3343446683349 14.9472495954167 -8.89339344683471 16.294641379569 8.53699179361885
Erethizon_dorsatum -56.434162281144 -25.8604477662156 -14.464376653211 15.1795839096246 1.81775508629231 29.0990373369887 8.61196697751671
Erinaceus_europaeus -11.4274035202595 12.8164145954179 47.3649709907718 -16.8759914378371 -4.46266763720025 20.3162357317156 -7.28845786012601
Erophylla_bombifrons -37.1118920653917 50.6589210323897 -0.439552378266114 -0.740385168659501 3.76695450710799 19.4997471164882 -7.3374797733225
Erythrocebus_patas -36.2717592332924 58.8423362457592 -77.7300422038272 3.48386737981438 2.30203219644365 -0.390236948085661 2.84410884358962
Eulemur_macaco -31.3170033882769 48.2371166554876 -36.3785189718988 6.91605974924984 -13.0618710531068 -2.35635593997744 2.0760917643657
Euphractus_sexcinctus 1.21402081487178 20.7459829889246 33.008359050514 -12.4907022170839 -11.6426834804202 1.17658226478725 8.66562937042932
Euryoryzomys_macconnelli 58.4229543518936 6.98216929536582 -10.6023584913554 -13.6488958278837 9.46503761039604 21.0898067153957 -6.85070950313849
Eusmilus_bidentatus -20.9626416848362 27.2966501036579 -2.0498922460154 5.07253609941748 3.93355346219894 9.89389474125967 -10.1710283812989
Eutypomys_thompsoni 59.8180709987163 -35.7520977064256 3.38834133694864 -11.2506388817044 2.02694222970956 15.2902004675914 -2.42088709448963
Felis_lybica -18.9097166128047 52.7311684983632 -32.7725133741388 -23.7841293303413 -6.05741537652817 19.6339896050549 3.12416614249042
Funambulus_pennantii 28.5765199070354 30.0619124542826 -16.3482087305287 -1.82130436162515 -5.34028276517732 6.52505585999305 -3.76389847995759
Furipterus_horrens -92.3786753275802 -6.73131567312288 -11.8987673269611 -3.67007974483184 7.90715145474985 7.47963134881291 -6.74773358248917
Galadi_speciosus 8.62954220882357 -30.2748771682365 39.3695953656661 -33.3981538738309 -6.45188384919156 8.48232414160165 2.40479277107802
Galago_senegalensis -19.7597729189615 49.3832290191636 -50.2574299631427 -13.5461555255918 -21.2988821807336 13.8189588234051 -3.10544976070098
Galemys_pyrenaicus -40.340535109571 55.1348221277827 -10.9247244158521 0.751910149472152 -5.00326254052464 5.81129355317851 -3.43689362562744
Galidictis_fasciata 14.09431383042 49.347567084635 -4.73408635968963 -8.95474995588328 -11.706215439335 17.0543284287374 -11.8522304928831
Genetta_genetta 33.6366852786358 32.9424767685971 -27.3591719236861 -8.32070095907509 -11.1559629062193 20.1716150120093 -4.22524852486432
Geocapromys_ingrahami 3.40289300951667 -17.8559395427957 -5.36828808918479 3.79254633069773 2.96158979966486 15.8112625515435 -1.4200308103958
Geomys_pinetis 42.5622100292664 -17.946356434692 -7.06957720033294 5.43762043665202 9.84901047082569 13.2547927915678 -10.0097829055992
Gerbilliscus_afra 27.3440914099218 15.5583707218138 -15.3982063591792 -1.99341379074735 3.62217745680922 27.1587166958177 -4.34149465496848
Gerbillus_gerbillus 12.2558778708669 23.2814329109544 -5.34591710885471 -5.65850767888443 0.236455784048081 13.061984681155 -12.8969944550206
Giraffa_camelopardalis -65.9253808166718 6.8973937138318 -31.2247729115999 24.6849291640585 -9.8558758109398 13.4240249359198 6.16630381857064
Glis_glis 9.40028270062112 -9.56420843497833 -14.5440751607574 -10.0376059142898 0.60933076321425 21.0894904476657 -4.37552931616407
Glossophaga_soricina -24.4895340499591 37.4231317223792 -2.5547881566069 1.64770734732749 4.08673249961637 6.15799486600477 -5.6047654184131
Glossotherium_robustum -88.9903088328414 27.3025066262767 -6.06055252309904 11.3082598703011 -8.22917490071591 20.3144436235337 5.05082201439879
Glyphonycteris_sylvestris -49.7505999377171 23.7550368878514 13.6993373270983 -13.1325187879171 -32.4410567631942 10.2980781215421 5.58089327251368
Glyptodon_sp -69.5296031059891 5.77187511224056 -7.28128213622737 5.63597752488392 -1.33605753079955 13.9621889099451 -0.336365577129896
Gorilla_gorilla -82.9633780270839 68.1730394313442 -74.3628055392627 -10.3550412374055 14.9550692499573 3.69364265083709 9.95432729528112
Graphiurus_nagtglasii 2.19265559211039 23.345748367731 -4.03257726104028 -9.07140445699794 2.65748607001092 19.5956415459038 -4.8234472616297
Gustafsonia_sp 7.35520114142011 -9.61812311886015 -18.6345824143522 -13.5651674090448 -9.49872274635741 13.0879525587058 -2.4912853204886
Halitherium_schinzi -63.9148586237759 8.18205881216603 -41.2525419974869 -4.58272010144318 -17.2216499075662 25.0827540282496 -1.34859908469732
Hapalemur_griseus -6.60602337300037 48.6297330488153 -40.8228615262526 2.43023121699925 -17.8853309674461 7.79530861515499 -1.3187073350021
Hapalops_sp -51.6343934909707 40.5515396155499 -10.6741219339472 24.4809012768162 -0.0181488946214883 -11.1930548400332 -0.251749063728542
Heptodon_sp 5.27876118148888 -41.3088724579989 -16.7819281991091 -1.18588932624927 -12.7109372906866 18.3163145674248 -13.5282052673244
Herpestes_javanicus 48.4344292459281 18.2464249090256 -26.1990876411185 -2.36044353631682 -18.5888571987711 17.3722776399096 -7.52751475503096
Hesperocyon_gregarius -27.5323414334252 30.6800360272365 3.80251098868111 -1.68141695324986 16.1690337199738 17.8504342433159 -9.53663872134262
Heterocephalus_glaber 15.8399007559021 -60.9999016554966 -2.59562587575906 -11.4952524551447 10.0224207106214 14.0969385972326 0.131016245925554
Heteromys_desmarestianus -1.7819308543993 2.8501923173155 8.0209755298942 -10.0649301402909 9.13735400724008 19.89614518436 -11.9324642995725
Hippopotamus_amphibius -46.0163839851403 25.8694828587261 -21.7852945244998 20.7468827164464 1.19708197806809 16.5982715598503 -6.71958452715212
Hipposideros_turpis -8.89483062236156 29.8993363137306 -36.1970183612058 3.0752951746087 3.86551226631133 10.8179714882479 1.41241497717313
Homalodotherium_cunninghami -32.8531560867427 11.5381480760953 -13.8756367166737 17.8547322547897 -6.41635501872858 8.36120023153402 3.18316523852529
Homo_sapiens -150.071805411886 31.002637085372 -77.3294298873424 -22.6173498224935 24.4524974080107 -9.76102905945385 9.77567656000753
Homotherium_serum 9.45104752410847 24.3385371531379 -34.124546188436 -5.15020595239462 -5.28054103068673 10.8915671061003 -0.859231769217241
Hoplomys_gymnurus -8.06701183008672 15.1898756570932 -2.27930899963349 -6.49472364530482 8.59061371886007 24.6700836564637 -11.5851843870598
Hsunycteris_thomasi -54.383347280621 32.1303272982818 -6.68845100979703 0.92253387874553 -21.0194678767331 20.4585261310164 4.70120347703614
Hydrochoerus_hydrochaeris -3.58077344663926 4.29438009792385 -33.2220759780707 7.08230646984403 -15.289406582711 18.4003950434576 -4.44859314708103
Hydromys_chrysogaster 7.14563650234862 -26.1994256901245 -16.5387387364846 -10.3379792784155 -2.72914666421218 21.1176691923849 -2.20201493247082
Hylobates_lar -65.2876358318655 33.5306788735887 -76.8845610738497 -1.65899691827447 7.24700388492193 5.39037221816022 0.818165411931251
Hylopetes_spadiceus 37.6316923908637 47.5436545155095 -19.6722968299676 -1.20495361628197 -5.50157416488172 14.3140068752768 -5.51113841767881
Hypsiprymnodon_moschatus -4.48088025452596 41.073569437391 4.67395710363635 -11.0969321256539 -15.6196457568246 8.93803186641328 -5.41040816027793
Hyrachyus_modestus -30.7212225802473 1.19468909200847 -14.9434659458804 2.76483854611508 -9.03610440129517 9.92534855661691 4.83314021296743
Hyracotherium_sp 24.9033585631707 19.1016959208875 21.7078797693697 -14.7959601756714 0.236821424975892 0.396803457247197 3.70889534418363
Hystrix_indica -50.6250363394073 -7.8817837745625 9.48722936468879 3.9174083362552 -16.3653722377027 16.0681565611546 3.25473190395411
Ignacius_graybullianus 19.3821978227155 -38.02159853619 -13.5845729574583 -0.328175350121794 -1.44326487957094 -3.84438691578837 3.45834289891284
Inia_geoffrensis -105.668395471122 0.244558192548927 -48.3968739165903 -5.19717198772072 19.8288672695046 15.3415517648266 2.60445144420808
Ischyromys_typus 43.4105912340175 -16.1249020786948 -21.2596252826263 -15.3362312352387 4.58966566338349 4.51773481249441 3.69663348132697
Isoodon_macrourus 18.6097973447204 20.8034753424089 32.6442889206168 -24.9515339222512 -3.67474894529302 8.9337421699576 -1.20918735815075
Isothrix_bistriata 13.4990883327059 -8.35723930212863 -14.1976798213603 -11.4311898734118 -1.41610105913871 14.3323037623175 -12.1178411411562
Jaculus_jaculus -21.0641450828015 29.9009802872466 -27.5920106188573 15.1382664317353 17.5927369569938 20.6389075042277 -15.7920542805998
Kerivoula_pellucida -84.0295940670953 25.9741864836734 -18.6235619963658 7.04224969812455 15.4509840198507 14.9859036582351 0.888285846422505
Khirtharia_inflata 96.8784967397228 -19.3648182072719 -23.8427868945354 -28.0630997329327 12.8276238795582 -10.1801056847151 2.70620723905343
Kogia_breviceps -86.7654626446403 -3.56388610635904 -78.6830158094754 -4.0589845017378 15.1722813927537 1.99072578161115 1.42589109508376
Kryptobaatar_dashzevegi 14.6020128036068 -2.4604921808127 5.105628095875 3.05288976440195 21.9078557320999 -5.69160792986386 2.64496801547165
Lagostomus_maximus -28.0633938552791 29.5446936272041 -54.7912417750249 -2.01844974623578 11.7048330504415 6.22136035712875 -2.4833301791018
Lama_glama -50.352196093744 35.9269284141512 -24.5148934972427 11.5347573989746 -18.6470647866655 10.586522859803 2.17368476541464
Laonastes_aenigmamus 11.7215320500452 -9.03602731684385 -6.5592194028447 -6.59802902827082 8.46470849207016 8.24888985844832 -6.58047370579863
Lasiorhinus_latifrons 18.8128374600804 41.544280480223 -12.2270654446952 -7.37300403599456 -5.70708334631209 8.66187097253415 -2.1198377701471
Lasiurus_intermedius -73.5089515712196 -44.2599277414953 -3.58611737889509 16.3168581429032 8.78114982588563 7.70547477028247 8.05002589376743
Lemmus_lemmus 18.319980691985 -24.1158769620892 -14.2313405573632 1.71306489275488 10.0249724346208 12.2802675741505 -10.9889182152394
Lemur_catta -37.2884992238159 39.5344855867565 -40.9744813550854 0.743684082276671 -16.1108725648664 -0.030192527819341 -1.27440093459158
Leontinia_gaudryi -40.3777722487407 18.2435591130487 -20.7623845926222 26.3651726116792 4.35958635708839 4.44088025218093 -1.02500660752834
Lepilemur_mustelinus -12.4072317655598 24.4025163407714 -34.8234593215074 -0.245712823211522 -22.6747922980159 4.68911761043175 -1.72366508103296
Leporillus_conditor 41.6156225829925 12.5161476206401 -13.6735488733855 -7.21646279685657 5.55844673038508 20.2192851725037 -6.05187164300512
Leptailurus_serval -21.303481246745 48.8643323931024 -24.6417037090599 -15.146647463269 -4.05009266647863 14.1937270026992 -5.46428851223633
Leptauchenia_sp 40.1877034143965 -7.04873124527084 -9.1044925987585 3.88084266665621 4.4986819025977 1.48659909880937 -5.76284537897195
Leptictis_sp 34.2625804020374 -11.9381857668005 5.32588688500351 4.4049169830955 1.88161837894263 18.8832020862922 -0.162020159754473
Leptocyon_sp 35.711703156493 10.4323401331882 -18.8026759591749 2.31158696073274 -8.11145293775954 9.08036746130187 -7.9258249729937
Lepus_europaeus 8.63619583950421 38.7096694597389 -26.7632528314462 9.03644677995708 -11.2558175589838 2.4443637758368 -0.462013312046525
Lonchophylla_robusta -43.1362833229998 5.52361702450464 2.0232544251417 2.78629058772635 -20.9732291178964 11.1129302501159 1.85049344698663
Lonchorhina_aurita -55.6288262905507 15.3352996279234 -13.9539885944789 2.91392444952118 15.7646169180852 13.7527579618594 3.04123605329094
Lophocebus_albigena -44.3856432606671 30.9871921951988 -80.9646197727335 -0.405177642390732 1.91335060620459 -1.76236146528667 1.59697915271268
Lophostoma_brasiliense -53.0221569996553 12.1305362418953 -17.1977810122772 -9.7811552193873 9.45462560407866 13.0136469339742 10.1227500303112
Lophuromys_sikapusi 13.9813075141269 16.2636717372194 15.6075123529199 -5.11700143435828 3.31542432294641 16.8979752020416 -9.57999095776901
Loris_tardigradus -47.9043898889846 92.9188308253869 -43.729000912162 -24.487860848972 -8.89315961296299 3.47303880328847 6.64479168084234
Loxodonta_africana -98.9362782423861 -13.8939184596552 1.40750841905297 3.7469587450098 -15.1167042412422 -1.51043863317372 15.8095604543031
Lycaon_pictus -3.8325407978683 67.2027693120847 -32.036891731083 -3.82681073036015 -9.726030595925 7.54878153163225 -2.99570319709468
Lynx_rufus -4.45005706040058 49.3801236106037 -33.9995410745346 -12.6684443831161 -5.48290200862475 18.2710490392772 -1.22823992582159
Macaca_fascicularis -35.4360673780108 45.1662226186808 -76.205001016419 1.42102707805714 -1.36998151863195 3.71965758144427 1.37399998738487
Macrophyllum_macrophyllum -55.8735543413561 0.834943717805957 -20.1873956038202 -3.87987546134667 0.430299525649746 7.93463851769287 2.27207637424188
Macropus_giganteus 20.9132683208088 8.75044977187709 -15.3680275301906 2.12618405765476 -26.06162707001 6.74416759427415 -3.67646778376223
Macrotarsomys_bastardi 34.963562992959 -8.22888194998747 -3.12486634059406 -9.50179445906908 7.73678980246699 21.3133072432124 -3.09835181506775
Macrotis_lagotis 42.9581630953145 21.016496586538 20.2311430502377 -9.03529691932197 -2.64662133514453 3.5948714033972 1.33504543828769
Macrotus_waterhousii -55.2791794658032 -8.68777174270094 -9.16384608663881 -9.38954424930153 -5.74651478384131 8.22556552670581 6.54438634239189
Mandrillus_sphinx -44.2329767389434 26.2969401782378 -80.2323126942843 4.42106173273155 4.90078902131753 4.12059919337694 -0.302345082554327
Manis_javanica -52.4995802027731 -45.5962164560102 36.435389944325 2.66508998723458 -0.872901642591717 12.9675795163393 -5.35556481337812
Marmota_caudata 22.6037998207622 23.3299248860655 -24.9530894838873 -5.3574444355216 -14.4155146622083 7.51958060424852 -3.74059093529376
Megacerops_coloradensis -57.6565071010792 38.8285789745404 -5.6666914817095 16.3545084039317 10.7716274248596 13.6753593753836 -3.37644415288124
Megaderma_spasma -39.2896701265954 -5.08316561724999 -23.5187989318258 -7.40133685202324 -4.68446290988361 10.4261727156488 -10.3981326909302
Megaladapis_madagascariensis 72.2707777241154 36.5146726045623 -41.4468966497374 1.63213068792536 21.5526340366968 24.0882929359898 5.72625830229629
Megalagus_turgidus 39.5918283562929 28.5038682447129 -11.9131413226909 -4.55325207994653 6.77422361225238 1.11326781784325 4.09010311929425
Megalonyx_jeffersonii -72.7835116639261 46.3282036438963 -8.64340034907126 24.1682511913364 10.0041747080215 8.76390709493059 11.4249673531332
Megatherium_americanum -64.2215136483371 32.7661526396791 -9.42036089303626 12.584166798856 -3.86082248382459 7.38561917263428 3.28182413228892
Mellivora_capensis 5.10874799496042 23.1811437423704 -23.0930245142875 14.9015305672464 -8.30119186711537 9.05204300274845 -12.7224955730144
Mephitis_mephitis 55.8260862823654 61.8400783038751 8.53229860082483 -1.78027316352377 7.24249469794234 34.3330134466749 -15.8162968134938
Meriones_libycus 32.0701059781549 18.1541468232572 -13.0086484913828 -0.68301393020592 -0.180805713511449 19.3854864599859 -13.6698432068971
Merychippus_severus -18.3083628464601 48.6981008608086 -18.886929729443 21.4941991412789 7.70944552777491 18.7759354171418 6.39856874840199
Merycochoerus_proprius -7.25486613826206 12.1824148695341 -19.4471542904704 1.21179929365993 -1.14634485968911 7.29665052497495 1.51020842847223
Mesatirhinus_junius -55.3352629187462 -38.1657134693042 3.3186310507006 6.14234683826125 -3.52491293352207 0.868058031668454 -0.407469137173414
Mesogaulus_paniensis 7.01120178573254 -12.7467075641333 -6.8978807252376 -3.39367856911482 0.898307034716454 6.0596385245756 -2.83072030545433
Mesohippus_bairdi -9.59502715535117 31.1451822201316 -26.0136310222424 1.08488064808773 -11.3422559045538 18.2594714586551 2.49483942267356
Microcebus_murinus 9.77012767974833 49.0944026104926 -22.8841071796074 -15.0852504215291 -8.37319496114043 12.6087588839888 1.97153385528893
Microchoerus_erinaceus 18.2441816582435 30.8904162734831 -37.6313604555136 -11.3830807041565 -4.31229197711994 11.1013095496077 3.82230931047283
Microgale_drouhardi -18.7905859056029 12.5996224851354 39.6671400457446 -4.88677977932033 14.8132330248866 10.8519626407764 0.86872336395499
Micromys_minutus 5.61827076189709 25.8336159440081 -3.05533600415116 -3.04801729264689 4.7718164279985 17.4181800142205 -6.0067536529066
Micronycteris_hirsuta -27.892052980645 34.464071616728 4.63743942749887 -8.43983289842186 -6.97433882972315 4.30490454350808 10.0661122261257
Micropteropus_pusillus -5.71670912175221 2.12690339833674 -1.24422227620853 -18.5565370411804 -5.26274518939628 20.5284958769151 -9.59175205361669
Microsyops_annectens 19.7927145113497 -15.6320291292784 2.89080057624178 12.0146393818354 0.51607181196175 0.235111553044463 -2.64091292516675
Microtus_yuldaschi 28.5099746693287 -26.4096813768029 -12.5232881972259 1.61231382364185 7.95548798175378 1.2896515751678 -11.4023068426365
Miniopterus_schreibersii -53.6799996971628 -1.00113537184653 -8.5652537757303 7.40925730143929 9.16025103732167 8.41314236160247 5.73404778212637
Mirza_coquereli 4.3556462754614 55.9696906899128 -23.7077854219106 -2.74216254397473 -4.3166179630423 7.02880091087731 0.00159351834538078
Mixtotherium_sp -33.8136097558439 -13.8831173490154 2.23726499476206 19.609470892474 -2.44142675062856 -0.404384298749975 -3.3691910214955
Molossus_molossus -62.3334198854445 -24.3111510981152 -6.11859359265586 6.16081654615267 -3.19593822097194 19.5117363572591 4.35964930235235
Monodelphis_domestica 55.3823686004806 -31.363161368665 8.79441266964491 -16.7168899405349 -0.866046195518779 14.5074232839087 3.81725299207233
Monodon_monoceros -136.848532582023 -8.41422110667247 -73.2214580627181 -12.26418842023 26.0135456585132 -0.258531631123477 11.0454906755455
Mops_thersites -37.6083968725967 -6.33724312378861 -1.63556825550747 8.58530593854745 12.0825689050291 10.5183868632502 -3.67948576704141
Mormoops_megalophylla -122.477263209619 -5.10887066321583 21.3269245699371 -1.81270881226627 25.396272683856 40.0853471945308 -11.4820844049227
Mouillacitherium_elegans 25.3416259461617 11.9722287234261 5.31509601752111 -17.8627022842513 -8.41457674265153 11.8235372653476 2.30670227211161
Murina_cyclotis -71.2208535764143 45.4602301744672 21.2274965078565 5.27568993014554 5.36262496770527 28.1060167387951 1.49227182791383
Mus_musculus 33.8031055165773 2.65486682999872 -0.523854200708157 -0.995355441967407 10.3814244245813 15.8949875530818 -6.45957184012863
Muscardinus_avellanarius 9.52249164624803 37.2613842445749 -9.24794618298314 -14.3509421632189 -1.16215057566913 26.9689541881191 -1.07130356419332
Mustela_nivalis 29.8957910318466 -3.11473246203302 -13.8884137937647 4.6235176601511 -17.8599232591603 23.5815786700329 -9.18849254096626
Mylodon_sp -102.527037232506 46.5740664429102 8.20316044129412 9.51392781679977 -9.82982810095543 -0.603402280476021 -6.97074398551489
Myocastor_coypus 42.9359081634122 -13.6921101238356 -19.7207901101245 5.05352091315306 -2.47052945545012 10.5641325206718 6.53696720548396
Myosciurus_pumilio -19.8615202062124 53.4943896164532 11.0879980668071 1.96778348405417 -6.64616411563483 5.13839787304104 -4.98140242803842
Myospalax_myospalax -21.3562364689967 -1.48545448776529 -4.71422144342417 -5.22342680323759 8.74312163457088 13.3094789001988 -7.38779526322023
Myotis_adversus -70.2277761193014 23.8189274482305 0.432458073605735 8.20338464185633 6.24255258828649 19.2575163365097 -8.88696970132455
Myrmecobius_fasciatus 8.2131020233754 32.6976429333203 15.0393046754568 -8.31774238407979 -11.1328733532349 2.59805854994895 -2.10826639154338
Myrmecophaga_tridactyla 43.4939805293328 -23.0470496589662 9.34792018054002 8.21733922682211 -27.2601441930022 3.43598302519309 -3.96920759696886
Mysateles_prehensilis 36.4138713580684 -2.65180859541967 -21.2334999815964 0.735098903415169 -3.92886456955363 14.1475402265562 -7.24501155285909
Mystacina_tuberculata -83.578884584233 5.53239803895201 12.5860092428484 15.9907661038001 2.2863366091944 13.0774408367421 1.93201913869328
Myzopoda_aurita -65.5162876929703 -14.1626574193533 -15.8387059233928 0.731940144184441 11.7928956703342 9.43230751455456 0.18354328597204
Nandinia_binotata 41.2566151613732 47.3879444242951 -22.8044993989287 -8.74073171451459 -9.99776800526334 17.9455537198726 -3.32936933659265
Nannospalax_leucodon -4.30425677627186 -2.9140281441114 -10.9094831709345 -10.6790801385894 -5.72657729507954 20.0932180881258 -13.1609963969436
Nasalis_larvatus -25.1017617443569 34.5883647128679 -74.1380964263509 3.74888249585183 -3.6771409608927 7.13010215562217 1.56648069708393
Nasua_nasua 6.65146053728507 66.3872446004217 -23.5227942663874 1.90332222262738 -8.32514797738568 9.69268701138239 -0.937917678170133
Neacomys_spinosus 1.70930516376724 10.7736432210548 0.761947600842069 -5.63981636481119 3.95426360607277 20.5029119519799 -12.3051702435852
Necrolemur_antiquus -4.06736883673564 49.7120821158689 -38.7628145835138 -14.9634356214968 -3.16224942602602 4.96884328819341 7.56752683441185
Neofiber_alleni 27.2619948424674 -5.73932750867368 -6.38079619953513 -10.7988978505458 5.46837294692268 17.5720260388014 -11.4908375720906
Neohelos_stirtoni 24.0268206412673 -24.4806194363927 -8.2041700008226 4.07605968025492 -4.30021889115344 19.5799117853444 -10.4221720940967
Neomonachus_tropicalis -72.6880710341732 -33.4375995847176 -51.8961406508365 4.39081650994934 -2.62316969206874 27.4509717979941 2.69970124721022
Neomys_fodiens -60.4641182800587 -14.3221422745221 21.1376587031556 -6.65008481860716 1.43432823206612 11.3405097355168 5.32630055559218
Neotoma_lepida 13.9416019088818 27.4032827479204 -5.61206600368963 -4.16032545844787 2.75250073014719 16.3782052871333 -7.19958636519796
Nesodon_imbricatus -10.1708278748642 2.48338932601041 -29.1453452780807 -5.54264336705548 5.28442738014893 18.5839287371625 -9.83354931937613
Nimbacinus_dicksoni 72.9874867608987 -28.3256397425997 14.6234114203046 -5.45539259771231 1.77499926324523 4.49491513243721 2.38988625135249
Nimbadon_lavarackorum 47.7118882653062 27.9750110329129 -2.10814200448364 -0.706300413715583 -1.33154175741244 8.40248029432994 -2.30158489866798
Niviventer_rapit 20.2167618618975 13.7177730710777 0.675222938679466 -6.52211003925572 3.81949390250455 20.0601772021162 -12.2926917995675
Noctilio_albiventris -94.8961678716124 -21.8014702884197 -6.66164003979713 11.5832925046596 1.05779996978108 13.9658522007166 4.18801818918675
Notharctus_tenebrosus -12.7248718732626 -21.9276795236038 -26.660732680832 -5.28574115748504 -14.0843792182821 0.272078263517276 4.87651307486902
Nothrotheriops_shastensis -59.0715281302356 36.7936139817716 -9.8610291261959 13.664747845754 -1.74354339835183 16.9901934951127 -1.103315007385
Notoryctes_typhlops -53.5115792730479 -4.85972095160861 42.7501061772751 -22.6821455993751 6.24932460954747 4.70804353971012 11.8578861189045
Nycteris_thebaica -58.1705218480867 53.1459241469797 -29.5276183099023 3.69245702036535 14.6011876836164 3.9745435282885 -5.50629714681921
Nycticeius_humeralis -75.3177254907784 -29.1316369883789 3.7836533467983 7.99355138993844 13.5868399894017 12.4466800883057 -7.60530983017227
Nyctiellus_lepidus -25.8766695719399 11.5522855556485 -7.16063361224629 -0.147199245526011 19.2474444132573 1.147299762192 -0.775883693377115
Nyctimene_rabori 16.6778283910691 53.0782544781403 6.64485414615754 -16.6840770154715 -7.91628041352824 31.230192836477 -15.2631239601187
Obdurodon_dicksoni 16.2211789347543 15.6449844612216 -22.121760158059 -5.59014539681055 -10.5781458631332 1.20891050564219 -1.77960571738228
Ochotona_alpina 43.1112406345654 3.31296766419091 -30.1281592187535 2.41843803412418 -3.51972128354832 4.16482710359612 -8.0748827213046
Ochrotomys_nuttalli 13.5567258455454 8.06147790730657 5.28182678773691 -7.20695212919014 4.2474884382754 18.750106962191 -8.13045566622321
Octodon_degus 30.403914823779 4.3524378468892 -11.846525913984 1.07018580177842 0.397778641261616 11.0024362144857 -9.32649133034821
Odobenus_rosmarus -123.726121633467 -25.0613688401731 -37.3199030731053 -21.6386177586097 -2.20182276431374 24.7450425098674 2.44402858793418
Odocoileus_hemionus -13.0203862628706 51.0784749712265 -23.6842524797986 19.6695558886512 -17.1326474547727 10.5254206583279 0.973673069677114
Okapia_johnstoni -30.7299293072318 -3.83630834993878 -29.7163284036823 20.6541172462226 -9.584288898024 33.8877337163855 11.3346032670516
Oligoryzomys_flavescens -10.7543824694154 24.797533471144 -1.30415903365794 -14.1249164660162 2.17369951032477 18.3007627167126 -10.3986662965284
Orcaella_heinsohni -113.225975380941 -36.2580021469503 -72.1754506930715 -8.72040361267812 17.4956459768354 -3.10927984005693 7.20223882731695
Ornithorhynchus_anatinus -0.0415473375285698 2.82336382138846 -23.3834060738215 9.5335737940204 -10.4037355281052 3.91069429408072 -2.2006993339752
Orycteropus_afer 38.2106510592933 16.772056223671 2.13222006989978 4.27453856482653 -6.2994874196467 -0.526232546200612 0.11565796245163
Oryctolagus_cuniculus 12.8304892258864 30.6435949328909 -46.5413644483812 14.2187693510575 -9.73469227361166 -12.0843664933476 15.4112834467981
Otolemur_garnettii -0.21295111536599 63.552941895076 -37.4780423815521 -9.95046843455397 -15.6274732262919 3.86422233101153 5.91145903951853
Otospermophilus_variegatus 41.0419845851753 8.95278189511892 -16.1317043995742 -1.37284153320814 -9.34784027905941 10.2272994203541 -7.00534534607694
Oxydactylus_sp 5.66452918341772 33.008250425302 -26.5675268739172 16.2714052384854 -4.18112536886581 3.40548348828375 1.67316945619423
Palaeolama_sp -25.1674558137358 -18.0073001208754 9.48801169171732 27.233690829463 0.119492047989625 5.0595491636918 -3.66185183683031
Palaeosyops_sp -27.0035365388916 -26.0307398415565 -20.0465127014256 1.7655570865825 6.29600324314133 6.09272685589301 4.51143194480772
Pan_troglodytes -94.3373049480082 40.8215909975677 -76.902971980265 -15.3076782921992 6.7141986692379 1.34726321121713 4.02457357244521
Panthera_pardus 8.65989776044028 31.8284104459589 -33.4630681575835 -6.15372467777931 -1.06908773147059 17.6216188702057 2.99077740004931
Papio_hamadryas -48.3948969270959 16.4005598383599 -77.1764049942243 -5.80331927892889 -4.44175434355059 0.847213306079068 0.746582634708754
Paracynarctus_sinclairi 33.5839412379716 33.9214501624206 -19.3865813041296 -7.53354581693048 -5.61256079118589 12.8138995201581 -10.9703706877648
Paramylodon_harlani -59.0700917796033 6.38401614207803 -21.5005089546116 15.1626725544207 -5.42605362244069 9.64106221447092 3.55880674820434
Paramys_delicatus 42.5601219156682 -21.5394965958056 -7.20259697814983 -1.27126359763751 -0.248765832352469 10.2459962106119 -8.81948012783767
Parapithecus_grangeri 15.8528146524277 38.5966993276505 -50.5810314805633 1.02807505349137 -5.13347256464853 4.39621939038063 6.00022994827101
Patriomanis_americana -48.5406867616398 -47.7743334942858 55.2318572957224 -20.4807716932412 -14.7228459493564 13.3710718929347 -14.0526620098853
Pedetes_capensis -12.8826545137401 39.3128928125548 -22.2664740030158 -4.99010547594421 -3.73202848174574 24.1366214869693 -2.78420543684514
Pekania_pennanti 36.8854003998714 37.0510660520587 -21.1282234549784 3.4920721839935 -11.6280854828414 19.3033872517754 -4.22850543646631
Perameles_bougainville 16.8772984147637 34.5510626809033 28.8928465377557 -19.2422447763561 -3.675942765519 8.08301277307079 -6.08248967817587
Peromyscus_polionotus 20.4802485161706 2.59603028289466 4.71040935842088 -10.9130233614925 5.96258202786583 18.760432688554 -10.5562231231911
Petaurista_leucogenys 21.6514273287211 29.2619390376165 -33.1990310415183 -3.97874418984818 -5.33172500820038 11.4304937874813 -1.96366330744419
Petauroides_volans 6.44178193723191 -1.02430206061288 -6.61570799598019 -6.71267074110195 -13.2844041841765 13.3766200965002 -6.42955941176893
Petaurus_australis -3.94305964961731 8.34179238127157 -2.14823889132205 -10.3745154610843 -19.5424739292062 11.7768498279722 -4.62403091704592
Petinomys_setosus 31.2861480869056 39.3886309137878 -16.2188932687093 -5.854584364801 -1.4824687992832 16.616216307982 -7.5270760629777
Petromus_typicus 18.5621095411242 -7.99648502791065 -14.8394590428754 0.471856630151468 4.9379116265574 2.25099479678627 -5.3380381952069
Phacochoerus_africanus -102.430442365764 41.4778862386706 -19.1222183286714 -0.108579989694349 -7.13982962496269 -12.8923830487514 12.877171079291
Phalanger_orientalis 49.3022278179673 13.6112774717749 -9.93814020874738 -11.5030336925045 -7.17999291304403 15.9331403838185 -4.69233719207717
Phascogale_tapoatafa 32.9127502236718 34.8758169178326 17.9252895022739 -7.56188978644924 -3.34031636223084 4.31774191900193 -3.6261808817474
Phascolarctos_cinereus 8.15332398771027 21.6165406406755 -16.40556965619 -2.98719713653598 -25.6091678861054 26.4350385175493 -1.24800498324697
Phenacodus_primaevus -25.7568266151536 -36.0211462762954 -14.2940286951975 -1.30892183347894 -4.43795136876546 -8.70851089086605 5.59606855473793
Philander_opossum 65.6786653927911 33.5371123456695 18.282248140535 -17.6484560284012 9.96529831070696 13.6924567978747 -4.63786620736651
Phocoena_phocoena -164.881152905738 -35.8637386508398 -72.1614082650846 -20.3950866510228 27.9061549061461 -8.86454766239257 9.83784285306976
Phyllostomus_hastatus -44.0046687039642 -4.28425340379403 -3.94508836657545 -8.38912680755454 -32.8434706644921 1.40692400134865 5.42374593932066
Pipistrellus_hesperus -57.8256607987886 -44.3006599583879 0.544415035516872 14.118678929401 10.3515566055994 6.0890801383381 -5.03590184312881
Pithecia_pithecia -52.4453073572614 54.306201872654 -74.2367591051999 2.87625656476346 8.80727958998062 0.401515875097223 2.40899156034495
Planigale_ingrami 4.58095066752621 -30.3169323053509 23.1077674830987 -1.49674178522899 5.11046245700558 6.7300553766216 -10.744503557994
Platacanthomys_lasiurus -2.69292862076935 10.9865931541781 2.38944148485606 -8.74788999591558 2.27832759960389 15.4468239250259 -6.11830225953924
Platygonus_compressus -81.3975876693216 41.9017015096203 -22.1240457310507 6.85426741092289 -11.2819638279942 -13.7661479347101 12.7485717263783
Plionictis_sp 39.8566136992122 19.9894509260565 -14.58678200372 -6.4664126086526 -13.9015316563027 20.8718032147274 -13.0277218188469
Pongo_abelii -158.220993815505 53.4704305097882 -85.3196018162434 -26.2214799797114 23.3368091186363 -1.41793405512668 13.5207942854569
Pontoporia_blainvillei -109.634991528541 -30.2281178682545 -76.5411549529668 -10.0707815896041 15.3461256005769 -2.76675563130148 4.00138827930005
Potamogale_velox -11.3841217712972 -25.4864357549533 -9.6282169091059 -5.76248761364561 1.02430485372156 19.6465844130854 -4.70921452958973
Potorous_tridactylus 8.98507596078844 58.0601114435517 13.254113040183 -11.2545651065816 -19.7634260857793 8.3236070993227 -7.32020168315005
Prionodon_linsang 35.7808184334283 9.22857474991403 -26.2048169227365 -5.61923910183833 -7.13019336710399 19.1358278219054 -5.92282869900722
Procavia_capensis -5.64469465817068 15.8095578750718 -29.8863277113071 3.31842673526393 -20.0507519527143 10.1006246462089 -13.0084857363272
Procyon_lotor 13.3346315749013 51.8341049013166 -22.1635855256791 -0.763357106969535 -5.32188741629819 13.022424752981 -4.93026067341825
Promartes_olcotti 4.35346723209632 62.2694408797246 -9.7749881196908 -11.4301234367661 -1.84899417700089 25.2907940427464 -3.6473763835429
Prometheomys_schaposchnikowi 17.4030223421488 20.9883492071414 -7.20803147158133 -10.1439117085606 3.83173852934999 16.5548495383569 -7.96982420113486
Pronolagus_randensis 37.8607791016917 20.6721032110767 -36.7723820002775 -1.0027311445066 -9.34838310291719 -0.884741751183889 -5.24737733161007
Propithecus_verreauxi -68.238298304214 57.9606158537147 -46.5475303224972 0.57125041492276 0.10927357713736 4.37415403481418 2.35948321089101
Proscelidodon_patrius -54.4797462459742 28.1374019713029 -1.6545653145365 24.3599929013167 -6.6448639457191 9.35957796283158 8.23409761131516
Prospaniomys_priscus 21.3851054652948 -28.1070113221992 -15.2952986905391 -1.25331036159928 -5.40311675929504 15.5930176656331 -5.37313054537239
Proteles_cristatus -7.60595803261337 3.3043710038783 -19.048731395991 -11.6516378219359 -5.41324354600761 15.8158696633132 -2.21504375146217
Proterotherium_cavum 0.563488579486546 18.7837290611509 -36.9575770846729 7.1352373805366 -8.43878139888681 6.61950190879325 -3.01074315381743
Protocetus_atavus 109.951120896953 -14.838645905218 -51.5867898752317 -29.8570367619883 33.6510847181153 -16.5653894587844 3.443360523794
Protosciurus_rachelae 36.2122287638668 5.40117720574592 -9.31432423906412 -4.07719068007904 -3.07877198097263 12.4131928926275 -6.96296881960449
Protypotherium_australe 11.4892056141487 28.7031150351475 -15.7117227246644 -0.774480521266899 -1.11630513339353 3.04830581504656 -5.08467042216282
Pseudaelurus_validus 58.3894358305897 34.1213862207063 -33.9557683900587 -10.2378198161005 -4.77518422833382 8.75761699362775 -2.19321407359458
Pseudhipparion_gratum -40.6966819737412 58.7994696168208 -18.6897771050567 21.6098163907509 -2.45819030453272 9.81251950370526 -3.26611311023111
Pseudocheirus_peregrinus 17.1800205895336 -6.08526244690302 -14.1834302532044 -9.84987862521912 -12.5938645995695 12.942398362911 -8.54805237274246
Pseudochirops_cupreus 12.1958830601405 20.5770659472977 -17.2027452147725 -4.51299277882985 -2.65352869041817 17.9931069581732 -5.7116900684119
Pseudotomus_horribilis 60.4117133279202 -12.8531696133821 0.777056772728653 -2.23931751377317 3.48798590161544 19.5776358239712 4.71733267361105
Pseudotypotherium_pseudopachygnathum 27.8305378078649 -0.985873053017054 -23.3309426875448 6.35912315533849 6.53011741017906 13.4128156246241 -1.08795132801104
Pteromys_volans 7.83560047430259 20.6380188643894 -23.0066582645565 -4.9602245200329 -10.5835288765402 22.3437622933381 -9.23405542647987
Pteropus_giganteus 26.0241312504786 47.8914086853344 -18.1136390050465 -4.36333111868427 -10.7829416247989 14.4070619498411 -4.29262599724581
Ptilocercus_lowii 29.1737006139237 25.0513504442453 -0.514969136001525 -0.0915463391857427 -9.24383528197546 13.2634322330588 -0.849214267406552
Quercygale_angustidens 21.8461551510504 -16.1338935821745 -4.56525518395254 -7.18214585683833 -8.48321906998559 15.8444976998038 -9.38891620576277
Rapamys_atramontis 40.4173085407021 -1.52700226017613 -16.0886825824507 1.57859360488093 -0.654483454105412 3.62072190846113 -5.94353066193859
Redunca_arundinum -33.8649323590028 11.1026922002276 -42.6812661037263 8.80826664413006 -22.5852563247878 4.01413337737334 -1.90954495696474
Rhinolophus_affinis -9.14319278960748 24.3043598533237 -41.2217791499254 11.5447960515663 33.5178428253248 11.6468801078235 0.421204532713668
Rhinophylla_fischerae -38.8209898764349 37.1869155756585 12.457058861803 -9.77421065529477 -0.0800304473114873 7.3279424275565 3.01930074428626
Rhinopithecus_roxellana -66.9175115598214 51.4519354167317 -74.6417822637151 2.66169389686765 9.81176959905751 -1.36003230909122 6.44386150058958
Rhinopoma_hardwickii -9.13917105811782 2.97317554403939 -22.3261182149349 4.97390560737968 18.1640562686485 4.63384475704188 -6.94209585075128
Rhipidomys_fulviventer -2.62052742639753 1.28595730544705 -9.35200065182851 -11.7489753351393 -4.76756475205422 17.5125107502323 -7.76560779849793
Rhizomys_sinensis -1.63687316420464 -43.2037324627923 -8.63279645140076 -5.3405294627862 -1.13153424491087 7.10545549330195 -4.03081651521438
Rhynchocyon_petersi -2.95307251186967 51.8311175192046 17.0585333689109 -8.3881736045774 -9.97517098385345 2.62705141609773 -2.37084896775876
Romerolagus_diazi 51.7747333292184 47.1762397712819 -28.8426800247256 4.1587671805537 -4.04778356799581 6.64216984764126 -0.22271783288189
Rooneyia_viejaensis -0.847632924555725 42.7101436774352 -38.6411504457824 5.50618144001766 -12.0392885593376 1.88548169505548 3.24865048675316
Rousettus_aegyptiacus 8.20796544853418 44.3831253691287 3.90947807839542 -3.26533194297864 -10.0235223694446 15.9675189948884 -6.71131680813399
Saiga_tatarica -35.3188592506393 24.3536018133466 7.12851932949302 13.0797828712774 -19.1396755868827 20.1176645504454 -2.30986672740595
Saimiri_boliviensis -67.6598854087986 51.8206161381814 -76.9824351742298 -1.71546616100536 3.35190296978502 -3.08656568033364 6.50194956007183
Sarcophilus_harrisii 27.7148975828745 27.1736958451308 29.6389296727982 -12.9847351556531 -3.65238811594768 12.9111095527243 -9.39628261821322
Scalopus_aquaticus -0.15260122610759 0.717528480911767 1.7279137234574 -1.43347904713854 3.38654385006427 29.1357005379352 -18.2532184522116
Scapteromys_tumidus 30.8049605752244 -4.31869710159542 -0.1335472118514 -9.73356913754846 3.58611685854008 14.408662833441 -7.88140660787667
Sciurus_vulgaris -8.50248033663606 15.9370307295957 -9.72031201205814 -4.16988253117418 -14.0845874707126 6.10862357192648 -6.51185818423126
Scotonycteris_zenkeri -17.0528120706258 45.6042514893129 12.494318459427 -4.81325850060203 -8.6146769592925 16.2483484941871 -16.8746076988294
Semnopithecus_entellus -25.6428317025913 28.9597798032537 -67.9288900111744 2.58583096769719 -8.4699917392734 3.36814311794765 -2.33285968848093
Setonix_brachyurus 26.7181751375451 35.3520352558177 -18.4039082044747 -3.57309142732912 -21.8898315403226 10.2212840798057 -5.00656354739566
Sicista_concolor -10.0744262036059 19.2834538868941 5.57458859029324 -8.86257360149732 1.91463609134169 17.5068906007528 -13.1516660241585
Sigmodon_hispidus 34.555084853201 -6.3654651354608 -8.40400834549564 -22.1080797100889 -1.47729112059791 16.1528808722618 -8.97242955488732
Silvabestius_johnnilandi 47.3093296267484 18.3856543853573 -0.378493375338268 -12.6893492975363 -6.18740117572691 12.4380727478914 -5.49872598350426
Simosthenurus_occidentalis -19.701411341018 20.2099024961828 -8.18541512140975 7.68412667613298 -2.88444481222784 24.2624883483325 2.56702178852592
Smilodectes_gracilis -12.8084489944888 20.6976903340649 -22.1189591443949 2.76989726245409 -7.10955889504138 1.85524815365811 6.87196443296904
Smilodon_fatalis -54.5095706757751 -5.665147409916 -28.3113836984906 -0.233759610215895 -0.86306774420847 15.7713953045986 -8.29174594998894
Sminthopsis_macroura 15.3726289852302 1.27563026043823 18.5883480629474 -16.2854368165573 5.28045599199182 12.4827914923846 -8.83678299853067
Smutsia_gigantea -69.8322194836245 -30.9984734137854 0.330723909542814 5.75586297871275 -14.2633910147463 17.7113273614616 6.97842173842744
Solenodon_paradoxus 38.1326475130916 9.43363699877517 28.8851003471676 -3.1246597745308 -3.07477348744247 3.58248410053617 -1.63567060767407
Sorex_araneus -32.8162766158625 26.1801344677528 35.7619328787895 -5.26765985983986 0.542597831177568 10.9763413284075 4.87812043847212
Spalacopus_cyanus -14.0133324005656 -9.79157816213526 3.97554089792261 -2.6443500939267 8.0298517880342 26.5495587551711 -19.4243721282345
Speothos_pacivorus 5.82574192729744 42.4549071710307 -27.3472708396839 -1.20121226724214 -10.1996749876479 16.1849352054016 -9.54320757914735
Steatomys_pratensis 19.760516323814 -0.559727830988125 6.34654778474596 -0.872254637322151 18.5626305826484 18.5488536230422 -10.9002802544306
Sturnira_ludovici -46.6675019593402 28.5174791928117 8.81568734581579 -14.6913627036063 -11.9646402097446 2.86345154221209 2.53214601936635
Suncus_murinus -15.9668731006058 -25.1118139394277 43.2628104480639 -8.22084522164868 -2.72104921071015 7.9878741209273 -0.827243130852338
Sundamys_muelleri 29.3277721167843 8.82941154367588 -4.15635294877297 -16.3993844851134 2.64205815386607 20.3981912997178 -7.13414945242177
Sundasciurus_juvencus -5.01995392910721 48.9574044914382 -3.18384011497655 -7.20742033669977 -13.8697548021944 2.27435318808949 -5.55055040549111
Sus_scrofa -76.6920669371425 53.7582324226963 -20.7116086162304 -6.09104401236247 -14.2584009638905 -10.6293018973685 7.50241842491329
Sylvilagus_bachmani 8.74068384800741 53.2732066183897 -27.5404915146454 5.11077856872802 -10.5857283864525 0.687589095516645 -2.65430707712034
Tachyglossus_aculeatus -70.6006599970624 -28.4235885622513 -5.81914700751995 12.4502565544165 -22.7517042005737 -18.0568702046184 9.64352465429842
Tachyoryctes_splendens 0.819897309432077 -43.8858287793746 -6.42878251311184 -8.70843356332472 6.03015844243438 13.9424653263777 -11.879465284871
Tadarida_brasiliensis -54.7278951914867 -13.9550653001085 -2.745437483389 7.50940465804808 3.99529936238463 15.5726871453864 -2.06374273750234
Talpa_europaea -23.3885195521511 25.6043458260073 27.1382931175541 -0.806218797140753 -6.60220287029853 -0.781372829335703 1.07392223301775
Tamandua_sp 24.1934371094735 -9.09923959878624 -1.16560511559714 13.4039233672887 -20.1485670488783 8.69283627281656 -7.91593854499929
Tamias_striatus 38.2542015985827 22.0284028985205 -13.2732387384412 -4.43920978954451 -5.48595973801298 11.9667283511476 -8.61584462340294
Taphozous_melanopogon -60.378677269173 -30.2041965336024 -12.7244976698925 13.2539925962655 2.29867514801685 1.4831822568409 -10.8586351153943
Tapirus_terrestris -53.9388465842184 -15.7500636384817 -21.0215034162045 20.4592503339509 -7.62901350273474 25.434827079071 1.08285382658123
Tarsipes_rostratus -3.22508682013555 -36.9166448027907 -6.14408415739872 -22.7934034947012 11.5608501058417 10.445401283354 -7.64328745555694
Tarsius_tarsier -39.7137086919155 54.1069575908265 -55.441347097275 -17.4145301109583 0.462829826517262 7.03697276464529 3.58103592774406
Tayassu_pecari -71.3343905929391 45.2267677644775 -27.1388943668868 7.32371600783204 -11.0161430298787 -9.37983102288509 9.73907900516702
Tenrec_ecaudatus -13.6011967348162 -7.38969050329892 45.2165985204574 -28.2035041235225 -6.95465705169682 -0.0966217374712335 8.46140908424058
Thalassocnus_natans -17.6829698943921 30.488280435123 0.439965336923597 21.7606327954041 -11.349913734144 23.9003543627004 1.60639247604764
Theropithecus_gelada -55.0827131815805 41.0060709828247 -80.1866060923397 0.371190839164655 4.95363404364593 1.10952038335539 3.27375588581985
Thryonomys_swinderianus -3.17240656099017 -33.6759246559099 -31.6218084985357 -13.9227841933995 -0.309795418216399 15.4413811089421 -3.24444893973735
Thylacinus_cynocephalus 25.9637057514933 -7.78824973800169 -28.9183775625941 -14.6082248904524 0.143041405448123 14.7558257984804 -5.67828206593754
Thylacoleo_carnifex -17.1983749295098 4.22622922676476 9.93145782033926 -2.63832756463259 -13.3571409356577 21.5797010051433 -7.8502570970047
Thylogale_stigmatica 14.4750786968658 32.940014455691 -12.1839314724061 -6.21918309330618 -23.9545593524604 8.85284446790341 -10.5080630740665
Thyroptera_tricolor -67.3905325560336 -6.42135300793547 -21.6264009136949 -7.33651730646877 10.6464352882616 14.1858499577674 4.20927184849845
Titanoides_primaevus 33.1870652095518 -14.1274507576155 5.11350458919208 -6.2806396208542 1.29668866569749 3.44746200573969 -3.0274580542181
Tomopeas_ravus -65.1406081332673 -8.44644637229444 -8.44890253422226 14.6677149760548 13.8087268788283 5.47880412831844 -3.84708611922942
Tragelaphus_scriptus -27.0756347196502 40.212710773745 -39.8799622590674 17.7313064033948 -12.1081897163591 8.58947644754964 -6.05045922173445
Trichechus_senegalensis -162.534086006638 -5.83340201601353 -13.4375840810808 -16.1901780976333 -2.59146603176944 44.7256536152181 4.10308053539679
Trichosurus_vulpecula 20.6794542449365 29.3785630472568 -11.9059822412056 -10.622570768205 -11.2009696890081 14.9574855898968 -4.59866845733903
Trinomys_iheringi 12.7159712372611 13.8317668380875 4.98857399571425 -3.50893601008781 6.19463114616403 27.2425572719436 -16.0352147423438
Trogosus_hillsii 12.8104535745277 20.3607300099662 18.8927881244166 6.39093197379868 10.8669402363691 -2.98856709843755 -11.6249551355807
Tupaia_belangeri 26.4659880109911 43.5493613096192 -4.74317988718862 -5.93409790715525 -14.2946222700134 7.11393120253569 -2.61596983327595
Tylomys_nudicaudus 13.9750741447443 22.036375807033 -6.38109780488715 0.650741638147631 1.47107431380839 17.9803522056028 -9.82657741319568
Typotheriopsis_sp 14.0440204214204 -30.4923708370972 -43.8119569271955 -1.90885211948929 -11.3367900821215 8.25576416822704 -0.0933444417058661
Uintatherium_anceps -7.75072128099548 29.9145393914732 3.07715889256313 -28.4059064045478 13.7264448560275 11.3794219143039 -7.46572106790725
Urocitellus_columbianus 15.2791015789043 35.438507350965 -17.5355449016116 -11.9117522209333 -9.83455749530897 7.28814563215345 -4.34122983497028
Urocyon_littoralis 1.56978187591927 57.4801922258701 -30.7760788282657 -8.14757089140519 -19.1264562577955 17.3098815702735 -13.420271063425
Uromys_caudimaculatus 48.0707205863329 -0.799167150764884 -1.96895028411759 -7.48947603437343 -1.49235476238 18.6320979324782 -7.87147665019301
Uropsilus_gracilis -53.6346043319278 30.1208953005031 30.3266735954191 -14.4171015581708 6.21922157968094 6.57519333544548 0.316755104163055
Ursus_arctos 21.8945936442302 17.7796888612943 -30.7490162798813 4.36656862116585 -8.17564543354442 10.5553007404743 3.36923658716327
Ustatochoerus_profectus -64.1941674869921 1.95190848161701 -24.6767627496262 -13.1705701340628 -4.20599364819237 4.68682564728548 -0.4214852700682
Vampyrum_spectrum -9.07929364853407 12.4307304436227 -7.64720514983977 -11.4497348922591 -4.00523849807165 12.8574067368614 1.72608011823957
Vandeleuria_oleracea 8.16266744528266 17.5305845298799 -8.14131863152361 -16.3277721474426 -7.93906814667069 18.901255269243 -13.8734616965793
Varecia_variegata -35.793642190343 30.8529733584713 -29.033099261101 2.8614503040093 -16.8465589327862 4.91520770008279 -4.82309900566472
Vombatus_ursinus -9.92618737597412 8.47986066717406 -7.34066204315965 1.2415209959838 -10.9634256935187 15.2995863229209 -3.25973786115368
Vulpes_lagopus 10.8874488874522 71.8360526595777 -15.7832244070473 -11.4056942005588 -16.0247256402043 20.042273987047 -13.9005523053049
Wallabia_bicolor 33.2968677389285 8.75796514493602 -6.72809952165286 0.86466478248563 -23.6228922268217 12.7974870067535 -10.5042773260665
Yalkaparidon_coheni 9.30631447410957 35.8339114558721 32.4382919580874 -15.6864680243359 4.99707466260201 19.3350879645139 -12.041020198475
Zaglossus_bartoni -78.8600081009453 -9.84957683568067 7.14467318547889 7.95029759342588 -19.1918559558489 -17.2017467256837 2.321465202963
Zalophus_californianus -39.9657769206005 -6.70041802883571 -44.9430889712232 3.57811076396986 -14.6131827706266 22.3239541922994 -5.50246113036063
Zapus_hudsonius -7.03715918096796 24.6862298536623 10.2295005965292 -14.213779868326 0.386126629648621 19.9148835642975 -15.7461463918449
Zenkerella_insignis 33.6026230962269 35.2936778265993 -13.3249110500746 -3.9321496215799 6.44461121126069 27.1908340104208 -16.0571936463564
Zodiolestes_daimonedlixensis 37.0616225028029 -15.8234691862605 3.1925045864239 12.874884682139 7.23801682675596 21.0411817540909 -3.97015392377964
Zygodontomys_brevicauda 10.6861676248196 4.6443277557018 11.5603945188507 -10.817598544026 8.51783166328841 17.2479615224985 -9.81554938175424
Zygomaturus_trilobus -5.46348147427691 24.4479148941783 -8.21590070057156 25.2753454178716 -9.11290131273521 11.9909550817091 -7.70724739838309
