Abrocoma_cinerea -57.8597260118272 -25.7550838565038 15.8890637350632 5.69090148048946 -3.36825429456338 -27.6790293510438 5.30135139931746 0.622122715283997 -1.99770543657172 9.97487724215291
Abrothrix_olivacea 13.7464095615906 -11.4041895933468 -14.74919619188 -5.03317468514832 9.36638458178058 20.0551845709649 -0.883411579597619 10.7777244174839 8.41387659880959 11.9420420907338
Acinonyx_jubatus 9.38543958936015 2.9283380380893 17.0055448199301 25.8180927117545 33.1780560240734 2.67030949346217 -11.1151552225515 -11.7442388011643 -5.86816532735109 -3.40195493838036
Acomys_cahirinus -0.655908545185759 -21.7261122432253 2.10497287028711 4.10684181888314 7.14293357615998 1.06146296397829 3.02721712327873 19.8557225064676 0.92023374691031 3.9241337428568
Acrobates_pygmaeus 34.741288020794 -28.6369185882141 -4.63499585952585 23.2059262887551 -23.1091537318863 0.802853544064456 29.3894589884042 0.280799657660494 6.78869951347088 4.85355170321529
Adapis_parisiensis -29.2107428380503 -22.4749593303535 6.41613128514404 20.2593549127598 9.65552952577745 9.01673387772514 -10.2973333957845 -3.29607513746322 -5.48328543309508 11.435746960001
Adinotherium_ovinum -66.7276211836928 13.1570368550748 -22.3364305029711 -0.187554542782249 13.802942841144 -8.84100471835312 3.06275542427338 4.05572706328246 6.31791951787422 12.9890426820609
Aenocyon_dirus -24.5946013549941 16.7760816304327 -1.64493554403056 19.948060964 26.1001726848735 10.1479230503659 -23.6978886297772 -14.0970740749403 1.06877655721942 4.76631850780361
Aepeomys_lugens 20.7990566265476 -10.5059746399557 -0.032030893434793 4.06562419950655 8.71619401064545 17.22119697001 2.37636227988463 13.1533900471917 2.1914342261148 9.26755739897963
Aethalops_alecto -6.87814594064391 -9.88774521420873 -5.36006917515662 8.94572674644784 19.6443845108685 -13.91435218107 -1.66818245165905 8.0929529547296 0.833748099093392 6.20794137418259
Agriochoerus_sp -6.55496279370231 -8.95839560033919 40.5937818554747 -14.1465178204891 7.54529248805467 -15.1544061161113 -8.15670332798854 -1.53383068585334 -10.2345395524208 -1.0196194592429
Ailuropoda_melanoleuca 10.0565054815491 8.96535381515999 8.09784485418905 18.139282596787 29.47168665278 3.58619562274443 -5.20277641620133 6.16561505131526 -2.51862275187264 4.7761403758103
Ailurus_fulgens -10.6940373958643 -9.83784780963336 21.34635029762 38.7574812412069 18.1711415139493 9.10715134888496 -11.1067673198671 1.78531683241753 -3.73805965084156 7.94765642797443
Albacetus_salvifactus 72.869524957558 34.7067698940775 9.64470522575714 11.5545435503483 -20.6004330049377 -1.30442765761991 -16.0847463386948 -2.5318245934074 -0.0554808240080465 -0.627486195804277
Alcelaphus_buselaphus -9.28873928497104 22.9943627770916 -18.2161818978066 20.3238106393128 28.1827188993318 -22.8334257899759 -3.72360599491237 -0.380864949185501 -1.12495585638294 -2.73295856978672
Alces_alces -43.6504043844712 17.8162558684549 -0.343571161403335 24.3841236407972 21.6049954731992 24.6096108228332 -11.994689216945 -7.98103274002381 -11.3324680087864 3.33880755838966
Alouatta_palliata -9.34841767209813 13.411184421148 3.11590429273399 51.3597035055636 27.2034056431339 25.8382648927858 -20.846779806197 -7.76169637647644 5.23034024697711 5.88972616763035
Alticola_argentatus -5.03495724936063 -14.706359958622 -4.11325089408999 2.52304079401824 -8.06111622580227 8.65149856676142 -13.0461791243542 2.47419915707976 3.09100277381986 6.28176918689114
Amblysomus_hottentotus 43.6307851674364 49.1258450472375 -11.1169186971571 -4.22039458540387 3.86810010256793 -0.57974864613455 13.8206368791303 15.5117818380881 7.60402292720831 -0.366566241000794
Amynodon_advenus -57.0886130873855 -1.28235600191689 12.3172070473968 1.41657379458331 -3.56652146754995 -31.6440317793984 -12.499737045809 1.88509286668415 -5.91510831045605 10.8007096049021
Anomalurus_beecrofti -34.6830235025462 -18.3194031132127 11.7184563615037 18.8550269748603 -0.525555007313689 0.320292833308045 -6.95193731445438 -8.68200542980844 -0.857846900955585 8.18467785533451
Anoplotherium_sp -34.5970769430154 -6.57357634259024 19.8175022305319 -20.5977383772221 8.66816159567416 -20.7894142305847 -13.547113798448 -4.59403570279526 0.103938127668058 5.14212011582567
Anotomys_leander 29.8220416861872 -9.44681610709339 -2.09731717583843 0.37475432825722 -0.251508846734244 23.2211935594785 -12.3316621456457 2.09044324882198 -2.04753334970894 5.05135197235501
Anoura_geoffroyi -26.3387686525904 -8.92859531267198 -20.6441747224335 -12.0450241245987 56.4040847579463 -5.40770974638836 75.9969852443592 -7.43218246502274 -3.87948911794705 22.4245031437263
Anourosorex_squamipes 37.8942885975814 18.0231699919403 -33.6454091831264 -14.6931722988857 -1.75198395486361 10.1913057388612 2.91629629370344 22.7183367142385 1.6358374635851 -1.37183191847312
Antechinus_flavipes 14.9884632828335 -7.52476391904507 -13.3944241466463 -4.75190406250495 -8.48336123452695 10.7041795132536 11.8060431520674 2.96607064257829 1.91346971224367 7.36559454189027
Antilocapra_americana -23.1871868713368 10.1132360642792 19.3611548460134 44.3686705386697 40.3585019189238 0.0732891926956187 -5.56745618919496 4.65202029032452 -12.5703797379987 1.53293117773366
Antrozous_pallidus 5.83907067165586 -44.6463835261242 2.80177763329907 -22.4376602455302 4.45455710282215 -17.4648134677214 -2.1919479989446 20.3734405210046 1.80234511915445 3.84288247745396
Aotus_trivirgatus -1.90496243896141 28.4221561689582 15.0470106648731 33.3746878230689 33.7892816069118 34.6730804235518 -8.02405623683233 -17.2741415603085 8.18305652082173 7.51489743252157
Aplodontia_rufa -4.32958771679065 -21.5528707389856 -13.1035776169051 1.04284617490956 -8.76402854840934 5.68968473553805 0.996161447786347 12.1707600064666 3.22272757415643 13.7325436646507
Apterodon_macrognathus 30.6686631049721 -16.7033633159767 -0.942221234175768 -6.46700646394287 36.6502582463615 -20.2442417948886 2.00105052604518 -11.6947339025802 -12.366112683742 3.94963542334033
Archaeolemur_sp -13.6340121137794 7.55905218855707 -3.51762591411257 51.8125974362148 8.0607495476072 7.19499274308313 -9.6299315837729 0.0113155786593761 -0.0254507220539392 2.99571301897202
Archaeotherium_mortoni -47.3793932556907 -28.4317175855266 15.8987412624377 -9.96188783604528 -1.57840357015078 -8.55265781205847 -10.876044894658 -13.4996045499041 -8.3426737332254 12.7700540002402
Arctocyon_primaevus 6.96093286946415 -11.838170053711 -21.6230732977412 -12.1526614505372 15.3438830592207 -11.9002041907596 -19.6394864408311 -5.63364512857259 -0.395454907376474 10.1166504050121
Arctodus_simus 10.173555282136 16.254702631709 10.4811625464368 16.6857746888773 9.3015700342933 -14.7385205857196 -26.2815023901139 -6.43294421486664 -6.40971425242753 8.67986830127041
Argyrocetus_joaquinensis 63.4023819947955 45.2826591143533 -11.3523445562194 -12.4730837608682 -51.3902645170982 27.2568045858431 -46.1487498355514 -10.6839340141888 -17.6659317717292 7.46331044195247
Artibeus_planirostris 49.3952377215769 -37.8551112564053 5.25644654906586 12.857032938745 7.931649985281 4.59246426491761 4.77780032948592 11.7078106637294 -8.28742359330581 13.6712271761995
Arvicola_scherman -8.08025886069334 -4.90328789804476 -18.9693103199322 -9.7621045853221 -12.0812079001633 9.85002124039025 -5.55409393421096 -0.720232005929874 8.43000064601603 13.8716246328459
Asellia_tridens 5.37209449267251 -43.2660565001257 14.2241381026175 3.56770999568348 9.00575858999125 -25.0329616311702 10.1323529552061 14.6222240274562 -7.04651375443619 -1.6132888662472
Ateles_geoffroyi -7.18855852633069 39.3036210677212 8.16452085496734 59.8280998639605 18.0480601052292 24.8089355608682 -14.2314120375046 -2.58024838910929 9.94759354766604 -6.64157202868328
Aulophyseter_morricei 58.1918503839427 83.065028761179 -17.6357664170185 -10.708349774723 -83.69017662548 18.0846794694008 -20.0308305756381 -3.87805430173708 -13.8598311480664 2.15256445776494
Australopithecus_africanus 8.24390724771117 30.8417287192935 2.45145726915662 66.8775948453092 14.4267913567799 1.79710393265392 -20.9906558299026 -7.92112037783158 11.4905978908146 4.84213279592413
Babakotia_radofilai -29.9608346601044 -1.40496301214022 2.92347418999893 42.1832890827533 11.4339943381879 12.9282829491958 -20.0267901077447 -8.35964363492767 1.79265817558423 6.67962704030409
Baiomys_taylori 5.19834001304754 -13.692948201528 -3.94546247013293 -2.08458046535978 -0.753205495127187 7.77159317952632 -6.7230800254831 8.52788849664847 1.88685273436494 4.88160418707659
Balbaroo_nalima -17.1712414758559 -23.2629974425379 3.18352729180176 8.84848907731587 6.64755196916368 -1.32330294725176 -7.55300373970773 3.59319522436161 -0.83423493110104 5.26214500925081
Barinya_wangala 2.11300478672172 -12.4176076508592 -5.73557690790386 -13.185502233716 7.73615109402464 -0.503173296617588 -6.13533768124527 5.49691564443016 -3.43420069603591 6.66380683549102
Barylambda_schmidti 63.604481448951 -37.1585940344625 15.6608316875313 -16.1785542213707 -14.7751854227859 -7.90593160942102 15.9511655245533 -18.4589906651344 0.855303864973333 20.1232539687881
Bathyergus_suillus -13.9080934481211 -34.726818943317 -27.2788175709159 -9.18434806862795 -4.69783963368037 -2.46120723592507 -1.84617066246931 5.24695535634967 7.10071486671103 16.767126527598
Batomys_salomonseni 6.11336451861795 -10.8938875521014 -1.83233147643076 7.55723887152207 -2.6970569602064 10.3243913318013 -7.30026875794945 2.07821816513538 -0.751425132070744 7.76492830258306
Beamys_hindei -9.27266505539778 -17.4463753721417 -0.291304644470781 6.91907896283679 4.2388883739925 -3.05079535479785 -2.86011781941665 13.8893793092523 3.89153267419838 8.11068273706575
Berylmys_bowersi 7.59553675511693 -17.0689944932822 -0.821229491878928 3.12889359376923 5.87643651589403 2.99919346216848 -7.17289623935045 9.99710856657454 3.02058832705699 6.13096317964183
Bettongia_penicillata 46.3323706976577 118.042917325654 52.0737963573412 -24.6964068313218 69.2692894233334 -42.6680855917893 4.8254617032195 3.87926640651216 -32.8366250205999 43.1783867065313
Bison_bison -8.03955164192113 35.4373918293938 -0.0826242370190039 16.3074815112249 26.9823009530744 -5.27572819402725 -8.30232463926123 -3.90909409815212 4.54414257967921 1.07150629754736
Blarina_brevicauda 36.8124290707525 30.1269171593888 -42.2194228237398 -17.7725956955568 -6.56390564028075 12.4506063030793 1.68312458177037 23.7440488871727 1.14853556966097 -1.62004273367177
Blarinella_quadraticauda 27.5754913005594 16.5186218535546 -39.4126828202371 -21.0561271804252 -10.2114342645285 16.7722462094875 2.75972733963691 8.84853704023344 -5.90487918856096 -0.291863420566637
Borhyaena_tuberata -17.3082472577846 -11.1931431424127 -18.7981887947222 -2.33293323163246 24.6107704795761 -12.0993773051998 -0.547476929437009 3.60163847025922 -10.6774987267594 5.22648598038335
Bradypus_tridactylus 16.8045086712343 10.6978466247393 24.8612827379349 14.8408304185411 10.3687494514414 -13.3007672949599 -1.43540588172501 -0.917604841650972 -7.55728960739521 -1.40493180806876
Caenolestes_fuliginosus 17.0763722202445 -9.05432301261157 -18.3106974179376 -11.0434069373798 7.46222249407378 12.4832386026788 9.89996846095764 17.6315925900373 4.97303127637554 10.0049353951116
Caenomeryx_filholi -54.3913555962499 -15.9995245160874 14.0497804563846 26.6996575779592 12.3997570978406 -4.15814418503084 -1.52649230830536 -6.19251555818871 -5.72206917083088 7.169650812656
Callosciurus_notatus -21.9703596090229 -21.3440885411241 3.74246147958933 30.2243725535858 9.46432830266449 0.328597281687425 -6.98773685311307 3.80285396030894 3.60905509069832 10.5523526644223
Calomys_laucha 10.4239841009636 -23.9150509375897 -9.61287626026157 1.86046147622812 10.6708675568904 10.868166539322 -2.5438059301133 6.25998547026457 8.0783484438204 11.8699443231103
Calomyscus_bailwardi 0.494576939179714 -19.6346781765274 -7.60333523877915 -1.05643421680767 1.24653799472575 12.2951182505973 -6.73401112636852 3.31804827941489 4.35552138864544 7.45449517535995
Caluromys_philander -2.81868311305259 -7.407633572906 -5.7603380255825 6.46354236657713 -1.36817366179594 12.2961525232744 -6.91687082654519 -0.216998745081494 -0.732477081447216 -1.42717279054654
Caperea_marginata 41.0010066785629 37.8001738068189 -18.5577049201691 6.75998897311434 -46.2423020848414 9.65590635855074 -24.5042450828591 -6.22435349867593 -3.26977011711675 -6.77192532677285
Capreolus_capreolus -37.422513474263 14.2342599939194 22.810712693659 44.9966794877509 21.2437060645961 5.92924964259682 4.29061351531548 3.28176630673608 -4.44699788792269 -4.45222681434068
Capromys_pilorides -18.5917464461984 -34.4619281821132 -3.72855771330665 -0.27631859050061 -10.1666806151261 7.3376368945187 -6.42971386153317 1.86988927585286 -2.16007388986786 2.63369238686104
Carpocyon_webbi -7.12435774696267 -9.51599414354947 3.49384694853748 20.4584258795402 26.6764773070761 5.15608441138597 -16.562661825817 -8.28909227321261 4.55927098322407 9.22879633566775
Castor_canadensis -16.9223207832934 -14.5302675063282 -7.17580416952806 18.5057864041786 8.81719868183663 2.81183632810808 -12.6210090592299 -1.81045778685313 -0.727932110352736 13.0869274834155
Catonyx_tarijensis 34.3491636663869 -36.5650596632724 -2.83404255663559 19.9990381478727 11.6900910812233 -10.4909148409041 -2.61123719166792 10.1080549596869 -0.0460828781483568 7.28670464008213
Cavia_porcellus -60.1573053821788 -25.5439321014263 16.420507214771 21.5152148385749 7.64444625876171 10.4225744350199 -10.0418463169605 -3.60893005742701 -1.32443254411287 9.62743181653273
Cebochoerus_lacustris -24.2090251244224 -4.85182307837503 29.2234554579425 -23.002471545136 6.52448616150627 -17.7597190712086 -12.2855536507312 7.54281807123773 0.0185003834731096 1.55149253690665
Cedromus_wilsoni -41.976435365074 -31.0896514522858 10.7446243310999 17.5094794227459 7.68411701073836 4.48325079733029 -9.00281201690741 -3.57374315920278 4.09114804470468 8.46917492894196
Cephalophus_leucogaster -32.9551692556586 -2.0942898299806 2.03852607063187 24.9033777557166 16.6593353576434 5.65434304562917 -7.59261297702275 4.93888982867345 -6.36323807878649 -1.77250847548639
Ceratotherium_simum -52.7312047915667 0.918270496488753 -9.01975029162283 16.4807118192686 5.46938581955444 -4.51522139401788 -5.34165849826913 -5.91195902311568 -0.602837769339579 7.84474189760271
Cercartetus_concinnus 3.63711891150949 -21.3718430109397 -8.73477683696191 -1.09375694787375 -4.84204273419413 -5.4601889026142 2.11267617771076 2.73928325187227 1.37043507662846 6.91085137128851
Cercopithecus_ascanius -3.53665248099897 27.0729661287996 -14.3895896572239 37.4737838660252 22.7483198235435 15.5335356723483 -19.7600539308621 -6.58257762839611 5.85375154358002 6.19759347475473
Cerdocyon_thous -3.66915274326257 11.7579835490806 10.0394634658725 27.6483942498167 26.1937323680711 4.9941952656462 -17.2263785557633 1.38206729681614 -3.85916683552079 0.61721685932146
Chadronia_margaretae 8.10269201024293 -5.94816333222101 7.30169488755303 4.55702596821895 9.50403716860409 11.6072815212012 -1.75156631312217 8.77474472760467 -9.86409891027912 5.41209787512929
Chaeropus_ecaudatus -30.8487766067447 -5.30103975635227 -17.8817943939487 5.8197486491359 11.3345716628899 2.53926354279116 0.446016240914338 18.025342060524 7.50898064278252 9.0646380218808
Chaetodipus_penicillatus -55.4258500485844 -19.3878177175615 -14.2255941697934 8.06205624278613 1.53153780172802 -9.93564579510973 6.88733641759254 6.09794360302361 9.73712791004206 16.4231239289577
Cheirogaleus_medius -4.65234065684443 -5.54270493729232 3.15782562069184 26.5506514608459 9.4960207159062 19.5432214705939 -8.41163603765015 -3.44161052569013 2.84949226531727 9.27510050710162
Chibchanomys_trichotis 20.6196325277662 -15.6800203862225 3.64557725691797 3.75777454549818 2.41005150293111 19.3403571043093 -12.7044442390813 9.20783852675836 0.808639091627548 2.79049715217312
Chinchilla_lanigera -90.7126823662561 -15.7079946477505 -0.998618475072962 37.2048289470923 13.6225660421528 -10.5073364036934 4.77870838389808 -1.48825223137046 -12.3661913715909 6.89089070779818
Chlamyphorus_truncatus 66.088935943695 37.8006880942833 -25.273453672476 -4.87726957953288 0.881008420498126 19.3996620331627 5.52295671049139 35.5470238412371 -3.55168129208018 -2.45047538435284
Chlorocebus_aethiops -8.52184092978 31.4565878024042 -12.7865529525989 38.3420486912587 18.6248978431437 14.6474948128362 -22.2482926017559 -11.8902349732352 6.64283758854188 3.96035850978163
Choloepus_hoffmanni -3.66252271599909 -4.61245633659551 -24.4994863674575 18.1887248215169 0.11431694261129 -16.7540175690723 1.24542986688103 0.972676488650076 2.16692422630237 6.34784329824953
Chrysochloris_asiatica 37.2673243039479 51.7557357513229 -28.4494109676956 -14.5952369485345 -3.5656588118218 4.02746399108153 13.8657680116239 16.3992633456868 8.78235606527824 -3.25473040794878
Civettictis_civetta -16.4477735582831 -6.26471389575017 20.3870446912743 9.15779784755676 28.6594268871455 0.322975471478893 -20.7508372732081 -12.0999736841128 -6.0436413192194 8.33302858741312
Clethrionomys_glareolus -3.11633747900949 -7.57115178610226 -2.91539212453606 1.74373685076677 -13.0854729453838 6.03814847569965 -11.7773012320874 2.98001610700243 3.6525502273873 6.21393852305385
Colobus_angolensis -5.7566587096015 24.1029614622457 -4.06368548823576 50.9474025832932 25.6996583227896 31.3351490616062 -12.9107596006981 -10.2489115119145 3.50215277786872 0.516015259679544
Condylura_cristata 11.7837881738072 -6.71078735986396 0.00972136236503052 4.4398260864454 -2.28644153807464 19.8456185180855 10.3110710725803 -1.42341915722968 0.819872507059756 -0.878429826720436
Cormohipparion_occidentale -39.6753571347367 -4.73864788040546 6.39870974730932 19.5241350070088 29.7270364120818 15.1222065392063 -11.465194880993 3.37663497859924 -0.911640071101956 10.0283139076798
Craseonycteris_thonglongyai 50.094602687932 -50.0357200439273 14.1404124784308 0.703461286041324 9.78755334745016 -17.1734672055345 17.6115806873204 27.5399381119392 -12.3996688627847 -0.923789271131364
Cricetomys_gambianus -5.79379056428036 -27.112833750089 -4.15286335210614 1.22055986592014 5.43022129610749 2.45122283861605 -8.30472524983457 17.9908029665517 4.44663724686561 7.24782482810341
Cricetus_cricetus -3.35620114058098 -6.58368388259227 -23.9007280023238 -4.76980455124972 1.96872816750246 4.47405256459195 -13.7079785305911 6.2719255113509 4.10264699335301 12.1169772147841
Crocuta_crocuta 3.6616946609881 21.5915540349366 13.2416459835239 23.1114851181823 34.8161760052836 0.285304928231849 -15.4236089720405 -18.4819993851954 -4.58900113748937 4.73711247630389
Cryptoprocta_ferox 1.80641204485959 -8.93195151688792 21.6004507962623 17.082806957256 14.562350643737 15.1652789367928 -16.9455326707218 -4.28795722167526 -2.28470791500587 5.51493787000347
Ctenodactylus_sp -34.8446869905362 -33.4731837068537 1.998037918705 5.16801392169837 2.49948983921773 -20.6866514367624 -5.788303102218 4.94159053645813 3.94070012279455 5.97458740113146
Ctenomys_conoveri -32.6759324903439 -27.4912384178104 -21.9689308294927 -1.4633191783448 2.15015339678087 -2.48000157220586 8.15103564049603 -1.74236232088582 -6.8713210928226 8.31254363810292
Cuniculus_taczanowskii -35.2906851187088 -27.3462591019771 6.40431414459962 -2.61221506541054 1.56619237474165 5.05059354657441 -6.94530130526697 3.64986331573193 5.3575043279275 15.0637611292704
Cyclopes_didactylus 14.2512539911997 -18.7949730353727 0.954537419946295 10.3852859093086 -7.50664493120832 -2.74938848356945 -8.61785281202259 12.4506856951959 -1.71365845126453 5.16746715344498
Cynocephalus_volans 34.7973673612746 134.429807177301 63.920700642065 -52.822318187428 81.9389403809769 -69.9202617090064 14.0654032235526 -0.542280030273756 -34.0376186391767 39.9305241164448
Cynodictis_cayluxi -15.5418648042957 -15.9960897467994 27.693055874406 -3.09569403748457 16.289328596168 -6.88344164136975 -1.36701529789805 -16.3869249922841 -8.39152909977623 3.91144340685702
Cynohyaenodon_cayluxi -7.75456976119483 -16.0890397843443 20.3227689785511 -24.1352451119615 13.5793774207124 -21.3109931404054 -12.3474991104862 0.185439640954834 -7.62050134349103 6.6248161142035
Dactylomys_boliviensis -33.9546340768548 -40.6578590771949 15.9694834985543 14.3395330258467 4.41494832290365 -4.82812868719853 -11.7634286948376 4.4774168197178 -1.48813387614786 4.03488602024051
Dactylopsila_trivirgata -16.9913567081824 -8.46721299593812 -9.48171574419447 28.9976823182734 4.61813623820231 1.91228144126009 -13.6201989540172 1.56960762355196 -2.1552378200479 5.12558099860228
Dasyprocta_leporina -47.6074029146898 -23.4982884951568 10.1798557747449 17.2001450107011 20.7668351563847 14.5642894207901 -2.92328587522171 1.20130746326071 -3.16573969059174 15.3832309301589
Dasypus_novemcinctus 0.0309875239432123 -15.6623385361736 -8.30207612410543 17.2218434095428 25.290888713389 12.5410024475916 20.0445356685756 27.9929184756999 -1.86494304343724 9.68262021614468
Dasyurus_hallucatus -13.9467072280264 -11.3426766839954 -16.0327619316278 5.29947132506583 12.6053307966632 9.11011458726146 -6.03665472086734 2.64981371236394 -3.53225075422313 7.89348806445436
Daubentonia_madagascariensis 0.229058818932848 1.78295210223903 12.6890931515546 49.0675159475015 23.2651340576949 14.59991890906 -17.2167340342306 -6.61892270520059 10.366672740017 13.0427806501047
Delphinus_delphis 80.2406130964534 49.6095457313867 33.8355428324948 20.4918754572074 -8.94799456713161 -1.55119801137352 -15.6393974020485 -14.6324815968813 12.4183952619041 -9.94657965387442
Dendrolagus_lumholtzi -24.8593251457582 -33.4376019342344 -0.343819997099429 23.7250770101424 11.6219030469041 5.75496096613002 -7.24859164793765 -3.64626343198711 -4.88174943809935 4.01076090972695
Dendromus_mesomelas 5.60374638648044 -20.1598308828001 -1.43797168958414 8.20696108071863 7.6325712210007 3.74611098930592 -6.40496988135624 -0.789034891840883 -3.20170902218884 9.52338899683402
Desmathyus_sp -41.9602699908904 10.4224018398171 11.0026444811662 30.2116117209708 -1.04587914935533 -25.7650390084763 3.72915237607266 2.34699460323533 -9.07528370982464 11.9383137498944
Desmodus_rotundus 41.821025875502 -16.5352214161792 12.2744727895907 26.6107947014198 19.2340996686425 8.07372472254008 -1.62475986558315 7.00948982533492 -8.65785167620558 9.82504390706888
Dichobune_leporina -35.361679084149 -35.0947458028699 18.4449539845662 5.96007186384168 21.6237011620876 -0.574759419948789 -10.3124999473979 6.12270354394245 -2.42338407792337 13.8021626910815
Dicrostonyx_richardsoni -7.64202977311627 -9.73846861382418 -9.69574894390527 2.3375253146032 -8.91380694936641 7.17316827889145 -9.30344898381822 0.0851106965350819 7.09468284827199 13.6929819447662
Didelphis_virginiana -16.3405275284403 -5.84564472220436 -15.0928652748783 -12.4722888021475 10.828196556893 4.01272035223567 -2.62645542395284 4.25021513838804 -7.61758417501992 8.01647863617104
Dinomys_branickii -27.8506459764991 -26.7076256547763 -2.28411118811456 33.837818736196 18.7080944607973 14.2989258102627 -8.27926454199924 6.76646304769787 -1.64880120873053 14.6815341422134
Diprotodon_optatum 43.5609103414832 -6.20884607495216 -25.0135380162014 -2.50232867393283 23.2941122638797 -20.4191770348562 -0.738483708162177 13.4901520002212 -1.49782316993179 3.84113107908198
Distoechurus_pennatus -6.5098123167598 -18.7322787846707 -23.6535624756587 10.8092635397314 -2.27724255238972 2.28237533535474 16.3010837666733 -2.50206245295226 -7.03300318897151 5.70061821825427
Dromiciops_gliroides 18.996424493785 -16.6323421214469 -5.54809761687802 6.67341968451986 0.324470068666278 7.96475379934712 7.43871388005414 7.08158868027141 -4.25515606228088 5.66781602437691
Dugong_dugon 5.70184142831909 -32.1902216221646 -29.8969498572618 18.3336406565815 3.18837685573439 13.3057880525423 -0.725598661577323 -17.9094716690195 6.4951028703063 21.0618188218172
Dymecodon_pilirostris 38.5302173292717 35.2548289853085 1.67032731375583 24.080441991177 -25.4025590020194 26.6993232703966 12.818293993251 -1.89596130415793 8.06158642712064 -5.80908674326135
Echimys_chrysurus -40.1047629020248 -36.8937840848831 5.8941807996592 23.3478385657435 23.3669783307885 -8.46052726817515 -12.9884015647116 3.59256398126974 0.475581799963668 8.84710323560594
Echinops_telfairi 4.64522185901379 3.31551202776317 -33.1536619076321 -32.4125224338008 5.02296662650494 -1.19741696941508 4.4892567980191 11.1726669069239 5.1543939836107 6.98048522744881
Echymipera_kalubu 2.03281813744855 0.417551731292753 -21.0458831231348 2.5867302753404 11.9832757088424 2.0341605240595 15.2323951644492 20.3236730403998 0.597292061766367 3.86125021746166
Ekaltadeta_ima -16.0866600791911 -25.6531123859553 -2.33107807551771 3.03546507721903 13.2652350496562 5.87173944580471 -9.45228960933824 -4.5151347127051 -8.04609607909242 7.58780798107911
Elephas_maximus 37.0029664083157 25.3075578143521 11.923217472308 58.0653747864036 -4.3296648922314 -11.0046235367284 9.35243611017239 20.4671325636211 20.5299011137314 -9.43779243680131
Eliurus_webbi -2.02029321904141 -20.5375163481796 -0.303315171446836 1.90196470182383 -5.47970614961074 13.171203677999 -12.1856701500982 7.95055650577288 3.36130618009357 4.28622200909652
Ellobius_sp 6.22034205101987 3.75234154735553 -19.5628824045627 -5.8495765721072 -8.83755252213007 19.06328162123 -9.95670638219209 5.37594566800733 11.3252388153188 12.4514529632685
Enaliarctos_sp -29.3456515924974 20.4117520114076 -8.81869675702629 11.9431556660338 8.75240879434855 12.7426576654946 -26.5161267530024 -8.94787197296748 -5.53459882978584 6.32546526767011
Enhydra_lutris 32.4138919591626 25.3687498667118 12.6889759569676 17.3290824705805 14.996363997249 33.0500430093783 -12.9585539068387 -7.85653589539309 7.8654937119013 -6.74845955644986
Eonycteris_robusta -1.19541162302085 -19.2384088040025 -4.03726410244934 7.49486220156712 14.3497789377336 -8.45715450042955 -6.49032536639393 9.99892268435867 0.0755809264672493 7.86117901585108
Eptesicus_andinus 41.7771287748146 -43.3369089102258 -5.92646148362323 -37.3409749706992 -4.6816472731863 -1.29679289576518 6.8367788515841 22.4354197214804 1.81937517048933 2.99100083692787
Equus_quagga -53.2895240483495 25.9165573772361 9.8290280154852 30.4842212093751 15.978192552887 -6.06889174290554 0.761749665641614 -1.22389846437074 -4.33681288788904 1.0297438041242
Erethizon_dorsatum -4.35389672714275 -38.0292584302911 5.41689654966672 14.7894404250471 4.36037245621346 -2.7658852779476 -6.551547872901 2.22957761225291 -0.77771090933049 16.3828826623157
Erinaceus_europaeus 18.3053647422077 -5.87956758329879 -30.6773688142211 2.41092480492805 -5.28722891593941 3.18172993124967 13.9953422546945 2.59132497048243 6.84783390517398 21.4951503655291
Erophylla_bombifrons 24.5141050962708 -31.2233815747077 13.3856241580193 26.6449836790084 9.52825609421526 -2.98524864996675 6.95089417152703 6.08608932408987 -3.23948552972281 9.66475101129157
Erythrocebus_patas -12.6958141743515 35.9851170413475 -4.98341487425071 39.0035017402605 31.8221433937969 7.16833546492411 -25.2376316562669 -12.65430293646 5.85849277720727 4.42771243683903
Eulemur_macaco -14.6253191089923 3.46368572643865 4.32647978990777 38.7285778885831 20.4862881084134 18.2052126584228 -29.5526656416754 -7.85537632121173 5.79288690633803 9.22269061850816
Euphractus_sexcinctus 22.1218089521777 -14.0900251737222 -0.709394088280863 24.2265304499749 0.595578915010484 1.27199374715703 2.21700698232248 18.5792976866998 -6.90110963986299 18.5480489596905
Euryoryzomys_macconnelli -16.5604112449429 -18.9954851302507 3.95007482183965 2.4655628220972 9.04383760067284 -4.51624039700794 -7.26740200873224 8.97332275323234 1.4151865226848 9.09647457939601
Eusmilus_bidentatus 4.19546282551123 4.06837396055782 3.47282785555963 8.74622097267037 1.81463681653489 -6.52306025175947 -7.79201446263582 3.24844347024988 -1.43013517676007 8.61574072763737
Eutypomys_thompsoni -25.1252151107159 -27.7745720011609 -9.07592551309472 -11.4139555969731 3.98448753782521 2.47136724643053 -21.6648890462401 16.074490481433 -2.10114798533154 8.2706420695607
Felis_lybica 1.81904760602746 -8.63297457778109 23.074249757781 20.6705337671721 24.3403248113745 4.72776588178126 -7.65857251513819 -2.98289590947423 -2.77891909286025 1.89080517021737
Funambulus_pennantii -26.571999148383 -19.4401907929826 1.64895560406759 22.0808595596353 7.89122824051401 11.1551102635629 -10.3124291991348 -2.45325565957202 4.15609856045578 12.5787105491573
Furipterus_horrens 49.1801737474332 -51.123972241776 19.1854478384672 -4.68809974215611 26.8010828996288 -3.25188789070283 20.9922172502023 34.1916069683866 -5.87361778159796 19.4352990314939
Galadi_speciosus -2.50998256537455 -12.6445016708108 -28.8577106944043 -20.3714570391092 19.3780265427958 -1.05866973324262 12.6608666050164 11.8728872100421 3.19153562515448 9.38905526516198
Galago_senegalensis -16.418599093291 6.68715124049624 6.62838355088403 53.5779206086467 28.5802399757501 21.3073484473209 -0.101173674270394 0.54230783794599 3.40815894891316 5.06077575142841
Galemys_pyrenaicus 36.5323262395636 18.0033601708173 -5.23610247455563 10.4528740545125 2.32622727007676 24.9231032724793 -3.3003411260626 5.8947561150432 -8.963491024941 -2.28869842695958
Galidictis_fasciata 21.2500106077645 -6.30032148791809 19.1913683823486 22.1222723283846 20.6860884102293 14.0838416708129 -15.7621513413908 -3.97842426470657 -4.95319699663942 7.61937843299028
Genetta_genetta -8.40837588230726 -9.96077769279569 29.9574153444207 15.1357943108464 20.8729139758097 6.88735359134273 -16.6703427824119 -7.78283712907578 -9.45648380543496 4.70710099416223
Geocapromys_ingrahami -45.6676127593032 -35.9930255166275 0.25918111711594 4.76302715241664 5.65765525565804 -0.906532655051443 -4.3378065300181 6.72202975801874 -2.78312078815002 3.44622608741228
Geomys_pinetis -25.2349572833215 -19.5936706472347 -23.504587671416 -5.8613706012244 14.4549545979157 2.12488321264012 -2.93832105114525 14.0761706476108 13.6681158210122 23.4875108821244
Gerbilliscus_afra -25.4335316789212 -15.930604513614 -5.59561048897155 11.9150429859806 12.6058014926537 13.6829581145591 -6.58120989161892 11.9312284638046 5.82171530918623 7.70932562789097
Gerbillus_gerbillus -16.8673689693098 -10.4921308736774 -12.1989290052124 8.0894822822577 -1.56679245074296 4.24638446855551 -11.3939838263282 2.23258541724604 7.24173730424119 1.47516267891367
Giraffa_camelopardalis -40.9944186655641 3.61050415784646 16.8661697569251 27.9630638723059 18.7027483619305 1.03467719435792 -5.58771612181107 1.78903911921142 -0.723947719033296 0.0611077231899064
Glis_glis -10.4565772545677 -30.8663803715779 -8.44806246824784 9.53132301353229 0.0943921661209312 -0.173620241415078 -8.88044372140096 5.59488969656246 5.16405069914388 14.0267157243757
Glossophaga_soricina 34.7300188618268 -33.4716398815774 12.3468040904971 12.2587983282339 7.37216800474535 -15.3508390795567 13.0825433078469 13.5642534559631 -7.79455934125619 6.99270846267262
Glossotherium_robustum 56.6618714932589 -4.45462747425789 21.3045487582634 24.5393462348384 2.68864011691165 -28.8045161678798 4.79393122570849 -8.00173442018369 2.02338012029954 3.5392609933775
Glyphonycteris_sylvestris 43.16567885036 -29.9004258677361 29.1395701892154 7.91118233979843 10.4826793818293 -7.29313430703681 10.0813742733635 22.2428368639445 -10.6837912066169 -1.57196662524151
Glyptodon_sp 31.2342901989093 -24.1309949705419 -49.4928376144049 7.72467492409987 20.4228981549189 -21.631668392839 4.57779596358879 2.38508997949116 -5.54534279646925 5.18668721671239
Gorilla_gorilla 25.0486001223867 28.2501705780243 -13.1519631871081 64.7917982825531 32.2401189669688 -6.47564488738368 -20.6460121224232 -7.48749441322875 14.8195838401413 7.2330960166275
Graphiurus_nagtglasii 7.3696920796075 -27.5963881640217 -2.31657330045429 16.9318055386826 7.70419337852014 5.4796403384728 -6.18203307818524 1.59170976201944 4.43278244841114 5.50061818586267
Gustafsonia_sp 0.915522260419471 -27.2132833439175 27.9451753107486 -11.7041215943397 27.2492180893961 -1.8089751120602 -9.28385721988694 -2.04720322357801 -9.7186358180475 5.48183276692684
Halitherium_schinzi -0.960255447523053 -23.7777295435608 -20.6727044297585 36.4803834602627 -13.1440565580382 -35.6769282355518 -8.65770306704998 -5.0687317289224 -3.69728501964449 7.93695059472895
Hapalemur_griseus -18.1977183226897 -11.7725582252971 11.0395500262489 43.0845628136321 18.6482205193653 20.40299219904 -16.0844327950028 -4.91583848333808 4.75094451039015 11.3814279075552
Hapalops_sp 0.473212532755898 -22.4675911332448 15.5151089807118 33.585043836405 13.3701520576427 -17.2963365859806 3.31804900738643 13.3068187653329 -1.1543114841671 10.4464462619628
Heptodon_sp -61.0665659761724 -10.7395794256799 12.2424378158341 -9.93986575464689 1.98358575057267 -0.296877961571724 1.53277419664981 -3.91518907313485 0.897779322606027 16.359594866732
Herpestes_javanicus -20.6634285864699 7.82529979310239 22.5272257821807 11.8347347807558 12.8478838610071 23.3054259464018 -21.3706913290444 -8.55719975977783 -6.9895389883736 3.65777822755108
Hesperocyon_gregarius 30.3460425849902 -5.93727594366064 -4.72529383392609 15.5796030469705 2.21916640122777 -0.604807280721823 -18.5162566660575 -31.4732333508826 5.96866874483482 15.2315238588404
Heterocephalus_glaber -27.2540151216927 -22.441766999958 -25.8485603592679 -14.5795275932646 10.5581482026698 4.18183523937613 -6.84123018374508 6.76292084554655 7.13035297486724 12.2004690321081
Heteromys_desmarestianus -13.9263106784593 -38.044846070702 -1.05499522942782 0.353048692939309 -14.7018550524904 -15.2381760930735 13.7870868545656 6.84274194387956 3.20817031910969 3.42099482094859
Hippopotamus_amphibius -0.0989962199352393 10.4063122264952 -3.83671620986025 35.5609057226289 15.1063514927282 -14.8506490916732 1.08785851917245 -11.504544800118 -0.230482754332515 10.3650524561771
Hipposideros_turpis 14.891123131492 -49.007603163771 19.7293200870613 31.7446262427955 21.4461274614934 -20.5290001554692 6.48158864791432 18.6248439221873 -13.3874108822497 5.0494176437015
Homalodotherium_cunninghami -29.6544579707897 -45.7845217462897 11.1090395019933 33.2977467455938 14.076387786551 4.42924730673262 20.9762995724742 -14.0456625908954 3.26237365097728 18.4124071821539
Homo_sapiens 27.1675163040783 69.9895756116752 20.7480767928889 38.7249510850097 63.3534594247236 13.5058146645857 -22.2662829569035 -17.4534261644304 21.4127993639318 -6.5250228823846
Homotherium_serum -20.1554984422658 14.3440389158954 10.8895783604139 -4.32507748947507 19.4461856580809 -18.1331396218275 -34.7350176400413 -12.7527690041996 -1.6833590947841 7.43353534330232
Hoplomys_gymnurus -31.5632652595925 -40.9000828071122 2.91025849444772 25.2791633543939 23.0145239509091 -0.945023698657227 3.57650895188229 19.3220155300316 -0.361369734781059 10.5277487950157
Hsunycteris_thomasi 42.5198473145907 -32.6312866371012 12.9165410829359 20.4628562795148 9.58542049941919 -6.09900026879877 11.082617502755 8.73474425887983 -7.08640817876674 4.53391177313158
Hydrochoerus_hydrochaeris -64.8090427454868 8.50008337507562 2.65498615958068 10.7396302119383 -2.30205361165433 22.3566509419045 24.505173507855 -0.537691108469378 -6.02292203617994 15.3833529193952
Hydromys_chrysogaster 31.1786667423451 -16.4826261072663 -1.1649251154955 1.68605608861963 17.8505004103571 17.4295038256279 -9.40814540295787 13.4297603524409 -3.43548249291199 8.33497419619885
Hylobates_lar 16.4556335002629 7.89546867968556 4.27291817138266 55.6102126788235 28.1676181938569 13.2196000916918 -24.8315617927619 -11.5650874875042 10.2892153175923 9.62618717481595
Hylopetes_spadiceus -33.4391438375405 -10.0207695935324 -4.81067423664188 29.1859324516467 7.46280310786814 10.4788254074544 -8.21451154656569 -7.31492458811631 5.61523432746893 11.7385970007915
Hypsiprymnodon_moschatus -2.65304968102652 -14.1259161041485 -1.28970296922629 13.5149777852076 9.37235548391953 3.48204000250457 -1.87330376140061 8.34683770964627 -2.97957941044175 3.9189865303385
Hyrachyus_modestus -58.2678460502509 -26.033733195537 27.9546947119653 -16.5728733669289 1.71871291565713 -8.83991364415391 2.52848378148037 -4.04903331033635 -2.90480873291571 17.484842127769
Hyracotherium_sp -16.2430266214286 -37.0994169914372 14.7185951670704 -26.959976740193 23.4455737000376 -7.52408319826975 -3.56064952497429 -7.32952294253563 -8.00657777483478 7.84666231506466
Hystrix_indica -4.97019052973576 -28.9058147833801 3.47534710402074 25.7291838776231 8.39809035745995 3.60458338938967 -6.46886710258486 8.77120959243322 -1.31434472784434 12.6007650377997
Ignacius_graybullianus -26.7802839781006 -24.2698483071122 -16.8248485853786 1.83345148837368 -3.10336325666235 -21.1395762052567 -5.62840060085012 6.44875160655405 0.20482569915037 -1.6702933955128
Inia_geoffrensis 74.70775141813 27.8417888143883 16.9460275238756 16.1115174147785 -15.4477488393242 2.52448252785477 -19.2203437482964 -25.5182024029484 4.80830283650095 -1.98093285414994
Ischyromys_typus -20.3018136829253 -30.0600378210884 -12.5267872928605 -2.63186238938771 -1.48885098481716 -23.2559644229171 -7.44294973886994 2.5087342263093 6.02065985930662 6.17682671294561
Isoodon_macrourus -28.490547394815 -17.0022991938933 -12.2938750211045 -0.828107366428215 25.4123787581352 12.9316329512814 6.16372915310194 18.329224599082 8.32747194587206 14.733639933746
Isothrix_bistriata -49.3640976638623 -38.6138979331125 13.8686844093807 12.9512202197931 14.0388097999005 -8.81624716017002 -10.3882736556673 0.68292795689592 1.79021026221719 5.6929650769258
Jaculus_jaculus -82.9541449280907 -5.07710800369381 -5.84524377597855 16.5206667414702 6.28886718286455 -12.4624606171334 12.1494407171051 2.31611563503637 -0.384587102570415 14.4438543370885
Kerivoula_pellucida 48.9679026986264 -23.9481701852124 26.5521707040132 24.724166021866 17.5764785566978 -3.42026400955909 12.3724923825677 26.8803896595648 -12.1458227101788 -2.24939882600826
Khirtharia_inflata -80.2787304581616 9.36629680782327 8.16198808588528 -38.1597660159549 13.1371876859986 -3.7696027832279 -9.26063514951673 2.08074607527705 11.6643424756345 3.47246184724572
Kogia_breviceps 45.6776092711014 57.1109085467285 16.1295352262801 20.7679035216356 -21.2320585025751 7.54073645916441 -11.5871515850654 -20.0269726021427 15.4985011917413 -12.6567551524868
Kryptobaatar_dashzevegi -28.462638931596 -8.46092089404301 -9.52155903327766 -10.5242643460148 -13.449361323731 -12.6132262754172 11.3277515495017 11.4560763422839 -0.56812266521633 -3.77438938581472
Lagostomus_maximus -52.8945132506399 -21.3198076623961 -4.48564982225316 36.6742940040995 17.7058586218359 2.45880438408038 3.53132141283222 6.87469757356303 -10.3383867491127 4.99063968694714
Lama_glama -30.9545928607455 -5.45483637709998 11.3260022887465 31.6479176482874 27.4345862509296 5.0171782013587 -4.48903200857456 -0.845897728516796 -9.16426484585871 6.00459050722188
Laonastes_aenigmamus -24.6850148306985 -49.6687524894837 7.54028227501591 2.42999818014734 19.2996098737079 -18.680456796928 1.16113029949331 15.3645161046987 4.50186960259114 9.39284113402179
Lasiorhinus_latifrons -4.19832964647716 -14.1126216621252 -3.28016574353013 1.64679852645057 3.00549730454937 -0.499680472206597 -12.825980954091 2.98698480136058 -5.42283159245385 10.3422913925164
Lasiurus_intermedius 40.2504196228416 -41.4383012968999 9.49969355807355 -27.3618672649586 -10.6364934356307 1.11583918337788 4.88312994229771 31.5372385259214 -4.71361716870334 4.03084250958328
Lemmus_lemmus -19.3017726402804 -21.6222831058334 -12.812199622021 -4.90799533656855 1.01604615417305 -6.66590402188981 -3.13424079800532 -1.21061862085798 2.19673063003657 7.94879305162808
Lemur_catta -18.7968889709244 -2.66456520630574 20.6591282039255 42.7792921441933 21.7226567760169 23.5294642902179 -16.6410798958425 -8.16199948102404 3.68205428650832 7.90485595598734
Leontinia_gaudryi -11.3256859607995 -4.68552471738948 -15.0433974540298 16.6413783432798 -2.13669139232823 -14.6054396197273 17.8942458976772 -0.848652623701724 1.65623831326968 22.4716710753089
Lepilemur_mustelinus -27.1294977191768 -20.2997554833697 10.8416720819689 36.2284743333697 12.9133578257673 3.9296996651658 -9.38986038035172 -0.177210126342056 5.17475020210054 12.4179246111796
Leporillus_conditor -21.9568876234602 -18.2081862688273 7.87591943496243 7.37898048014584 5.21551306123653 9.41940839062892 -13.023673197861 13.2066179899214 -1.99716173023247 8.7505040447436
Leptailurus_serval -14.1374502704158 -7.55286236939313 21.5136100388704 32.9677650907638 26.0331665807856 11.7063618073384 -11.1640998166422 -4.08817166190599 -2.76622937872448 6.38739563937149
Leptauchenia_sp -74.3809555346708 -13.2147476214202 -2.45991289207987 -3.9649316830035 10.3413122870006 -19.7213681146952 -0.58742498048389 0.0583762741953626 7.81989022688679 12.6721996282973
Leptictis_sp -13.0942549315853 -44.7733763711344 18.2402205364008 -16.3520254091023 21.2910553746167 -5.20232722455151 -8.51105973450857 17.2204105711992 8.07578358538432 7.37215804162198
Leptocyon_sp -9.3346877475185 -16.3379050177202 25.9612444759194 5.86746357660798 15.021336541995 17.6037164815251 -20.5790897281779 -11.0138271780906 -11.8217318878081 4.60785533018515
Lepus_europaeus -48.5179471303888 -25.677026509348 15.331067361222 23.9719247401651 30.5822096138204 6.18337702943038 -21.6271723821155 7.37535683266379 7.78924744272275 13.5321479492515
Lonchophylla_robusta 23.9614025586574 -37.8022094303553 13.4079699210429 16.752600702675 10.5202803361213 -1.1482960318183 -1.29758833512111 8.19517677796148 -6.51879535654451 4.39972380758402
Lonchorhina_aurita 48.2419859668349 -55.6479427251691 2.83263242484362 -2.00857521211013 11.9239342461702 -10.6157722328455 20.6898317777596 18.4926603888947 -10.7196123831858 9.51778466322835
Lophocebus_albigena -10.1359778350194 33.4133835525773 -9.45150748621572 46.091376238056 18.0245691985369 30.8700478106334 -16.8205961148097 -12.2085758833055 7.15129073749026 -5.84178385188055
Lophostoma_brasiliense 45.1719702635089 -48.7049719742353 40.3751127610937 19.1924608037359 12.8842668120478 7.37359897434172 10.9294455817163 22.7873784273756 -8.5841437612874 16.4502049030177
Lophuromys_sikapusi -3.58456603881216 -13.5400219952686 -0.212678671933623 7.83052059304026 10.2038182863396 -2.52260194215735 -6.6842430450335 14.1201119917047 3.49856216308265 7.50957913523682
Loris_tardigradus 7.14030224810052 39.2709893425132 -1.69094098190226 50.9730615722931 28.4316895546514 -2.55782411933438 -9.49142183952009 -3.68033150861151 7.54034363093762 4.53646150546454
Loxodonta_africana 2.14451937202146 -2.24626975962586 -17.6031529550554 36.870956691455 -8.64610573156924 -18.3313426144204 16.4634372065157 11.2936450382294 10.9932949425769 3.91973481053894
Lycaon_pictus -12.7326038991511 30.8741435793954 4.25591351473692 28.6994286497546 24.7926734925529 7.50714239653214 -18.2522775863031 -6.05602340453728 -2.63417807293402 2.61627499079746
Lynx_rufus -2.97272408303249 -10.4387489426867 18.0531473211785 28.6455465514965 25.6292914080928 15.9185007744566 -11.8261306170262 -6.26852480851399 -3.96887366633924 6.60310993635228
Macaca_fascicularis -16.0841706439663 35.6536727993862 -8.6351843914011 46.5058497382332 22.2649743757123 19.9484401712598 -21.5635680398024 -13.7876011572043 4.5791991345067 0.446806736286218
Macrophyllum_macrophyllum 32.09866090535 -47.8248599849324 12.7553918632596 19.9164540448134 18.705997548871 5.47200109808305 11.9971107069539 14.0833253631755 -5.4917317692407 11.6481618467711
Macropus_giganteus -53.8699939489513 -10.4911043199544 -9.2757908732456 19.2233257307167 13.8882614875905 11.0815381477964 -3.81417562486075 -0.1144772969046 -2.19786625635145 3.9887312483838
Macrotarsomys_bastardi -12.1776097877786 -18.2043756008056 -6.5539406438818 -1.75068821576551 -2.36622719601791 16.71396322914 -11.673760126234 7.57707050723165 4.58618774908395 10.8508336105821
Macrotis_lagotis -36.023158200716 -6.98954306311598 -11.8733560384035 5.44077144053852 4.04409237140829 5.71220311912145 3.9813282136624 21.6447517131897 6.43005443328679 11.7911132946074
Macrotus_waterhousii 6.5839806161122 -51.9722527030195 14.759556747954 25.3241330168199 27.6451476431353 -2.80295581073728 8.01032404631743 23.7729902361123 -8.71291781001008 12.2472534853422
Mandrillus_sphinx -2.97481784398734 33.1876403273033 -2.89451901815879 46.6197689242236 29.1968328534081 28.2153033828542 -14.8164891211844 -7.75115866978571 14.9522922725078 3.82278888278047
Manis_javanica 51.1449660983241 15.5210764290353 14.2974288897236 -14.2781014112268 6.12271573794237 -4.25391711671264 9.49672115541012 3.43307624471104 -5.34950006949261 0.316762180751911
Marmota_caudata -21.5416664540889 -15.2751371671053 -16.4686078825004 17.689771040956 20.346885398203 12.6799201395806 -14.7565385752731 5.42829272302183 -6.53407561025572 12.0051675880955
Megacerops_coloradensis -28.3712485971674 22.9584481737039 -24.6452913946976 14.4865270544696 3.23345245332605 -17.2967829920517 6.47350121473976 5.2060402063855 0.302991273085078 2.17284400807553
Megaderma_spasma -2.1064556221442 -54.4432191212243 33.8925336076617 25.2568388723663 19.7355237951086 -9.29601210363776 10.1867242722894 26.7862826867756 -10.6077406344784 14.1979745588315
Megaladapis_madagascariensis -31.3677750468413 -4.47096892938758 -3.19657064020741 25.2096438658763 19.2312032067358 15.6941888318672 -18.3647938553665 -10.2871964160951 4.51149955298733 8.6493290888056
Megalagus_turgidus -28.0157839995165 -49.8121913062443 13.2978664676599 9.3733429785268 19.3545550368904 -5.30978123400516 -16.1684031683137 10.1650165922233 1.24758768903281 11.3282687509371
Megalonyx_jeffersonii 45.1496717246267 -10.6365781781827 -3.06398899628478 19.9993122746507 11.0023762120017 -9.78098465827856 4.06802992289114 1.79896891785018 -3.81183938902593 -7.04780800084337
Megatherium_americanum 53.0152880743137 0.21422844687705 -2.24494368474084 23.5380579983381 3.934555008141 -8.08068826946735 3.34513618194219 2.457564878831 -1.32858281550499 0.160309136960296
Mellivora_capensis -20.5102367269993 21.7940485187967 5.19940725319151 19.643339766329 15.4338571317415 0.814668276591761 -34.1805797126543 -10.949583787963 2.27754441820942 4.75480785202454
Mephitis_mephitis -6.3897665614155 4.55228210458541 -13.2229921728596 24.1852928217743 22.3603241204927 12.4731481919661 -10.1076348293191 -1.95287998229143 -2.07820550795498 7.35408908788311
Meriones_libycus -75.0599397310509 -8.40133325438419 -2.97888023822023 -1.33675521052129 1.67816686709945 1.6389200451123 -16.3830332366125 -6.33129638900211 17.2634749807588 16.4754389378647
Merychippus_severus -43.9851164147504 9.68266108285309 13.6432498178178 16.1524665740573 25.8573803336999 -4.28826915103183 0.732439805342028 5.79246247392538 -0.114903908949902 6.06423669637669
Merycochoerus_proprius -19.8566213963281 -33.2324977231574 -20.0104102111351 -0.258784313000379 25.6934281612616 -21.172548337899 -4.53245674613527 0.00388310298087522 0.777905377817753 9.76717424967918
Mesatirhinus_junius -11.4872185043853 -17.9113360086856 -4.91213775501212 -34.8381024505664 19.9249703451534 -11.0434565889726 -8.52156510601833 7.35164071700896 -7.32465385266895 7.22848496610821
Mesogaulus_paniensis -5.05054052997577 -31.7591560317255 -13.3437950726473 7.54780491845092 -4.56108603683227 -7.63393215643007 -8.82345548409939 -3.75031927256685 -0.750423088462104 11.4188199142395
Mesohippus_bairdi -27.5135574804738 -25.0113166286754 23.3047389859288 13.8973474730105 20.4426231236234 -11.7929140963257 -7.95347307835447 7.97694605947762 -4.42178910391687 8.67625421972314
Microcebus_murinus -5.94562337778811 -5.12350197128295 -4.75535235122525 34.1914835889617 14.3154362298693 13.8482393651584 -5.48717796438513 4.26351822654646 0.333548366211261 10.30395133605
Microchoerus_erinaceus -37.6007420841395 -11.8125698532574 -4.40492538865603 32.4381718831997 18.3112150977279 21.1730737148045 -3.56093989747612 -2.49980523025525 -0.0117583941754622 6.95988770901124
Microgale_drouhardi 36.9460850989549 -0.945744097070676 -22.2442808990985 -13.5434942503587 11.5815085048061 7.40147993540952 9.28478706402802 8.08293010787541 0.652320209392192 9.40804041314803
Micromys_minutus -11.3544502121796 -19.3397594401669 10.4454865984039 17.1933828596086 6.13131673340143 4.22224260717152 -9.22232062992819 12.8208562968271 4.81662547347445 8.82502184062207
Micronycteris_hirsuta 22.5412066151686 -40.7256409779958 26.5727051763607 17.3890311337163 14.3801733552232 -2.08332312014333 14.9355702462123 21.0436999534091 -6.57341423135879 8.19083446357874
Micropteropus_pusillus -2.88218495775617 -26.6647323774992 -4.25413056047728 2.08140628846408 16.1544857250041 5.7619757548655 -5.9482463087296 2.12492976846276 -0.339237135953375 13.113399687339
Microsyops_annectens 9.11647682369264 -27.4304028105549 -11.1209998359337 -0.737853865744294 -1.95897901021762 -18.9472487445787 -5.19527227980778 -6.7136283067438 -6.34814106500441 4.78878516987821
Microtus_yuldaschi -8.54506390058659 -12.0308548538975 -22.0856612697822 -7.34986840163025 -10.6463107775204 11.6278645373881 1.40532939323996 -1.54100367693113 6.71228334698996 10.1995351885413
Miniopterus_schreibersii 48.5125844499455 -37.1641806331455 6.18337829916073 -16.1960538322421 4.57828624391 -7.72701111746822 10.8357399617778 35.002868584705 2.19234836670485 5.38561932963044
Mirza_coquereli 2.55212442795597 -9.25412670972483 2.33152755195709 39.8179082988666 16.765444998731 13.8300751227732 -7.52052249992788 -7.66714236015061 -0.00249020602813401 8.22166669494845
Mixtotherium_sp -5.20289486489306 -44.3471997199229 2.65393684589898 -24.511709272616 21.6651586806818 -26.9306608049342 -19.4590343396749 -22.2958265560674 -3.42118535461175 -1.35035149581384
Molossus_molossus 37.3640523203467 -43.5943565613969 7.44166968750606 -12.2111166918651 2.01075368989496 -1.23536294639445 7.72136934775874 22.0849144762714 2.20949813035195 3.86321880912986
Monodelphis_domestica -7.95796411746656 -19.8186773182262 -15.0762809311068 -13.7389770550458 16.2790280591187 1.52197641721289 3.82788778568782 0.785800145431385 -7.03513562398973 3.51994207456684
Monodon_monoceros 68.1573399329945 52.4295441465793 -14.3217073875177 12.0989131692416 -24.2604534344106 -3.89563970487188 -8.29020869770711 -17.2362610306036 -2.23841617581 3.07519115715048
Mops_thersites 24.5431569150601 -42.7485533148141 -4.33390827692859 -2.44563998626337 7.53028453915217 9.4285864815946 7.09994091658458 1.76208889533622 3.21062863923967 20.1809045592943
Mormoops_megalophylla 89.8570337300732 -16.1474885235128 6.54255779782499 -38.843701206008 -19.2928852659834 8.23341520974365 8.6063772116418 36.1603285225702 0.355068502929463 4.01424483032714
Mouillacitherium_elegans -14.0110518752782 -25.5882851348219 16.9973225321517 -12.2376603281467 19.6381188557264 5.06200034461708 1.4480088792169 4.99385192867241 0.0911715137897495 9.11465056711331
Murina_cyclotis 44.7852981326818 -18.0718914745852 15.0639605735079 0.446632100347244 -3.55072680612968 -4.24889890879972 17.0799504789005 21.6592882705019 -4.69822814826801 7.34700179428327
Mus_musculus 8.86409717145023 -18.5896404102283 -4.26005987977286 -7.5692837308281 -0.752109835608398 9.15500670815539 -11.8302043851863 7.82921738769553 2.16185852129517 9.50739057398379
Muscardinus_avellanarius 2.66468666737585 -7.89124327248019 -11.0137457712187 13.0472837907928 6.10482824425636 4.08865386769001 -6.10623474976272 0.988851563422177 0.846911955504233 13.2019556772749
Mustela_nivalis 5.17275756318293 -3.55494431685907 19.5487221063707 8.52811266372132 3.96844279302242 33.1078978217128 -15.5939195219734 -4.53440978438334 -3.54948497413595 8.43530684402131
Mylodon_sp 26.2335563370001 -16.9699054484521 -8.75416418970842 25.4392752034758 7.78889633672347 -29.3391090588795 5.17686678746748 -1.75525273577557 -7.81201767383787 2.35223712434619
Myocastor_coypus -49.0467985299077 -22.1855965944777 -9.81049348651541 1.46051337218185 16.0480222328142 16.8724753560043 -10.7519974281123 2.02754856762553 -2.16667964862749 10.9742034607567
Myosciurus_pumilio -0.347561452623977 -16.7908499353275 -0.142515640381975 20.0949233513707 1.47155756326985 8.00510392170013 -6.68500139694279 4.871033847981 9.35658084467635 9.30951642101103
Myospalax_myospalax 3.15549847174014 5.59324152168689 -36.4193776652841 11.2225294500048 3.82143895940113 -10.8663596836862 3.30574245651336 25.7068046598464 9.2911265991611 5.92465885919715
Myotis_adversus 38.8847293427457 -35.6459410095244 9.86603474595857 -9.61660711528048 11.5795152815975 -7.56050977621529 9.09073047707175 28.0692357644166 -0.417920270763487 8.96916660331871
Myrmecobius_fasciatus -8.2646646745585 -15.9091255440408 0.779577816441579 10.5057612697048 -4.43280760099429 -1.7868893018042 1.24152269727703 6.41582424443935 6.25304579157961 1.71803222297194
Myrmecophaga_tridactyla -11.5050300360881 -9.29850804088596 1.21308437743457 -7.60174707794843 8.32484913763054 9.30465395993982 -6.55195978024202 6.56138310763986 -0.944249809206944 13.7464878805866
Mysateles_prehensilis -43.8903504852481 -31.4810935806661 2.88434865980197 9.3389860478625 1.67221245790912 7.29611657345188 -13.3730967608986 -11.7233476731754 0.209713156362619 6.3462786469116
Mystacina_tuberculata 39.0455539258378 -30.6482802106371 4.09532187006104 -3.78808251658925 2.46930435886089 2.78349988669223 11.3175626538505 23.8472079190159 -4.87140927296067 5.26946687185835
Myzopoda_aurita 49.0804234440238 -44.3318931484685 0.400406223097351 -21.6125429775219 16.534542244578 -10.5765877842588 15.576130711347 18.5782576548027 -2.96701072599018 8.66088201814336
Nandinia_binotata 10.5376576786126 -12.6008018976126 27.1386712210276 23.8761695401809 27.0901103017489 -0.888786744043083 -6.51563253059849 -8.51418181444174 -6.3461997157562 2.94192835997886
Nannospalax_leucodon 12.6122486032032 5.95363538802448 -27.7091347141992 3.00026805982964 -3.9042265502348 -6.14938165218525 -19.717177578759 5.73240131740711 11.0093198349828 12.2062070925531
Nasalis_larvatus -3.8584428716498 27.355352972551 -3.80113463619414 49.6692665632575 18.9263519633249 14.862603902924 -12.9043736523508 -15.1105346878055 12.3122115918752 -1.60217082443374
Nasua_nasua 1.74063228239497 13.7476524931603 15.5261813634692 31.7132973296038 25.2694892401675 8.88469232974645 -18.8712412646723 -12.5064548046082 0.156994137476426 8.79245523652813
Neacomys_spinosus 3.20362992222871 -20.8735820701111 -1.62862833988868 7.53473271286305 2.79126632536247 0.22467681425425 -4.96680899043676 9.42621664878516 5.75320492522339 5.00571034209122
Necrolemur_antiquus -34.0439952952124 -15.565100057011 -5.0280164149946 37.3580890084599 21.6791969398561 24.4846595528317 -1.99185350432566 -0.987020133131666 -1.96617254449453 3.04061520782013
Neofiber_alleni -0.837931833949339 -20.9635512743625 1.87580477961201 1.92799283272714 -0.187319129437853 6.93462741542908 -9.54667986686362 8.17528223721815 6.08091242263145 8.73350811203664
Neohelos_stirtoni -7.37115857484142 -26.2867868643577 -18.0729035652014 0.0447496325687373 10.3766715501825 10.0596317841693 -0.871502994884513 3.71694592645002 -15.3664582011201 8.74337917702671
Neomonachus_tropicalis 76.5898879597037 29.087212387449 -6.02677720193156 9.74006382450593 15.7651319775858 19.2509357567124 -7.3185383240568 -21.6234749514759 1.1588491622191 -4.47948506311001
Neomys_fodiens 29.8868775953365 3.60914492870554 -35.2889516323759 -8.60454372260334 5.50555269779907 10.5820353096957 -8.02451396428576 11.8796109223677 -3.9598432156129 -1.40502397617047
Neotoma_lepida -9.63842758011862 -10.0836543939788 6.08912356778264 13.9375403633702 2.9357926356163 10.9791579569047 -10.5166908094127 6.36351121013403 4.17613859568281 6.79901045014728
Nesodon_imbricatus -79.1303293072139 32.6382840313167 -14.2303312553463 6.69137206752694 10.7848089987186 -37.100220754794 7.86000225340312 6.39098012224537 6.85191261417164 8.81059443752124
Nimbacinus_dicksoni -32.8002533869804 -18.4148884780534 -6.47472553437284 -6.2736958533 17.5317693632967 2.92718459867037 -2.36269020961543 2.24965941717762 1.94234976009807 7.52285524360453
Nimbadon_lavarackorum -4.06267564125093 -31.4247431401352 27.7079863690162 8.58077684314162 18.990995352595 10.4336469262047 -15.3748233799227 -7.65773197430527 -10.4367733605907 10.9215517300067
Niviventer_rapit -2.37071268138544 -16.2549292158462 3.55401742780945 6.1391419043645 9.24260218251826 5.44546656825214 -10.6294878893102 3.20521818120161 5.44030761089093 9.18920657163395
Noctilio_albiventris 50.8584545611128 -38.7901376373519 8.8705570406983 -11.0745595009283 3.47921251764491 9.39053312219728 14.5938627146794 25.1504744011571 -4.4628849058089 8.79424175386937
Notharctus_tenebrosus -19.9863012764839 -38.303765665003 5.82941503121527 12.2937216506994 6.42766279758318 5.05389349240525 -8.26634506465129 0.941798596682434 1.99351892579587 12.5615547303425
Nothrotheriops_shastensis -22.1898997324701 -32.0239450091835 -18.6758483323409 44.0437976622024 12.0790013017491 -5.39414976340317 22.4016199805362 2.34435127530913 -10.4667932554477 5.28143314094092
Notoryctes_typhlops 15.2838143976192 24.7052317929751 -30.3266186761997 -0.687921850704538 8.21591909427725 21.8762354542296 4.77616916669311 34.0372695047771 3.36038250172968 8.97581199686444
Nycteris_thebaica 1.38558243295823 -36.7893511735719 35.5467406675391 30.4725730837915 12.2807393918726 -30.7079764042777 8.08901748414896 18.6393870747055 -4.40412725271895 14.8282879478517
Nycticeius_humeralis 27.609473012396 -40.0955891603983 -13.6045893768058 -34.5162441342806 2.51571865570198 -2.29922091826895 9.46506114252416 24.8301840093057 4.9205005598658 14.874394020941
Nyctiellus_lepidus 8.84997258190316 -42.9112158534932 -0.743946524291818 -2.69106888509295 6.22361934362866 -12.6447147683936 23.974769438642 26.1485610466579 0.771324473196834 7.04646453606759
Nyctimene_rabori -4.96671625724404 -11.828436583501 -3.61765472726271 -1.61757578602949 15.2811499408366 -9.38238884731305 -4.32642139555485 -3.92480613620132 -0.38893359387993 10.0948246478999
Obdurodon_dicksoni 18.4554001786037 15.6549577058469 14.5519797215913 19.92676928895 2.20049478346624 18.2817819304043 -7.72359366067669 -25.5343375414182 6.28014823925919 -3.70324038907905
Ochotona_alpina -44.3894472064814 -40.7610937252063 0.970969904641952 0.604009285902852 7.02507875305443 -4.57924620865214 -13.9875238773199 -1.81596901095183 10.0429365124028 13.3695796624765
Ochrotomys_nuttalli 0.726279677142221 -9.00342488527626 -4.57005904475132 4.90916385509841 0.249166159072391 16.4683858282854 -8.64327925386776 8.52926693223448 4.05737838272397 8.94480542699535
Octodon_degus -60.7210132097633 -30.6172620686173 2.03739741545718 22.7525295132024 5.30236292841329 -5.411890145258 -3.44879369561927 3.06580796261569 1.2292460601184 9.4540303951743
Odobenus_rosmarus 72.8742186269315 10.4066506205459 21.159591259082 18.1678873060758 2.97450610762791 22.1568615117031 0.00985409614344412 -9.79245574225324 12.6522111290128 -0.870905587122578
Odocoileus_hemionus -49.3939527628973 14.8281340815513 15.4420621951368 42.0690379685762 28.1906183592105 9.92774611398827 -3.96591083574003 -5.82562257569728 -3.44939897990628 2.28708710494936
Okapia_johnstoni -31.6520443359579 24.3155356353563 26.9089566947303 18.1355824413755 5.10319928883242 12.0748330641735 2.15104492812274 -3.34213406549978 -5.70588727469214 1.53030157227874
Oligoryzomys_flavescens 20.7071654780606 -16.7443007736553 2.49536633833853 8.64560938284882 8.80116882081346 7.44444203057546 -9.83453585277916 5.39367532505375 1.03407097753238 5.05695972834847
Orcaella_heinsohni 54.2618439483413 31.0575930466073 19.6085817571709 19.8064338794955 -8.434962550912 -3.23702722682634 -13.0381098288008 -11.742618372696 10.9176555320859 -0.836756490765464
Ornithorhynchus_anatinus 16.467948664873 27.708524931383 2.31240493454274 4.98626449711645 -9.38691642150507 20.6029327229804 -15.4555702906235 -17.3662170437415 -11.0375342254215 7.40623715823502
Orycteropus_afer -25.8925378817936 -30.9368428615399 -0.474910096128838 0.160332383529607 9.74142035221772 -8.52893314073088 -19.9410231113909 8.41925947042126 -5.31875993212618 9.52259146052262
Oryctolagus_cuniculus -40.756465295617 -26.4009270141856 7.79485825079327 9.70182172080227 21.2957484795485 14.520382963153 -22.6686561701745 4.52737582115948 13.6538538308426 18.5152457846629
Otolemur_garnettii -22.2212832005729 12.8309579681773 5.28498416117612 49.9771302125633 17.1748712619194 17.518374970587 -4.76659435075537 -2.68886765974396 0.511028689073759 3.7995784144314
Otospermophilus_variegatus -29.275830948936 -17.5753630268359 -4.55420684109997 14.509071164664 8.72812297051746 14.6642872551507 -11.3044485491601 2.87332594068548 3.2789017149349 10.5138069110261
Oxydactylus_sp -44.8005973189361 -3.62762557503589 30.5971001505104 25.9466180955895 15.3753721924809 -17.3462575892313 -15.0911522356662 -8.97869559102226 0.976591343323915 9.25778640304402
Palaeolama_sp -2.86881761611603 -8.55352290415505 0.236670253117395 18.2436617961971 25.3905826167349 15.8666632836156 2.69597053036535 -3.49305325743082 -3.45010427485507 2.44001963277258
Palaeosyops_sp -63.6557611079607 -18.0887643585243 -12.2831675429663 -11.4426501185988 17.1949577714334 -10.124271014146 7.51863134122952 -15.7055655824168 -12.0428232276122 12.9159460034754
Pan_troglodytes 26.1019388805713 11.2252041520165 7.56100695666548 60.7876652731291 36.6813948445956 7.65739014968888 -20.8356634862768 -19.7555675177733 16.2040406220495 5.13432254575235
Panthera_pardus -2.04366221107371 -4.40702750445809 21.2310331111812 19.5585234300023 26.4507637747654 -0.771930924120677 -19.9904561389077 -9.80397734228408 -5.41606083729769 4.71465217680215
Papio_hamadryas -12.6848022710066 39.5527357507024 -7.58966848928028 40.8474196728355 18.1007918053197 34.0739709048717 -3.11796833677383 -9.8260947490853 20.5350173357449 -0.591583369258927
Paracynarctus_sinclairi -16.9515905838598 -17.8710505922348 22.1122144517052 20.8277843195587 15.9193396975502 14.5919886283868 -14.5420057419272 -6.56289968698953 1.75055378927774 6.70482341814175
Paramylodon_harlani 39.0720241631255 -29.1089453873621 -16.5008187320151 15.0798492126678 21.0649216773993 -10.7499211828989 6.0368683792373 -3.24208989017045 -10.6893570426615 0.480201569599711
Paramys_delicatus 3.691891417625 -27.7304170062661 -8.96350611738844 -4.43282754482084 -12.0707124678225 -11.1778205975578 -14.2237622497285 -5.87114433002205 5.35247383541316 7.57630623232119
Parapithecus_grangeri -31.9978581380155 18.7426089594659 -7.78943489472327 39.3131259645967 30.856916461546 30.1589926303431 -14.4659149539768 -0.775283745224447 1.92336803005737 13.2160990110647
Patriomanis_americana 27.8952549478217 -19.7441606671582 20.6890421391166 -12.0158648735364 -1.01339162610123 -6.43143735699485 5.44282183590101 7.56143669210778 7.49721788536291 12.8987831551808
Pedetes_capensis -53.0945677460914 -2.85749831484375 -3.06176505108371 7.55282183250977 4.27512086637585 -1.23463707615507 -7.07646222401886 4.76670345439478 6.0068787331603 6.76741136951088
Pekania_pennanti -21.3589650699392 12.3237565609366 15.0701555016081 26.3067599972701 13.7750473354405 20.4680775645772 -14.0882138419933 -10.5660041420677 8.16095725990204 4.91936611417767
Perameles_bougainville -23.5589422809354 -0.177070961524934 -16.366349558971 9.1025026598694 16.8150877821273 17.0096004323909 8.7588802884532 27.5029148243235 4.79088461597867 9.84946592505237
Peromyscus_polionotus 6.42707856624847 -10.4389599917315 -11.3649932620222 1.98651413698511 6.27524816340899 19.2186876349781 -8.29826450053619 5.73676319535991 1.67496298978081 9.17690265270117
Petaurista_leucogenys -30.6204406261162 -23.9464763372815 2.5080187404807 31.3670254656052 5.39207149724632 6.4365457948235 -12.5941908123503 -4.15924769505699 5.4138511487922 16.1075093332694
Petauroides_volans -13.7676707874144 -32.1511486268047 3.02227778140167 2.07204417305066 -6.70010308986199 -10.6970711965464 -9.95390115820097 -3.71475347540827 -3.0467762363675 0.890012177282501
Petaurus_australis 9.93731688167946 -17.6990638024406 -9.93195403888318 15.9044146137066 -1.2043018736035 10.353812788041 -3.35697256629705 1.00561930379657 1.31915057142073 5.71834975658843
Petinomys_setosus -12.8866985727234 -12.105158496366 -11.7571252236377 17.9375905848324 2.68470312868056 7.46381024531498 -11.1974784724296 -5.69352178786504 9.1127381978116 12.8828633523393
Petromus_typicus -40.1718531397676 -40.6831437424131 -2.16547524961545 9.68371744723768 1.70844828907335 -7.79615688070216 10.6731400472471 2.88786157349886 2.58728168560316 6.31019362443819
Phacochoerus_africanus 8.11833972168635 11.6819829526856 4.44432255428422 13.6102477708664 29.6770913475611 -6.69360637507517 -1.85826701862078 1.05547932031096 -3.35854945265972 8.64733813333941
Phalanger_orientalis -9.68318946226624 -27.51436839428 7.67742284751318 11.1071429595823 14.6284071542183 7.58055426767758 -5.09546594632759 -5.09553636308855 -6.40410474326658 4.2444158090497
Phascogale_tapoatafa -1.63874832899242 3.03923814102162 -10.8299384108109 2.80153551460027 -14.9570895527997 11.2189472629558 3.24029049416288 0.839278596759003 -0.59402901770242 1.18813292777081
Phascolarctos_cinereus -21.1749878527869 -40.3561746387167 -5.74331871711092 14.1304168419715 18.9353660190008 11.0172236134834 -12.4389910629451 -0.0720102736188085 -2.48313481907318 15.9306721124368
Phenacodus_primaevus -7.11531468871254 -57.2022869570219 6.43834791458621 -24.2253924273353 -9.15037393624825 -13.8992251961549 1.78277996615215 -14.0722786421107 2.86487241558599 17.242239165251
Philander_opossum 3.9614731936265 -17.6266653962478 -7.10827556893043 -2.66776300939848 14.0599385716236 -9.55709838789638 4.51002161879407 8.15154155870141 -7.23117854298343 -0.590982829929167
Phocoena_phocoena 113.168775759913 46.9380402624053 28.482135680053 0.705257095615852 16.9120272417239 -13.7356298203888 5.81436096885506 -22.4203987744045 11.1244921080173 -5.32550964709901
Phyllostomus_hastatus 55.4874347720549 -46.1141239241771 15.7463442216543 11.8888445630777 21.4535012753597 3.99366469084691 2.62667101723539 4.75033947836428 -15.9712803459224 13.5748401373265
Pipistrellus_hesperus 24.0036426088335 -40.8971030129809 -14.8340754310622 -27.7192738000543 7.91216758220242 -7.11678375822945 8.32182353102827 15.8256429900128 -3.11698603993139 -6.77390256257285
Pithecia_pithecia -5.15748631789901 30.6604041646979 -6.18775977028769 44.573835869768 31.1407915759731 9.35030596858455 -23.0835665621095 -11.8679045952252 5.66724754188934 8.56304308345852
Planigale_ingrami 12.9976075716525 -6.36725783501664 -30.4301631034079 -13.8727048392813 -6.49559601861342 6.04116323538909 5.1171197403178 -5.7289590682317 -4.02942413066671 7.22601133049376
Platacanthomys_lasiurus 2.02090544479135 -31.1210646033348 0.351431126189692 12.4472776938843 1.35092736319605 -2.17491679731806 -8.86636877767969 3.60117772554813 5.14448706642607 6.18148326572037
Platygonus_compressus -7.52001255623188 29.3265179741228 21.5390225872166 30.922749545565 18.9910562040362 -16.6656074254173 -8.08393212107324 -14.3958474315168 2.34494380526297 3.46060424531035
Plionictis_sp -6.37285919492085 -15.5031353593852 31.8850674640641 12.590061172525 4.40359426885648 13.1024806325273 -7.1737998357622 -11.7413520571965 2.16457183853194 4.8376595753747
Pongo_abelii 40.9137511432642 37.5917110611032 14.4213864119639 58.6392403319266 33.345088314741 0.371721213459424 -17.4775439313659 -18.7707357115154 19.1296679454491 3.94249694079634
Pontoporia_blainvillei 92.1185625273652 42.5245886208606 23.5982925899833 11.4536035272892 -8.57997103877288 10.5106304239839 0.381170116317159 -21.2420172078114 7.00838852265595 2.83640505516911
Potamogale_velox 25.2149738712459 -30.7360330554353 -9.70564381694592 3.82671763590758 21.398765501537 -1.14827412149152 11.9322075725991 7.95391731009026 -8.57856121263738 0.406293865975827
Potorous_tridactylus -8.8170424314161 -9.17603345874092 -4.05008717577292 10.1430225683048 6.65383494212105 16.6430883379436 1.44595508280514 8.44804113533978 0.324705879198356 8.23446195802604
Prionodon_linsang -8.23537245559372 -14.3491767952314 38.8067727224835 3.03042424049349 17.9374049633454 -1.58675988930547 -9.44811234041221 -10.8135735865203 -14.2341103161795 6.85062036735833
Procavia_capensis -31.7596962961863 -10.5969977183157 17.0132654797808 18.0030133004879 15.7205374586703 5.94971727993475 -4.96263206256097 4.9216377456965 -9.38593338395262 9.02391904437739
Procyon_lotor -5.34130388132772 6.48437792414776 -10.1406967180445 35.0902582477461 27.3102458906988 2.5205983200634 -18.0610421255298 -8.6370731299527 -6.13498379351276 2.62620753698263
Promartes_olcotti 13.9633600025796 23.8530400656931 -8.89822899309107 20.5735670980483 16.6387078467113 21.6629319347466 -7.65108530816674 -0.728881366517432 8.94019379745764 6.8441508600424
Prometheomys_schaposchnikowi -9.66630562986066 -17.7673061320285 -0.833718189165187 9.08825630522298 -3.96621259704058 5.08824217593171 -12.8665673788731 1.34475023695432 4.13162144293683 7.10004941414342
Pronolagus_randensis -39.6927574587128 -25.3385063600286 -6.8819040973188 -20.6639302059607 33.5991193708275 22.5660432471779 -14.3282495077669 16.7090488493384 16.1057569278141 23.6806189273772
Propithecus_verreauxi -10.2201330357128 8.35454559193665 -3.37366337046946 41.4566372923678 25.0462437045955 15.0650561753826 -22.3907860340759 -3.50686530597182 -4.33268726312801 -0.320637708088736
Proscelidodon_patrius 18.9483581633256 -0.0412067834601554 27.6162451155474 16.480166795961 -0.772190831647386 -9.66174740352697 11.5082164097376 6.8787342050166 -6.28536816598481 8.73126547821032
Prospaniomys_priscus -42.8693464978064 -39.4443372332083 10.3667515796017 -0.623453744934894 -0.967186460583465 -6.60697770398355 -13.8865048628144 1.25606213680693 -1.463490301672 1.90616103820693
Proteles_cristatus -0.748156130759649 -15.7012729140256 8.88428794425324 11.8804391783528 26.7467335400103 -1.85684351117294 -8.04563628046458 -6.52979063244824 0.724847550719631 16.5223806306557
Proterotherium_cavum -76.9094579101364 -15.9956339155365 21.6144438363454 0.491940860541669 -2.12111356696033 -19.3951747066671 -8.46189685543679 -6.50845137116809 2.32485886940672 5.76257548907595
Protocetus_atavus 35.6949703794285 -11.6425098591591 -6.85684112103889 -0.226493967530782 6.72107654752121 -16.9970019007216 -16.0563809372634 11.6446225614205 4.41375406947554 19.6292742308311
Protosciurus_rachelae -25.1280865700046 -30.0640529811707 2.4897435080206 3.20077678808917 -2.38517941053817 2.86243459543877 -5.63295460700067 1.9855668207556 3.32837439657403 13.7490253902469
Protypotherium_australe -62.3930348949342 -14.4796682269612 -5.59304763075768 8.31516751788761 19.3422133422633 6.54063191913692 14.5711630862791 -0.242267522557085 3.40423555474207 7.77180720454344
Pseudaelurus_validus -25.3192701038434 -6.37538232001769 22.2425615763435 15.27373123724 14.1656675898627 -1.12788388382163 -10.5616544483856 -3.96529048723145 -3.97194753716796 2.72894201170089
Pseudhipparion_gratum -42.4041444350063 -10.290456089992 3.44900519987423 18.6769568393121 21.3971127400222 -3.54680770922207 -3.62773375491657 2.62334869569148 -0.24045403717373 10.8844832027857
Pseudocheirus_peregrinus -15.0459835585853 -30.5950405659136 -0.341384484429158 4.65471662276142 3.81691661888078 -1.55772396719907 -15.7813855266347 2.96765018705874 1.6666310185344 8.93776691330406
Pseudochirops_cupreus -10.3954175288489 -22.0084953310724 0.199996711310323 6.6907155684459 5.62029411091954 -4.45890337321901 -6.71815572817921 2.65968882626397 -1.87650355295622 6.71069600823691
Pseudotomus_horribilis 2.91939490471663 -19.6796630213482 -9.80521236988474 -7.64460877762637 -4.85457910560612 6.34182326292293 -18.6101181553662 0.272254109289718 -0.807783452892658 9.60827948265208
Pseudotypotherium_pseudopachygnathum -81.3541684868751 -15.8315120090764 1.69071714487825 5.5051957586598 8.5558215920819 -3.98389263758107 24.3895933200208 -9.30252413391129 -10.544796509975 15.9147267703116
Pteromys_volans -48.385372419367 -30.9188739899192 9.20950958844121 30.6093684825399 4.79149938532927 1.92427621367656 -11.1640690372542 -2.95605224104143 6.8245090102555 12.0272513007451
Pteropus_giganteus -28.6245118551247 -3.37187413146684 10.5713702546514 25.0882692101211 17.3638756028098 -11.9683096755732 -10.2164965541847 -1.99988697235915 -1.76810384391349 4.25562749154477
Ptilocercus_lowii 4.48388454048816 -17.6607114032761 -7.2925033234784 14.7841978483832 22.0467198284527 8.25514982415377 -7.5400396155743 1.62931201466689 -8.52313961490739 8.27371571809418
Quercygale_angustidens -3.96428730790091 -26.0979132873682 31.7379860226356 -17.8846932278697 17.7042582010121 -9.89825610823146 -16.802114878787 -2.05538110734152 -9.31076644484112 7.58378746359348
Rapamys_atramontis -25.8521102905596 -31.4409565480328 -2.55135058930123 0.86703430947951 0.04928295866952 -14.1828172355587 -6.05747171876063 -1.48265968841551 0.602781597749696 7.5662959026021
Redunca_arundinum -58.1491045716498 1.22819825044566 5.46810645425528 24.5406501016305 29.060398443218 2.51370699858076 -5.22030204604791 -3.67771500962032 -2.02356192725809 4.41902707112314
Rhinolophus_affinis 17.6058579612437 -52.2513023894696 31.673962696686 20.1449092327266 10.2387947281918 -6.91030999298237 11.6998793434116 15.5042620071853 -3.44288070017668 1.24646919563637
Rhinophylla_fischerae 54.5049473557555 -23.7658697645714 13.8238312635564 14.2586280344968 13.9302500298588 -3.40840805955166 6.51005345349357 12.302225529489 -8.89781235501504 6.56644500640617
Rhinopithecus_roxellana 11.1263143906077 27.8440624881159 -5.19903337315896 55.4114505704646 25.4889483104271 12.7306374454057 -16.3797370788065 -10.1889307750669 7.6870242629935 5.21353067319261
Rhinopoma_hardwickii -16.3051080721811 -47.4341150273188 8.63735046759546 -10.033325303545 0.491357379096755 -30.640110024833 8.4122957507698 24.2510240360906 3.14760775522356 0.646236859728845
Rhipidomys_fulviventer 0.847524671385801 -26.3767348899409 11.0774824423639 22.013622798369 8.08647470265787 10.0293555489546 -11.1368452122396 4.87510317872196 3.3900281594654 7.3673262248959
Rhizomys_sinensis -37.2394287365601 -6.08493597818623 -25.0687475185699 4.17959014577936 7.23416531796486 -15.8738080438356 1.6916779203628 15.5387159022743 12.6654109155889 13.3077703184068
Rhynchocyon_petersi -19.4065986581933 -12.5445902307436 6.26293902267645 14.4493067332452 2.60826690852871 -14.2162559932916 2.86319317471874 17.4546145840568 0.0500649005410416 1.49912076823082
Romerolagus_diazi -36.8003355022497 -17.2276265183502 -5.16610399945599 6.42231076108996 16.9913106714268 6.93125432498181 -15.1074300997133 7.76447958661668 6.81967299470043 15.5990481606442
Rooneyia_viejaensis -7.64946319723998 2.58487487294326 -8.51422084159329 28.5853761679655 9.26385027185802 16.4429294967243 -7.30187569322234 -3.59385897143191 -0.599599685557604 10.097213700186
Rousettus_aegyptiacus -10.8801457439129 -13.8154022717285 -5.5722038857048 8.16675762555648 9.47201630003266 -5.67601518473245 -6.20775225667992 8.42297625111147 4.55308192952993 12.487726157711
Saiga_tatarica -18.1580594961574 36.7943008025312 2.01835552724506 14.2715412850809 21.0562106021174 0.17659219228901 -0.782092263551321 -2.60854428246935 -6.32673613173698 -4.29321333363648
Saimiri_boliviensis 0.320435563417245 56.3845285434552 -12.9055711037408 37.8693526660046 28.59029918076 15.2093349137353 -18.2400107195121 -5.51862475290601 8.4962419755348 10.2164568855986
Sarcophilus_harrisii -11.8426786332954 -22.7865652960472 -25.1467055314163 -0.665244727670404 7.65592178408294 2.17800097114359 7.34107249246116 -8.09195800713805 -5.13170063606976 15.2536481324052
Scalopus_aquaticus -10.6141511682777 -20.0692507712563 -19.7973182022656 -5.51775967523983 1.49997192591453 12.225823249219 -5.17505748302703 2.79136932404969 3.9770101908115 11.5590416215411
Scapteromys_tumidus -2.59200764668718 -14.2042960377298 -1.11946918830657 7.05852292852395 11.0630952317269 21.8755798185132 -5.73337927583416 7.62842770615072 1.04233075428162 6.61280584576865
Sciurus_vulgaris -26.7389455790653 -20.1869761626748 8.99967718248259 20.506081265432 2.93770510382126 4.95855517408805 -11.5178163201765 3.97420561655692 6.148859682298 13.5744512236635
Scotonycteris_zenkeri -14.0499189919706 0.697055214671369 -3.81732601674605 0.333715617894291 9.17783601180568 -7.57956942813242 -9.3040369205721 7.85290636614474 6.60115761647913 8.92671807465937
Semnopithecus_entellus -5.3812615625249 19.7865663727168 -4.87683445592534 42.6243431292076 21.0273351923365 15.5168758528315 -21.3904050647343 -8.32539643336409 8.00684125128818 9.69735423050939
Setonix_brachyurus -25.1836073994749 -7.6257929825385 4.12989257421018 24.8505928643291 13.9447401350415 8.84899818410853 -9.6005138864757 8.12318911767685 -2.6199772962025 5.41051204224935
Sicista_concolor 11.4683556751892 -11.338240666838 -11.581680069294 1.85577554334018 3.64176635125316 5.9055152417369 -9.7247852671076 9.354911368727 4.47392216487541 8.66310237408989
Sigmodon_hispidus -22.3472821315367 -20.9762118352036 2.82120983436576 11.0375959154889 9.03513648880371 1.125951060452 -8.54677794345683 8.03216269136721 5.797617227883 5.75779426310023
Silvabestius_johnnilandi -14.816018594682 -26.6330644709299 -7.3805624700837 3.28576090183562 5.51195874920203 -6.6324031416421 -9.5486534239374 -7.99636370214921 -6.22633951149337 11.3659563454581
Simosthenurus_occidentalis -21.0473627947873 -21.2825087113511 1.69850214456432 17.3945690912111 6.11430620357687 13.2166470074775 -14.7169604468052 7.79733431231345 1.89653758387286 7.90391475056988
Smilodectes_gracilis -19.0562066281325 -18.9265005891777 -12.5063747112451 20.754829114426 22.5044162139604 4.54324753889953 -10.2869860589452 5.37464127427705 -4.97043250601978 10.1604281394139
Smilodon_fatalis 4.76224594787212 -17.1154424908856 25.3078331210917 -1.73673603016736 24.0618715080564 -30.2637248646965 -7.66723382905984 -20.5131308161482 -14.9416435137206 -2.95238451464496
Sminthopsis_macroura 7.966271292385 -12.0345368967537 -9.58839771346656 -14.2752450127662 -10.1999299758552 10.1043041650334 11.0499595637151 3.76855792039974 2.69936909885103 17.1745333433957
Smutsia_gigantea 46.1786801710775 6.41917718926909 39.4575538756385 3.35885142829768 19.4424712102944 -5.22452252241681 7.74144293810424 -0.100980427757334 -10.7284521519379 -3.61885294051594
Solenodon_paradoxus -3.43245541973414 -32.3537143273371 -1.9133286691106 -4.8639144779212 36.5403287961431 -4.19220968003167 10.9767279155137 4.38488860131932 -11.6406871430016 2.30932760925356
Sorex_araneus 33.9584526319638 12.0318764448765 -32.3025749895191 -11.2941355702601 -3.84173902859474 2.67904863751515 9.08432118187308 31.7844061892675 -2.82011814005898 -3.97321777269628
Spalacopus_cyanus -15.8697807523798 -26.7160394847297 -19.0440769356179 -4.52299334153844 3.52780422016653 14.5485754136343 -7.54712639978897 1.53848631417946 2.73494043286413 12.2322944513428
Speothos_pacivorus -8.32667358976631 15.7880111441931 11.9911944211396 28.005240439056 26.5795950021254 12.3564177191087 -15.7815473404761 -10.5815833185255 -2.18174829027097 6.4308327249411
Steatomys_pratensis 3.08401700266577 -0.840481343521476 -7.81493279149181 -10.0288550685719 -1.63458454882747 7.70345268590121 -15.7453914595407 12.7278190613469 8.42368959358167 11.6757946931248
Sturnira_ludovici 52.0810712871239 -30.1821144894948 25.3591454471027 18.3348223478295 1.17479130968479 11.46522333311 7.92204486633308 9.53668026776584 1.33432277105278 9.20440670106548
Suncus_murinus 11.4609341800576 -17.1678193859389 -25.5130293481303 -18.2759214766717 2.47493633949085 -7.38868155330617 6.50454478914425 3.17407361743474 -11.8108885348882 -2.0878957484125
Sundamys_muelleri 0.352279293236376 -18.9911632828317 6.14897094767333 11.2910113309259 3.22080883085913 2.06881312662145 -6.6215792688895 6.24843332914964 2.17252207502997 13.2137519348777
Sundasciurus_juvencus -11.4666566505922 -22.6204377741287 3.03343160786116 31.7148584962432 15.5008790031969 7.46396934487749 -14.2905896985833 4.19052647463289 2.28783896848548 11.0533976334643
Sus_scrofa 4.50566614951339 14.8618146112101 27.9443569048649 25.3514416520763 22.7008073353796 -13.7457746752573 -4.58610430872436 -0.139976664576722 -9.65827192608721 12.8986718512381
Sylvilagus_bachmani -40.1660194663547 -21.7412863769214 2.19958259898068 15.0944538509594 22.857785525245 11.2916364257765 -17.4878096497496 7.49794695882871 12.5937323636685 19.666691501956
Tachyglossus_aculeatus 27.4718764705148 38.8606623504825 24.2055369678335 9.40533773935736 -9.49480901247947 5.13631279076244 -9.88166444825921 -12.6657715176018 2.43870058087742 -9.51028276531698
Tachyoryctes_splendens -25.9141719222774 -9.50048639982959 -9.48760248166069 -10.6642961057445 -7.1329442528207 -12.7479968615082 -17.063555122804 16.0401472422901 14.4126936383602 11.091209465796
Tadarida_brasiliensis -5.4047802744845 -53.9165113153538 2.61546522691001 -13.7364266739015 8.24938050742021 -7.51214997715611 2.84704027838684 24.8866601673927 6.91239061469404 5.94020125156533
Talpa_europaea 35.221224399376 4.07811402918397 -10.0763967954331 1.12962625682629 -1.78514824512607 13.2060649231111 4.50717931092514 6.76517468087648 3.35649470976731 3.75000933783535
Tamandua_sp -16.3576873419194 -25.539196133628 4.06644689714157 8.69019336554776 15.7387278124901 5.9359085681211 -9.97218063080144 0.355001317272594 -2.53924448582988 11.4630369071724
Tamias_striatus -22.569252036148 -16.8635117034098 -4.90866328764916 7.84186687069503 8.96158425178673 17.7831772881617 -7.14511351704063 1.4061855877005 5.30715703565254 15.7961120206013
Taphozous_melanopogon 10.8769669764429 -59.4350706532805 18.3655123924376 -11.6495794353725 6.22493145408839 -8.03690193755872 3.00681874525269 16.3339762788726 4.45544462490956 8.61094442811133
Tapirus_terrestris -63.2264766347692 1.18965092585366 -11.8397750733332 11.2069950078015 2.45543743062798 -5.26302442653262 18.417052356823 7.73547178637556 3.59415962309037 10.7200970332636
Tarsipes_rostratus 15.4107820801922 -21.3127537576259 -6.62418987134901 -13.6579363210082 -5.46296036181295 8.08164571464792 -3.59477339349042 7.92336242742583 1.54120034031379 14.8801465259396
Tarsius_tarsier 8.20542160231932 -0.328154845334856 4.54810424250982 38.5271993262587 31.4947704186208 25.4995709291612 -15.3038209038224 5.42055241864986 -1.86969894552038 5.10620338435138
Tayassu_pecari -1.8933093191102 7.10234743505465 17.051944429549 31.6812944304493 26.0131203562875 -6.80791245857486 -17.4970054010342 -13.401304564956 -6.32162003053259 13.6865976681242
Tenrec_ecaudatus 19.1448886791904 -20.4789441966569 -11.2210207250527 -8.05637566274777 6.50985060091787 3.33712920968068 3.23745236679322 7.77149673831779 -5.19458007295554 -0.558559586508152
Thalassocnus_natans 23.085426038444 -28.8537321672847 22.470896954072 16.4428470851403 10.9874668604636 20.1540172304838 14.3556703822734 -3.79006311157791 -3.67083490324632 4.23035305201443
Theropithecus_gelada -8.87793534227198 28.2183015379006 -8.30537626126589 50.1619354080122 16.4222360136572 21.3114601518055 -16.5264071356306 -9.10505478169552 9.02546062217436 -0.862398712471548
Thryonomys_swinderianus -38.9042697326163 -35.7118314522475 9.55004291914405 6.2402319816898 13.0555268382701 -4.73632914000001 -0.0404143541763154 8.44253343995326 2.64339239863827 11.4213803570271
Thylacinus_cynocephalus -13.5670054970821 -23.8230563137018 -6.60578394162702 -0.908629868229323 4.29553747641401 6.5039684236688 -8.09882591946147 3.1751847421888 1.4588698647304 0.594894608601895
Thylacoleo_carnifex -4.30645688462796 -21.6174995458233 -18.4323733331426 12.2910145690031 8.01484028156017 16.8235257458405 -3.59417579430518 10.6650735806659 -4.69773604618376 5.444643856986
Thylogale_stigmatica -31.9123220584034 -19.9292354972245 4.87158626642873 12.1592733773171 15.4743058671321 13.1173144098118 -10.8815155622648 2.54163532908 -1.36990482544423 6.47318050178608
Thyroptera_tricolor 40.432515147443 -32.9996537166652 23.6211495610626 26.2694871077092 21.8224145784613 -0.660733763239138 6.12862513736629 32.853499278895 -12.3481007134799 1.22646127908043
Titanoides_primaevus 4.02700211450652 10.3314287719214 -14.6787638958324 -8.4211053017157 0.0212205910689407 -4.78508426336526 3.0600574011271 -21.2206198937302 -14.2613447896581 24.566025242749
Tomopeas_ravus 5.69091327484734 -48.5891064838265 4.62912469651544 2.18321887325139 -14.827506925594 -11.5999147021684 17.433455517024 18.288006943082 7.18431009575109 6.41668618792045
Tragelaphus_scriptus -34.2914432057937 9.97836696502297 14.6304391309076 30.5713748613308 28.3260540722639 0.817485123629134 -7.51659217623962 1.11843967844901 -5.80215740704802 4.90162244506144
Trichechus_senegalensis -4.54785699109696 -12.4071534324928 -14.137208467693 53.6857176458057 -7.84763890980523 -15.9577811199724 1.60623380063512 -1.10460642072416 8.26261334366276 6.41386000608773
Trichosurus_vulpecula -21.6791963398349 -17.8914429589796 4.27954639260954 11.0768979337452 -0.82574568567771 0.303965075658293 -8.89703751135982 0.0741733021079909 1.45638889076241 3.7328245352062
Trinomys_iheringi -24.143515993737 -38.7142157249231 9.63043031252875 12.9945548041561 16.0764915756762 -3.90134638656004 1.96580393653114 14.4568407381043 3.23137050913624 8.27211391316139
Trogosus_hillsii -1.94233217387021 -36.9914538173598 -3.35421146472676 1.72738966869353 6.02394871146036 -37.7715001751706 -2.34391073280969 2.27555511216559 -18.342650820058 9.86270250870288
Tupaia_belangeri -13.3957607378986 -15.1601407493338 9.85773441884045 11.1032350457332 7.39243522195437 8.02087585495169 -4.00381206221746 -2.20969026130892 -0.250707443133764 8.3812169504222
Tylomys_nudicaudus -11.2541068606484 -28.1230777728815 4.12434563047052 16.6251640411649 5.15515553214371 -12.0972728746852 -13.1385740043055 2.52706091203506 0.846249393392911 0.0876357219492267
Typotheriopsis_sp -81.268814701791 9.05329420552642 1.69288947126985 10.3850154746309 12.1321186658304 -3.92315339225024 18.4840592892966 -7.49575525054409 -11.9752944984459 8.20680276788215
Uintatherium_anceps 26.8857873635208 13.95726691812 -25.7287179565127 -14.6403957640112 1.24209305973968 -12.3541027920224 20.1928969450985 -7.94827704251963 -13.130941799466 10.8444170839157
Urocitellus_columbianus -27.8409227350267 -12.6780312469463 1.53419468914725 28.5625190709268 1.97761135388233 10.2349863658474 -8.74239161335798 -2.2470890376245 2.889884805034 13.903340804482
Urocyon_littoralis -4.35100565131733 14.7519580750614 17.9512942596491 25.9656592645038 23.4673871144137 23.5027817832765 -17.5332729417306 -2.14469702901584 -3.11460453541866 -2.21582566738652
Uromys_caudimaculatus -8.29606718252805 -12.2203284603482 -5.06937147351469 7.57349708636703 2.9243965859958 2.51827612735784 -0.112114816765016 11.6961327997422 -3.44200306426742 3.24340640896119
Uropsilus_gracilis 41.3738935746949 19.5836252609415 -27.6016621999558 -9.33475196223652 -4.69331308482812 26.4178444226123 11.3094649336237 10.86136304366 -1.27252207856889 -0.543150580540757
Ursus_arctos 7.37555923291124 0.932883718945642 -13.0900153172384 0.742820736976826 19.1624242496454 -13.6435352855878 -24.7342791271208 -0.488406502454685 -7.82205319730189 5.86392442998859
Ustatochoerus_profectus -5.0167365393589 -42.6232565416834 50.5972709582758 3.78751275997538 33.1890313745553 -4.42256213421324 -29.7107625395488 18.572149482087 -12.3966674774466 21.8119368994449
Vampyrum_spectrum 40.8370652484096 -50.3932048871696 27.9282037678541 5.19855121601052 17.0755518799444 11.4082557322739 14.8746865945582 20.8405189297703 -0.0538694288620791 19.5492911225572
Vandeleuria_oleracea 7.77406489863987 -18.5021125436599 4.34055553652703 11.8429792975142 11.077635696883 3.5239525355068 -9.42237272222355 0.395966669652167 3.76059547967738 9.43245068549693
Varecia_variegata -1.90564156090573 -7.01043460294046 15.8483938723484 32.1771606532038 20.0041111142432 21.5836968717296 -14.2792859832484 -3.19383240661598 2.05709040163337 2.42296823971861
Vombatus_ursinus 2.46954784334979 -18.047021283663 -13.945876906296 12.4718967026416 -10.7147129584393 11.6002284883368 -4.5846612681637 10.2377357760443 -3.62417358517677 5.96435588187725
Vulpes_lagopus 1.74044064355184 26.7659230817657 4.79238575632368 30.6828238774718 24.0389247652704 7.09771182465008 -17.7236335224303 -7.03346300308216 -6.86692487741035 -2.34924961735925
Wallabia_bicolor -45.3806324116808 -20.6267575022531 -9.37192027500381 15.3753567476209 19.7837301198913 24.5409744189231 -1.30415640198145 -5.09318946548082 -0.691402193995929 8.89259659813853
Yalkaparidon_coheni 26.4301974508465 -7.43430510088177 -15.7341661347662 -11.5519270369124 -5.69845458211399 16.7981218524424 7.91648866687234 17.2766250540685 1.01854793306163 3.38225603989758
Zaglossus_bartoni 45.703270541387 50.4929971121387 6.0393346745914 -5.49917267709424 -6.79675558736523 15.3046658596402 -6.42244560924947 -12.359132924642 -5.86509156026938 -7.99166937828146
Zalophus_californianus 69.5034828223843 8.25562453038794 13.1160317926506 22.6563901137086 4.54146021739337 3.9956319108369 -27.0442276883459 -30.7159975050299 -2.48190503511506 4.47018723033917
Zapus_hudsonius 7.6441666863254 -16.6705928372637 -2.61448104401197 3.51274968613059 3.01350520947268 3.14552345646765 -12.0252617756731 12.4244652797286 2.5789602423518 8.18224455925154
Zenkerella_insignis -15.3215488780657 -27.4695502235328 3.63426345045587 25.6669607940136 9.33658429201996 -5.02198839928855 -10.6222388921 3.33464005036952 3.52580592802562 9.60394243509895
Zodiolestes_daimonedlixensis 1.72174047969113 0.667855035586193 16.073641016034 8.46823006829215 -2.61538839641329 21.1448154363733 -3.24858314332926 -0.762407570474011 2.1234630042358 0.444438182341095
Zygodontomys_brevicauda 20.2890818898313 -7.2918033650398 -0.300438918968726 -0.90390094660923 -1.68690667113537 5.5601627926727 -7.22437117024511 12.8488913244887 4.18625605892623 5.44985533259949
Zygomaturus_trilobus 27.4449984596527 13.563777260773 -23.1438171198273 14.3410175566065 1.46767744352224 -3.07517959604939 -10.3393812816496 4.60955931422709 -9.12784418590871 1.51916042544086
