Abrocoma_cinerea -32.1080497600906 -50.2953025795645 -23.879662686953 -24.663486410569 -7.81033825745651 6.35365916821813 8.77762961751173 -12.2228928100167 11.4047005688454
Abrothrix_olivacea 48.9879612198758 -3.13106726035652 3.4485689653267 0.445307746536207 -3.19556513810585 9.49536372076365 7.39778175510986 2.39037905947952 -9.52446761176803
Acinonyx_jubatus 14.7934086383588 0.171533781988083 28.7904478294528 -10.8944527861056 -10.967748359852 -9.80699260716597 -9.23465464066975 0.640167361710081 -1.68369726271311
Acomys_cahirinus 31.3144005435165 -24.5787330986755 -13.8778610147603 -3.6335087672629 12.6776841518792 3.09866316977788 9.25926083722146 -5.00244564875994 -0.219826391567649
Acrobates_pygmaeus 28.6472843585657 -14.1121794416915 13.1657361090802 6.04677798345464 0.68979939506972 -23.0451857798796 2.45579168162017 0.434927845141274 -3.95019745738117
Adapis_parisiensis -9.93908508061975 -7.97910567451767 -2.29112636790354 -23.1023722507824 -3.53910899075828 10.7891593276118 -4.69805628801882 -7.16802012002942 7.07901241468076
Adinotherium_ovinum -62.0901334617254 -69.6405078298162 -19.2016417446497 6.86628814246869 -8.02341700119868 0.142244598081384 -12.5738877012675 -19.8816970598446 -9.38941000671525
Aenocyon_dirus 2.0208992359918 26.1770358925846 0.597035829810811 -26.2000502160328 -10.3143044353036 -5.4506486036678 -16.105047882579 -4.85883322543995 -7.68116489555877
Aepeomys_lugens 54.3834673745931 -11.9800714936217 4.21928269950623 -0.252700379929102 0.80768232401924 0.431202273400741 4.5194505940159 -1.13686472938961 -5.819439007258
Aethalops_alecto 11.2936245874195 -24.1911100980602 -13.8811587652257 1.35905295793882 8.14697183155665 0.852696095239492 0.163559262859188 -10.3697948412697 -2.01206097262849
Agriochoerus_sp -83.7065721836612 11.3153893572908 -5.77451697414118 -19.4228406169528 2.69669554165158 -11.0954161121439 10.5593242885738 -8.4508409055518 7.86326030946826
Ailuropoda_melanoleuca 26.043434519181 -4.95626751542459 16.2565365419536 -40.0609620765604 7.989984192815 -10.341685679785 -13.9080785796161 8.68024116456057 -5.30191329855741
Ailurus_fulgens 39.5746104205413 1.77498410451365 -14.1615336001591 -43.7496387053407 6.09252844344822 -8.54204224065709 -12.9598992666952 0.824653331238591 6.69182762455958
Albacetus_salvifactus 27.8085797208078 75.8538525145695 4.13898046948838 29.2185048685079 -3.38715220378301 -15.5390221283547 -15.4348561818966 -7.80787987463807 3.88685829487454
Alcelaphus_buselaphus -40.9913354345898 -38.9266490714993 22.013199142401 -15.5467196125681 16.4435220496422 -17.3982575852562 -17.2671435827931 -0.430128030141514 7.06903116530299
Alces_alces 3.40633171692035 -36.0644416069532 -6.45988927485648 -17.4015249213524 3.68150636893354 -13.7988188390073 -0.420170029504023 1.36720419128616 -0.837155045244139
Alouatta_palliata 84.6419423871024 16.8733321845208 -4.81176255962964 -43.1046469322877 -3.34633586870789 -4.83123458433779 -11.3315376034 3.32381863836766 -1.45309156857292
Alticola_argentatus 4.75237883529444 -4.00062566478282 -20.597761620947 3.52655145197479 -7.06414126912927 6.92442892261535 7.72378932088838 -1.6716912558056 -1.08348818446749
Amblysomus_hottentotus 83.6179630199624 -31.8624240217308 -15.9463838355209 4.0408899248677 -2.35844121483709 -19.8285081707862 -1.68432503729195 9.91756668839725 2.25506181258956
Amynodon_advenus -46.1917854768117 -61.566168089194 -24.8349998793923 -13.0654843524376 3.85681839950517 13.0549535540807 14.329564904145 -13.2778618767642 2.73286537279313
Anomalurus_beecrofti -1.28606142443914 -26.1636727515675 -14.3016986356653 -16.1202130200883 -0.755888342224622 -1.17899484085463 7.52969840009948 -2.68536196486998 -0.618555123074259
Anoplotherium_sp -92.8173357831885 -33.0245629856924 38.5504132945789 -36.7988229332036 -9.74550392231801 -4.58532895894664 4.42058124620215 0.972567544366353 -5.6529115679886
Anotomys_leander 54.3516253178821 -4.5528327063401 -3.88084833096303 11.8347976557042 15.3301911537958 -0.967725151949113 13.1384993104491 8.14381013724882 -7.32855235694984
Anoura_geoffroyi 21.6169356508513 -54.891202831876 9.22618772342769 -3.1941678067344 11.4164198454908 -6.90076189237356 7.79183776557093 -10.8563256952783 9.42862403335594
Anourosorex_squamipes 59.6403900457366 -38.6684527155248 -10.9089596546922 31.5144975801985 19.1058330640542 -6.56720433279336 4.40404958839153 5.53100376456131 -18.2318717256301
Antechinus_flavipes 28.089141906944 -13.4771064487336 -10.8001491246058 11.5815136241456 8.58177026172178 -6.42210371712138 11.8806223959508 4.05214947811926 -1.23850830499671
Antilocapra_americana 38.926174614053 -26.9092263150027 -8.17805250818966 -27.6558878892251 3.08855282374349 -10.8190217961654 -17.0770658511068 -7.70757760012293 8.87496678290496
Antrozous_pallidus -10.370270424411 -45.0954718676868 -26.9497315922141 2.95437222317682 22.2857264379823 9.67470702005066 24.1814518741068 -4.41063617941006 1.10453449160813
Aotus_trivirgatus 90.4366276737661 14.5800814274995 -12.0911348886432 -31.7135686957136 -11.6534439306629 -16.9685039231685 -2.16221679497203 -5.13000277172952 1.42403633388956
Aplodontia_rufa -0.83393871977026 -27.9223178139857 -11.4044552943251 -8.92855490295101 0.937311140581962 7.23542881452145 -0.692621311224058 12.9979601673214 -1.0877459471993
Apterodon_macrognathus -57.3773770567704 28.0366204292729 52.1116328762239 13.161986928145 9.27400345603205 -14.6572143910186 -19.691960094026 -13.5508057458563 -0.632145628609996
Archaeolemur_sp 81.7656912955519 -23.3168674720795 2.04007952898212 -37.2762974205949 -2.67054518348574 -0.533132932651262 -15.9436560791171 0.293028274074791 0.689000357579035
Archaeotherium_mortoni -44.882647903838 -31.4620343853339 9.01974626959878 -8.7973230606007 -3.28094868434014 14.3311366661797 -9.15522132642414 -14.8682319827903 -4.95337638323875
Arctocyon_primaevus -46.9299590605671 31.0849765319457 18.6328340896015 27.5013923130461 9.9951339619428 3.78449195056626 -23.2121858314019 -17.5912162863805 -14.0979875878518
Arctodus_simus 14.7722154998365 24.6952558692847 20.0937492976982 -34.2737700220451 -3.95431112309567 8.63231348807876 -7.30655472102876 5.21604325965967 -1.75741306950913
Argyrocetus_joaquinensis 21.4447050411752 109.360950969503 -48.2967129872269 43.7163681847362 -21.5049357789239 20.1039423483646 -8.99499168664577 14.1107355559385 -7.15636478483871
Artibeus_planirostris 38.0632456602934 -18.6163832010125 -3.6314038337737 -3.66880750235017 17.5927645111097 -6.17686258312354 8.84029016483921 -1.46223947415058 3.01602987272745
Arvicola_scherman -16.6803827199332 -8.43835737390051 -31.6333897372458 10.9128977078344 -7.94361990479466 3.15801388243211 6.8852168928876 11.4767323334036 -7.63739406104879
Asellia_tridens -10.10679684328 -41.6006341140779 -18.9388250980277 -14.4344108130946 33.0738147397167 -1.91575904812093 16.4516660763819 -5.10507830562493 13.7042388132183
Ateles_geoffroyi 109.569024729726 15.6855121217034 3.58711646947059 -50.6466537029898 -8.75296726898288 -12.3912005046008 -21.1107441900698 2.60055236752145 4.13319019364427
Aulophyseter_morricei 50.5231233870938 100.147248197163 -74.017804093074 67.4472962263766 -13.9055905205841 5.94381996416063 5.68330309756285 -3.00678854117173 18.0195097232124
Australopithecus_africanus 107.779348464423 -27.7124095877973 -9.53858927557212 -56.0494409318332 1.7268748260918 -17.3965558735599 -14.2037293146322 6.26273488823747 4.02086123140428
Babakotia_radofilai 52.4461639117886 -10.0515375003017 7.47874559485753 -46.5448585818677 0.255974927988862 4.10814584181438 -11.1274437691488 2.06783031894419 -2.83963079274445
Baiomys_taylori 34.5302356960703 -15.013332637306 -9.52839196852908 7.18615203880595 5.63092693270272 13.6426109782552 15.2325663973523 -1.97620235165299 -6.25038946196382
Balbaroo_nalima -15.333813111009 -22.5727382757737 2.55605848965911 -11.9062482297431 8.33384847183214 -2.87809387766955 -6.03529961676814 -1.58504623851005 -0.854681311650917
Barinya_wangala -21.130145496048 -0.0136806207774911 -13.5068147510832 -0.672496115886349 10.8167866964715 5.12024972645801 3.53192473172557 5.22693465653644 -3.15461561729869
Barylambda_schmidti -73.0236337321846 1.09796726682988 52.8973762257599 34.4140290951609 -11.1091940990681 -22.0539276261163 41.9936019897605 5.74929214643628 -3.35263789410788
Bathyergus_suillus -7.21072223201894 -46.92611069394 -10.1517388005615 4.42457814903173 -0.337813000022321 12.811194604729 9.93079104659808 10.4253577878805 -3.96493366073619
Batomys_salomonseni 30.5744377467032 -16.1183294949816 -11.9289473371634 7.26962981707311 3.5591568135403 2.79136524767092 5.8761176790779 2.43262082501702 -4.63642930557682
Beamys_hindei -2.94748825159935 -20.3269809871418 -10.4937866612718 -4.35249112705242 -1.96366230201467 1.70190824846473 2.58980766166339 -2.35379017407027 -2.46289651466901
Berylmys_bowersi -5.29639699695163 -8.01055104389522 -9.83020487941366 -0.14583664196274 10.1368760812871 -0.0738639824344918 1.11608953572525 -2.51754101933271 -3.06822342931554
Bettongia_penicillata -4.49039768596949 8.97742650172658 -31.2965585425317 -44.4859018820334 34.9039108630292 25.5249617315527 -18.3043505271973 22.1049439055319 -26.9530352323459
Bison_bison -32.1280961918642 -13.9079477474262 17.5071270993726 -18.5073163599056 -8.47389033262455 -29.4439056629918 -0.827373267809921 17.5997892140652 -9.74671700213153
Blarina_brevicauda 68.3740969954536 -27.2161031080355 -3.0416434625115 26.1929645147293 14.3628725459803 7.45887418107328 -9.37532208091324 7.44589285245657 -13.6651515396194
Blarinella_quadraticauda 59.5620889618509 -14.0247431824548 3.6868611710926 33.7563249212525 17.7586363232591 -1.2976227575754 3.61810388394381 12.9196766224086 -15.8525450864122
Borhyaena_tuberata -71.2106796577859 -15.1795557322232 17.0548761400516 -8.03667328019202 -14.0509727945024 16.7457989078169 -13.7715745271476 -9.92555070980783 -6.90732377858304
Bradypus_tridactylus -24.8512667434899 -8.39326531523517 -3.47419433898541 -7.20080415998893 -10.4964126091604 -14.9907760239879 3.053246032281 -10.9442130191553 -4.99603492052161
Caenolestes_fuliginosus 43.9113704288813 -23.5691022674349 -14.2500231523816 20.8986881143533 11.0709327192351 2.34040403245672 12.4643077982512 7.52117190807805 -1.70805174781857
Caenomeryx_filholi -13.7325692698745 -21.6442512631029 -23.6138445587458 -29.1329793665365 5.69726238416369 -5.03755357961471 -3.11542411833264 1.88131372610412 5.89687752779649
Callosciurus_notatus 22.4469236438656 -25.5959192505524 -8.08844191535356 -19.2744624357475 2.56440470737902 -1.80185427997036 -10.2095007408601 -5.4415895187118 1.35443826154069
Calomys_laucha 39.9422641222176 -5.15991700841207 0.525262899850371 4.00494639581537 4.87701804319356 7.34234403806904 7.84561198897042 -3.92570575063108 -8.40688841100229
Calomyscus_bailwardi 46.7552699959588 -28.3580580744804 9.31207243135868 -0.574015695048464 -6.5616922039959 16.8266477233427 7.67936414584317 -3.72386153987972 -9.01307566350077
Caluromys_philander 20.5567580142265 4.37792268439872 1.34133832535067 -7.25048859366721 0.763576734076155 6.69794458743149 -3.18664310354024 3.03829442960605 0.143795556924208
Caperea_marginata 12.5482562389194 111.845425923335 -18.2329143678343 28.2101638135979 5.09611891760119 -4.75535452537945 -25.3165253572069 5.32263594456408 11.1561825130818
Capreolus_capreolus 21.7191299018573 -27.4929173366505 -8.96694255342503 -39.660965900791 -3.14483816820913 -19.487916552395 -5.71943053895802 -0.91499751365665 3.00782061389198
Capromys_pilorides -12.6818016704297 -30.1483165414814 -1.95914328511528 -7.68880559078609 -1.44722251610767 5.91070497338142 7.59408439076377 5.64195005005506 -0.408362264217332
Carpocyon_webbi 21.8312827952862 17.5867841135059 10.8680239948986 -29.2476003097155 -6.47358580555391 -2.16577313913853 -12.8676860679978 4.33362946394745 -0.732819024491291
Castor_canadensis -13.7392700413037 4.99488845686704 -6.32948837589928 -9.54908793997627 4.7678121096699 4.49922955075312 -7.03812704172513 8.6403190512843 0.3036548876701
Catonyx_tarijensis -5.01050432198899 -21.5644299505944 8.02563007646375 10.362497689635 2.26320547017839 -11.8714053133301 -7.98758196432864 -1.85361131542332 3.91098106755645
Cavia_porcellus 10.4904645720796 -22.089410641247 -15.5108366671955 -23.6155882738589 -6.81372020208432 11.0275003653045 8.65418837727554 -6.86360032072069 1.81129013682657
Cebochoerus_lacustris -85.9281931414971 19.6432359312038 -26.685393370659 -12.7745173544611 -0.691636249970331 -6.44058262924762 0.207058088267325 -14.2154284268568 -0.0226614876282453
Cedromus_wilsoni -17.7753420395789 -36.0842632669104 -4.0735868631924 -9.81540735092739 -7.79926469755223 3.29606491222933 -2.79632749103589 1.02329185424141 -2.2943712119373
Cephalophus_leucogaster -21.4391923335037 -22.5396378915614 -20.2319497763183 -18.7916465450458 5.20317720800809 -8.43217027420904 -10.6563791786128 -3.08094533909376 2.28182765767456
Ceratotherium_simum -66.143184830643 -24.8686238066832 26.7116828620818 -34.418208803815 -9.24314486539883 -6.49121193250085 -0.715629313866051 -16.4288740428924 0.559154050400012
Cercartetus_concinnus -2.89205175566774 -23.5224768879501 -6.59230039549916 12.2357643478292 -6.55941615811645 3.89247758614424 9.23735419292603 -1.97879903015772 -6.54932220854452
Cercopithecus_ascanius 97.2558954649009 24.0304940080692 -4.90868410880921 -45.6296066631427 3.21414932097353 -2.14109704919959 -14.2200154057722 4.1528753253886 -1.14289848567844
Cerdocyon_thous 10.630135641322 0.48484636158678 8.24492485067686 -15.1921414402896 -8.04461989210991 -4.88538589562138 -15.0421265697272 -4.02425753528499 -3.96994403041633
Chadronia_margaretae -24.9695081195459 17.484175316983 25.5238991946608 -8.97869412985755 -11.244870720525 1.20409982669567 1.53762001432043 -1.11105973748603 10.6085873138159
Chaeropus_ecaudatus 28.7650339004904 -51.3910373302346 -28.6223769756576 0.994840550871713 5.03999432320022 6.8364290102754 0.530492424343275 -2.47949023958663 -4.9740388856215
Chaetodipus_penicillatus 9.61252606162173 -59.6869629178359 -28.5668367322187 2.61939222343133 -2.14623030500657 11.5693910195808 4.89243820524892 -8.64589346686738 -3.56427733121389
Cheirogaleus_medius 50.6102972850274 -8.41956381225106 0.552677730486792 -9.30054031624756 -11.939081874723 5.38608403956796 0.703986053864496 1.40290346705858 0.135841822205821
Chibchanomys_trichotis 31.1103373421686 3.17597633260106 -10.8228017572814 3.73444942571289 13.1007555487942 -6.80131364422926 9.36595852727723 4.25887095718765 -7.37927630872441
Chinchilla_lanigera 12.9687995744891 -63.2454352950235 -36.1929974281286 -19.9234281225757 -4.98915801396654 12.4597071313821 -0.899052106363415 -14.3203260631303 10.0645992635657
Chlamyphorus_truncatus 124.704590058182 -22.116067270867 -23.4034151983874 3.63635781317061 23.5530766268845 -22.6921877415335 -4.84116076124853 13.4562742157195 -2.54706278953044
Chlorocebus_aethiops 97.805822500394 8.30728916121907 -5.52621867610572 -40.7184470091442 -3.37753752188186 -1.67658148745521 -15.0344330401789 4.24708183000499 -1.91351430548664
Choloepus_hoffmanni -5.7398377429139 -27.50868225907 -4.36165143385153 10.2965018865944 0.668296042330785 -8.07052460291305 -15.5507052656942 -11.6086925492476 -10.4803594305427
Chrysochloris_asiatica 81.8050554029132 -17.8772807139564 -19.8518503139222 9.46991743823272 -4.33687883519222 -10.089691556297 0.244041231369941 10.1409571875388 -3.98875131310485
Civettictis_civetta -11.767500843662 22.066347645238 27.1181729170246 -16.2953252015234 -13.8488561036016 7.62584165086023 -13.36307998586 -14.9757875962649 -6.58207551007131
Clethrionomys_glareolus 6.33147042756124 -5.56300222643952 -20.7982500779466 7.09868045220866 -7.25895021027531 8.37204299213375 9.96287059442832 0.0446354756301531 -1.96828906238362
Colobus_angolensis 118.081063128274 6.41641813461257 7.52005701611445 -45.2912974928894 -3.00295432441394 -6.79350720672927 -12.2099459173392 5.2454875139352 0.933877239197746
Condylura_cristata 90.019368864073 -21.054440981094 2.61814693011721 -5.92742714441834 8.68124564530473 0.933163904168257 18.9274269324883 0.834795092718727 -13.4712420286925
Cormohipparion_occidentale 41.6503558516752 -40.7352134621548 -4.41443889507358 -23.6711333087753 -6.49150888460435 6.9797040722882 -13.2403868029141 -5.67557618637237 -1.63474509870789
Craseonycteris_thonglongyai 30.5663630178718 -50.1067728359227 -21.6286722548976 5.80656942544138 29.3308546436345 -1.35467238788364 23.7968126832606 -14.5598574965549 6.20316709214782
Cricetomys_gambianus -5.98220217357092 -15.1178371030513 -11.2550189536397 -1.53546560019072 7.11645990748448 2.66708616857173 -2.40669960264154 -1.07817595330035 -5.02401972307621
Cricetus_cricetus -22.0037746242768 18.259962117614 -11.8120670011929 1.13988242122482 -1.35467157305312 14.3509031208962 -4.69135202133031 11.1902428622761 0.1641869904601
Crocuta_crocuta -19.3265284657955 29.5074036841641 0.455949729989053 -18.3917125292286 -9.82929037636577 -5.75528746012459 -7.38882384303782 -1.30070416880264 -0.728930410502517
Cryptoprocta_ferox 9.46166848930467 28.4660587857361 11.8835747451601 -13.8100612429018 -7.00356111251573 -3.22665500467023 -10.1089253920707 -6.1332061092999 -6.1728847628564
Ctenodactylus_sp -5.59897428486866 -42.6109901819123 -22.1068317268154 -9.39169980655364 5.82602794704947 6.38741146099324 13.0000187753279 -9.27179742569314 1.43981515753062
Ctenomys_conoveri -15.3239517455863 -27.7799254954203 -16.158530100136 6.80269466546405 8.20146392319695 14.475120894371 9.79922197728526 6.40618433920536 4.94384149856306
Cuniculus_taczanowskii -24.2952973902343 -16.9455345641145 -20.7310053169568 -12.3172829142769 1.9568157240928 5.86459212604959 5.7838168057442 6.71562927437847 -7.06556885497038
Cyclopes_didactylus 10.176060546056 12.8964950244069 -12.962798785432 -17.5940174238956 9.69929063475023 2.07994146365657 -0.13223402048241 -2.7517170252653 0.480124803386627
Cynocephalus_volans -59.904511591366 -4.6639521654607 -33.5200030558335 -50.5399354180304 21.3488133375889 15.5482409411772 -1.13226456271628 15.0582284146457 -35.2791053391627
Cynodictis_cayluxi -37.4001347250677 23.2152273654171 10.4635817994541 -3.08644832448471 -15.8168399723178 4.95438799711693 3.59031426903519 -9.98524698178972 3.96250004963187
Cynohyaenodon_cayluxi -64.9151537240945 19.8818810344267 9.3188427299095 -18.660893543219 2.88519988004499 10.1748353331916 -1.60224028006356 -4.63033576817575 -0.3163588256492
Dactylomys_boliviensis -15.991150691907 -7.97545858387733 -8.32280176717134 -34.1115866747686 4.29886804097156 8.46703173870085 2.97266989764725 -5.29656674585173 5.07905014086605
Dactylopsila_trivirgata 19.2903574612364 -3.43350335414375 5.86867996485678 -23.2624414154934 6.71638758107973 4.38351411495003 -16.245350392104 6.21315422434707 0.58060730712746
Dasyprocta_leporina 3.59012798025159 -13.9593653887717 -4.22106388502674 -25.7862347936146 -1.72987614717805 6.61748776484021 -1.54748490486298 4.7234235402442 2.28729919882306
Dasypus_novemcinctus 77.8216285887968 -57.6925651466044 -10.6721684611681 -19.0968008739461 18.3942819431569 -6.27111721817227 1.47805495480009 -2.06253506086647 6.30146296711989
Dasyurus_hallucatus 1.7887589230298 -12.9880073253048 -6.39155669734622 -7.93026800380109 13.619980866616 1.42927925905788 -5.51318467563971 7.0669795415868 -5.79390514061765
Daubentonia_madagascariensis 80.2773132317292 -13.1511546333608 -14.6981578593886 -35.6421646860978 -2.85204639990165 -11.2768016222429 -1.58486599725091 5.40591866470034 -0.335355737825361
Delphinus_delphis 72.9902268114994 78.5449052652394 29.0000959740925 18.1788391775493 -20.4350852253111 -14.6063072226585 -16.130352638991 -2.69629563752364 6.17102347837569
Dendrolagus_lumholtzi 7.6722910932551 -5.46551407616922 -15.4219156014841 -12.7905332037562 21.6682166895834 1.65368813584468 -3.01956047453962 -2.34820073099432 -1.68174597015729
Dendromus_mesomelas 37.7232401905203 -17.1256023635712 -7.80842084707161 1.83627270398383 9.48758633967377 4.82997396414407 16.5803202120402 0.122170365013803 -3.90258720392939
Desmathyus_sp -7.30499343558507 -68.7767528337724 -24.0183537223647 9.36452377709137 -10.2443829126453 -6.28098511896218 -5.29255264350965 -12.3210366992222 9.19064655094249
Desmodus_rotundus 52.8636707779084 -25.5566466717511 -8.74851076853296 -5.98130631039738 9.13322055117852 -3.1149682461338 6.38284659959622 -0.580479134815392 5.4175544480946
Dichobune_leporina -0.60793859592402 -14.599674086957 -21.7467480759488 -31.3196826148107 13.4196266517285 2.69978618974262 2.1902139792321 -10.3343257576516 -2.78191985238707
Dicrostonyx_richardsoni -8.32539103851862 -15.6380405556792 -26.9559002275238 7.24203951499297 -2.80258199507337 -0.588590941542073 5.14539550455632 2.21471849157733 -2.31929164531788
Didelphis_virginiana -21.993408539536 -16.3910047732119 0.491685805539948 -9.09829915347557 16.7705105435202 -5.05282725474226 -9.13102111381347 -4.36013828571645 -8.10592835246818
Dinomys_branickii -4.17899724772685 -18.8993828756008 -6.7424795874274 -22.8389053370462 3.28391449554319 -2.09725981863714 -11.5717068511057 1.95855120852491 -2.4392513910288
Diprotodon_optatum -20.2369435249133 -34.4312906178123 39.5321262212791 7.9022105941887 28.4278001504999 -6.10166686018932 3.70217511108368 -7.25575245433975 -7.40408469078923
Distoechurus_pennatus 22.0563744267756 -45.3232163148953 -3.29501108060144 15.5278222558173 9.66158153249875 -3.14398694678825 -7.44548506282351 -8.37183809985087 1.45487667166191
Dromiciops_gliroides 20.3965522463768 -16.8691124734159 -14.6328622546812 10.0346716030916 -1.94881833693851 0.287809757985339 8.97438735095715 -0.565990116811578 -0.218867575905161
Dugong_dugon 15.8792200378783 -53.3225967375543 31.2092681387004 19.720937462372 -25.4148782153761 15.9175367409933 14.5661335887005 31.4792583541231 -8.3264852390655
Dymecodon_pilirostris 110.169255912056 -12.64793102183 -9.36132764666636 13.0453803818305 -4.62074677594782 -24.4650960189694 12.9610120070593 13.8213846040677 -12.0966766702873
Echimys_chrysurus 26.3507750700879 -23.8931848758052 -5.67956100795704 -24.8583720093291 12.6076000403577 14.6044707839256 0.453682974679767 -16.3121990720278 -1.74426083097067
Echinops_telfairi -19.1954623257905 -28.9372706533306 -16.7221599192443 18.8773282855243 13.3753915198063 -3.1031301326189 6.08328855988789 2.16630486252568 -9.75760068052075
Echymipera_kalubu 29.0995990670057 -54.5618493659793 -8.54148456204257 24.8794978744135 8.45165647508907 -0.618724421886429 -7.88859653224885 3.76649873363959 0.822906702353941
Ekaltadeta_ima -15.1448720350286 0.631749886703115 -11.317041069782 -2.32089939839032 11.4711383566349 1.46662637454074 -4.40494105233511 -3.33543326292728 -6.34386208455264
Elephas_maximus 65.6658492653274 -30.393977409418 18.2494654770639 -30.9417910876934 -18.6281663896928 -26.1156931948599 -12.0689762839816 4.48704149971663 5.29225937888088
Eliurus_webbi 14.0591064298194 2.90902325852454 -12.2733300135343 -4.08257738230644 3.19521972639806 7.76101761798962 6.02187411204088 5.22778454936452 -4.25094414089919
Ellobius_sp 0.0807839622329124 -3.10655246114135 -32.2110375791082 21.1366796865497 -8.76978309655377 2.02397597051284 3.5874832532558 11.2137810038575 -7.79268495126977
Enaliarctos_sp 46.8028725149653 3.73427867397486 -4.3895243972353 -6.25918679815043 -11.6001289353252 25.5299308080243 -19.9106052834521 -18.1933044361629 -24.3526009784828
Enhydra_lutris 79.7839303707666 46.4591424160092 36.016184540982 -15.9390680165666 -12.7592470766632 -16.3841443674647 -8.50341165155417 8.13747253178054 -9.26727755197119
Eonycteris_robusta 6.92002248538375 -29.6891598144787 -3.3536878600112 -9.4948519169869 11.3606633849527 0.526672975566617 -5.05359853089387 -3.91958074124502 -4.06854210981677
Eptesicus_andinus 15.0795702168183 -21.6940239362944 -12.2429747075813 4.02079776933596 20.8934403795227 9.87560426959004 25.5382164331685 2.15653715951071 -0.608060083248642
Equus_quagga -12.7184971954323 -42.3197022152019 -5.48891794521116 -27.0053285456758 -9.98380467793298 -10.525631849723 -14.425978592434 -2.17936019291274 1.7874748930149
Erethizon_dorsatum 11.2315844094574 -12.9694652793505 -4.38358457280328 -19.1453359471122 0.293959794376924 8.7137922809269 10.492749758186 -4.9635327622739 0.478355784803224
Erinaceus_europaeus 11.9491121132956 -21.7846418420043 -5.93795429426612 15.837120017803 -2.49304146003765 -4.10074065316817 6.7066916083169 18.0531704219156 5.16411977583941
Erophylla_bombifrons 53.100050738434 -42.5333404759889 5.69504795242402 -8.27471492975223 15.2243526793189 -2.59849704886183 11.1081114592158 -8.25617088957384 10.4668215607251
Erythrocebus_patas 86.0871805681702 16.2606072295582 -14.3158119053687 -43.2116076825125 4.53622679982569 -7.84249879872887 -15.0784832211047 3.10002698017739 -3.05612931924031
Eulemur_macaco 69.2784306696553 -2.98329963119921 16.9660921144049 -31.8587360819307 -1.41031402675832 2.70843215439158 -20.9544638591944 1.05054996292667 -5.89270792812111
Euphractus_sexcinctus 19.3516607164822 -16.9190645600294 3.56142580172224 -9.53490671244094 5.55709266373001 -3.87705435192715 -6.67931235752019 -3.05240543162185 3.09251836993065
Euryoryzomys_macconnelli -1.0214986962392 -17.2115782162855 -14.5419178686096 -4.68929176105431 3.81144811054044 11.9933516099802 7.56424040817815 -2.51540262933181 -0.932418520197483
Eusmilus_bidentatus -31.1100163966681 0.311372721039895 12.4507988605953 1.22918143058984 -18.2939819765267 -7.96874415618104 -9.24897727253046 -9.67984671868377 -12.5178566822378
Eutypomys_thompsoni -22.9354315962491 5.90196544556803 -26.346996672249 -13.9081497110783 9.58942005358172 16.6215615513594 -1.84528330738841 -3.60148287661307 -2.97209551579924
Felis_lybica 28.6640152253878 -6.86336348973954 25.9999481456705 -23.9326503029063 -7.5969024673408 -1.95079248005797 -4.60067208193628 -2.49532736434337 -1.06898596785266
Funambulus_pennantii 15.0868599105299 -14.9810571720155 -2.97836335014873 -5.77142625505429 -9.6711143888823 10.2525905802015 -3.83161646019179 0.778212588073286 1.13151818190643
Furipterus_horrens 28.667678027338 -36.5873472648111 -19.8828182204644 -3.34649865050538 19.1801800940213 -5.66536762566308 25.7038973128506 -4.50261190509437 12.4979457180564
Galadi_speciosus -12.1281957874026 -26.9447171363743 7.82860644398095 16.4057964177538 18.2312771919366 2.66442456125954 -6.61290496872096 10.0575354419653 -3.59965488349659
Galago_senegalensis 95.7792892493795 -13.5000563109865 -3.67399787783352 -40.5114591669896 -8.91108903972359 -4.3991032183853 -1.49147470872559 -2.70503241011281 5.23985923068207
Galemys_pyrenaicus 104.361202182084 -21.7888278870367 -1.17711587568336 11.473309755782 15.1915583312344 -6.26195862308738 6.85760071984376 3.84785986185649 -9.63216032644011
Galidictis_fasciata 33.9529653367603 19.2269468080063 4.931538453267 -17.3037189312794 2.23388277339373 -1.7513472098795 -5.6183038074966 -4.45964639622904 -3.67638839969126
Genetta_genetta 0.518155719588306 20.336817860516 9.72110066624131 -16.7621411549409 -9.95668080134048 5.68237992108481 -1.93281627531951 -5.87874140675586 -4.5101794279214
Geocapromys_ingrahami -6.91050930337249 -26.897713271642 -21.8306006008122 -14.3621033015754 6.01414378824893 12.7468604826926 8.86269364085985 -2.36517593368015 -3.55311715973701
Geomys_pinetis -28.2179797628202 -30.4367045925527 -40.0856808946566 -3.50619855591807 -6.61115511786706 17.6564797472331 3.82921628341344 1.78639241803314 -7.6318868447244
Gerbilliscus_afra 10.7077053298759 -24.0445892599347 -30.3875684659497 -8.67039844797984 3.10187404173255 -0.0187297375898108 3.79049809496808 -0.284296686858349 1.34150445380879
Gerbillus_gerbillus 18.5837111084997 -28.907968277089 -30.7451627734282 2.26209531715678 5.95585727583623 12.0376937960866 12.5276405317497 1.85629599404831 -4.38050282484603
Giraffa_camelopardalis -21.5913443605725 -33.4853612598312 6.73069801329295 -37.807996858204 -4.0675397066845 -15.1689517695824 -5.12060597706523 0.742976259423976 4.80442445229259
Glis_glis -1.82837255139091 -20.691848501338 -8.15175533072743 -3.50387714984863 -2.65384168473915 5.6566098004567 0.410795694042326 -0.708604505555397 0.83555235606068
Glossophaga_soricina 26.2681540768332 -34.6561365158642 -3.0112790156347 1.4983967995041 12.4435386776719 -1.83184614301065 14.7166603379456 -10.7178131079294 9.66719441244705
Glossotherium_robustum -6.608484590543 -3.40941724211338 16.97785200735 7.79309740150015 -10.7809279909227 -15.5968584430837 7.88335266953569 -16.4639835941345 6.41381712196774
Glyphonycteris_sylvestris 20.9822068431105 -31.7382539236668 -13.898305505994 -5.74570734691861 19.354520470194 -8.071147343856 15.7106522702914 -2.41868823117708 5.09104731323315
Glyptodon_sp -15.0424815183705 -50.960604058295 58.9354648045407 29.573219228051 21.9531013175948 -10.5607682218934 2.73170112301123 -24.2524880843138 -3.28479076870845
Gorilla_gorilla 106.789464923053 -6.34141312293729 12.8206668116035 -44.8445639326332 2.15084184281283 -5.7337159121236 -21.7415427779094 5.90962218209447 4.68216706097268
Graphiurus_nagtglasii 25.3875359965174 -20.2320075329238 -4.24244907205125 4.24977451162348 3.83816295617643 -6.40551538107013 2.86137612568589 2.39284448748459 -4.09351817017135
Gustafsonia_sp -34.1256521070053 22.5132688740026 13.5404850343013 -20.2399953972495 3.09675375475521 12.5350556855909 0.518523344007226 -1.266272046864 -2.17004040794374
Halitherium_schinzi -39.4786736344759 -29.8097827721667 -23.5846086879477 -2.56942916432235 19.5406740289324 -6.36734399533527 9.17582225546716 -7.22059618399002 14.8890378583553
Hapalemur_griseus 62.130185362103 -12.3264425783263 -3.34658914273118 -28.6862334668746 -8.88819680623616 0.89989907685474 -2.71774458418551 -6.2312817407673 2.28038774921413
Hapalops_sp 15.5943665300281 -42.2355549529274 11.9740451447212 -25.2874518643135 1.41499067712577 -7.45107685882935 -15.285540589348 -5.46350461678394 10.7232538110666
Heptodon_sp -85.2547062752214 -20.0420564506647 -48.5662726227012 -9.86128214266733 6.20677931755791 -1.61457237576389 5.08154113338024 5.90895717984878 -4.69040787509431
Herpestes_javanicus 4.68916511761878 41.5571880530384 9.05785845051816 -14.3870772638347 -15.6368401557132 1.10058281494673 -7.59689070051408 -5.8136367701121 -6.49321107695468
Hesperocyon_gregarius 10.2868876378219 64.8992432774203 -2.95175047051412 20.5700047397306 -13.9993245455438 -0.793244793518647 -2.39199439209683 -21.5993439949136 -6.09796652575167
Heterocephalus_glaber -30.3576834288775 -13.2165439844617 -18.4152702740596 3.66737670219466 9.87211056245048 8.35594623572843 4.54076445050906 2.92895787550044 -13.0215997278457
Heteromys_desmarestianus 8.24004578052829 -46.2105485368872 -1.40808046232865 -10.2107006828511 -2.62850698597957 10.0331991534299 7.55279877747087 -3.1690045873193 4.97082237207085
Hippopotamus_amphibius -21.2897170617766 -37.9913306514547 19.0784585423456 -8.48249164866189 -5.57876195822068 -15.6129780546345 -1.38445615789605 -0.117063016367375 1.68877590508827
Hipposideros_turpis 26.7094519426191 -37.4885017084829 -1.21882546170368 -19.8936869624766 27.9030484168512 4.40137882191967 5.1783215729582 -6.42250089058119 24.0556531481765
Homalodotherium_cunninghami -12.1708448565851 -47.5453325369206 28.6652747827326 -30.5496588034728 -2.26382749306789 -4.97184801219825 18.2339986257905 -9.1919539122272 0.0107859887445008
Homo_sapiens 160.814600188043 37.3040478939066 14.0738603661056 -81.5610033126162 7.2365243464127 -20.6761529365377 -16.0686536958783 6.17326138520238 3.7696506706662
Homotherium_serum -34.9357293130511 29.2324930629994 32.1151380207391 -17.7772456635438 -23.0649896524228 20.0506085324361 -0.617557747872247 1.8259637267682 -8.49914669695819
Hoplomys_gymnurus 40.0416831196171 -31.6705423577001 -3.36758313591387 -33.003540938808 15.7167013709617 4.47383334800833 -3.048370367971 -9.01972940209261 5.07637911873774
Hsunycteris_thomasi 46.1011862428837 -25.5262211472458 -6.24907403657929 -8.03604712220723 22.7837663425142 -7.13465699612885 16.3528479151347 -5.69247142729051 8.7573383258476
Hydrochoerus_hydrochaeris -13.3131112357132 -59.4853764873231 -17.4443183489882 7.9625717849526 -22.5080069121776 -8.20129004543493 9.70763885034922 18.5148650871339 6.02886220142529
Hydromys_chrysogaster 18.4239858988711 5.29920703879009 3.98371985367189 7.01476680702328 9.46061464247343 1.95202314953962 5.246400556626 1.58702348065494 -8.3596663705863
Hylobates_lar 104.398156917735 12.7992527144195 0.130897463217142 -45.8485717023295 2.62459003194034 -4.84558266265716 -8.70173700578329 -0.172307360551207 -1.9430423445011
Hylopetes_spadiceus 29.0207633386192 -19.9075626322973 -8.79054356867482 -7.09503289792854 -3.01566224896847 -0.256819161828096 -5.1613204153603 -4.2422416375717 -4.48591962646732
Hypsiprymnodon_moschatus 20.3814423221503 -25.2666377025205 -6.11297213526517 -0.133212854636288 0.0349624424966082 0.737144906788217 -7.82815962382067 -0.287572387850022 -2.58310701267454
Hyrachyus_modestus -68.4501649511092 -33.0810845296319 5.87008928712395 -15.985882995162 -16.6421693307244 4.45017694782889 4.83390508234105 -17.4873363126184 1.04072192477246
Hyracotherium_sp -30.6459985710443 -1.62011836873603 18.8332507751935 1.78353450007523 20.9104286794495 -1.14680680266535 -6.68125204579803 -10.0677930514693 -0.954417566577917
Hystrix_indica 9.25192101510355 -20.9735703761512 -19.7022215069413 -16.5062284596525 2.94281270296918 1.1528659193378 1.66840025008915 -1.67816915227433 0.171888419829779
Ignacius_graybullianus -52.9828677791257 -10.2770274721136 -11.7603238740275 -16.9071502153553 23.9603593667912 4.96098794570219 -8.56225698344637 10.1181432896194 5.60779197988428
Inia_geoffrensis 50.181932036046 66.3793328390329 25.4105251891003 25.2830179939055 -18.7882626915423 -7.70491439644752 -8.09295152474396 13.145089366378 1.66249979646814
Ischyromys_typus -44.513070333179 -13.5390235989512 -3.97418892269264 -19.5285710439527 8.70696061625538 11.2707131716975 -3.87186701756335 7.98699674166546 10.1525025551626
Isoodon_macrourus 1.07219407597455 -41.0060852690289 -21.9367117028377 6.75991279661552 9.07385780416373 5.91686753590398 -1.85532596578971 -1.52475564623329 -3.1345913967249
Isothrix_bistriata -20.522260549767 -14.7052187582136 -9.37971114416935 -34.7093118055156 3.7584962271877 10.4186990714562 0.876239076175506 -13.0868435315767 1.8093587079388
Jaculus_jaculus 14.4221894124109 -78.1867632489209 -22.5911411812515 -4.29966640431291 -15.0718355933365 20.8190821954208 4.12264293287009 -9.93809625883249 10.8353937437578
Kerivoula_pellucida 60.5280232806504 -44.2635810840735 -14.7899747575917 -7.22128182712365 17.6048775787878 -5.13478306461591 16.2503477359493 -8.36393370537549 14.4744982442166
Khirtharia_inflata -68.9110971487334 -10.7930304275498 -7.06087915300394 -44.9419958212969 -8.61456292833967 0.677174483128616 -0.219653871755614 0.898885466764004 -15.5361856912026
Kogia_breviceps 53.4799507704609 60.7101594409424 1.68872378201722 17.9585416967957 -34.5678908293612 -29.1205271212379 -6.2140377792505 8.36625891873873 -2.13689614171395
Kryptobaatar_dashzevegi -37.8104576657123 -36.0844958306414 -8.21518077396096 10.4018216122319 1.11615046995663 8.4576458537276 -2.62094159826789 -5.80785497806214 3.49440877937698
Lagostomus_maximus 36.9899684827825 -59.1477071768622 -19.9838506213372 -14.4428690582165 13.4121562802721 -0.628902971658052 -3.38239454790528 -0.766622571038525 13.4068951079041
Lama_glama -6.02152652280908 -57.2750201097002 3.8913911744709 -31.181011639557 -5.28816290866509 -7.44289887311887 -18.9638572249152 5.83969009472448 7.82862907404615
Laonastes_aenigmamus -6.7507617986872 -26.6665995169605 -11.9023203656734 -28.9641075237684 17.9773760522011 5.77309026970217 4.50853498650047 -16.0891054104667 1.05881044684081
Lasiorhinus_latifrons -2.35707049816113 -30.1273939578419 -6.1169036438929 -2.95614407852054 9.11298370271279 6.26677597792735 0.794710328013407 -2.14940951907504 2.72970431983447
Lasiurus_intermedius 10.0883607652635 -26.4602145767935 -0.128884669533949 4.70282271323915 13.5675946019581 16.7645684921772 10.721256972217 5.39387610346698 -2.32968032686618
Lemmus_lemmus -13.8685721063153 -11.9590737073779 -4.92356569163561 -5.0836369683549 -18.0821631872211 27.2271318772283 2.82141848201581 -4.89864542341487 1.15674038253599
Lemur_catta 69.8436058455093 -4.68291071999824 8.76760657675194 -39.1462952150729 -14.8942406481374 0.109400636254337 -2.69033355400762 -2.37971131468945 3.37559337546876
Leontinia_gaudryi -38.3403976836068 -48.7902716458084 -6.69195384260101 18.7324218802586 -19.2967503441842 -4.77285892394909 2.31351995683508 1.24298557897077 11.5866903679647
Lepilemur_mustelinus 39.0626386270594 -25.6286992159994 -12.3649156397521 -28.4307722114962 -4.30230024279882 3.24522790555274 5.39816145375232 -11.0539069464528 4.63760061453782
Leporillus_conditor 7.95435013231981 -22.3393397349494 -23.9273132817071 -4.42135049757637 2.84318908806645 12.3326983593589 5.03765816072084 -0.87175434287069 0.556522813365905
Leptailurus_serval 25.7430217995001 -3.85504908539405 14.1341041111648 -23.3843754346498 -10.7025623638388 -1.89287692208509 -6.91751898134084 0.406429697749841 -1.17772055131172
Leptauchenia_sp -69.1672179031763 -33.1642282910563 -13.0624209404797 -33.9929015766972 0.0818316816694222 -5.07077178638467 -8.17574515778196 -8.52701660368758 0.275353821831879
Leptictis_sp -19.8756774851038 -8.3908970944003 -7.20685163251872 -41.8510329468485 13.7792779699858 5.00025629801257 4.52036148487322 -9.67864378336517 2.211629165852
Leptocyon_sp 5.83927858147087 31.7062659758062 20.7182650676748 -29.3057352326479 10.9905167134591 1.16899635548715 -3.42119803949219 4.73883485203809 -0.976547615283826
Lepus_europaeus 15.116074208463 -22.4919962085939 -26.1505436953217 -34.7239415773824 7.33179836898857 13.4140895019537 3.98319112097025 -5.76653676270441 1.72195966919753
Lonchophylla_robusta 37.1158007946991 -15.5747534133329 4.69215560987134 -12.7323885002878 23.8507413617504 1.29691849678778 12.104038074222 -2.47721533515156 5.21136832830811
Lonchorhina_aurita 33.792565563319 -38.0700875258757 10.0724560065184 2.92575666794769 27.5128115573315 3.04134971027779 15.3624011934408 0.456426289252186 14.3766630688975
Lophocebus_albigena 125.349647005465 16.0525433818987 5.17186146262048 -43.399449623422 -5.75882516535995 -4.65917060764415 -10.9720344525545 8.62385791913225 -0.962630819700192
Lophostoma_brasiliense 42.4834765154678 -36.1855098480052 -7.53080271784489 -18.7698262774881 5.37463694788282 -3.02157235722797 22.2340047062953 -8.14983438457486 6.33783277445501
Lophuromys_sikapusi 28.2902651724108 -25.1397633602236 -2.36490368494369 -6.57238608870321 4.1567922064644 10.9746955476019 -1.60592153116159 -4.51553038414978 -0.442861270991054
Loris_tardigradus 96.7287921761878 -9.93955204058842 -9.02008601681129 -39.6560393398085 -7.78209327329154 3.95177802509001 -8.69540057623526 -3.16405923536045 4.15124344756739
Loxodonta_africana 32.922628476336 -38.8359368443205 17.8363199432934 -35.2035127412021 -6.77315127974891 -1.02853313537292 -17.850492194241 7.85568713451166 7.66368742343135
Lycaon_pictus 31.6122609965695 12.8463459774007 2.10744247891917 -27.8408004919431 -15.9219410399254 -3.77220835846537 -13.3794170519167 -0.0217068149156689 1.48087127573644
Lynx_rufus 38.8353550225076 4.72017650653417 23.4584409861709 -22.9454852280582 -6.03431107615063 -2.45715060615136 -14.7793789947608 -3.53787360410093 -2.87727051331773
Macaca_fascicularis 108.713449932507 11.2329915316054 -6.96419378822419 -37.3285580194315 -3.17591000149658 -1.81140738776975 -14.7901805664592 2.2958511202529 0.335351008453269
Macrophyllum_macrophyllum 46.4050408755468 -38.7082104072566 -9.19047087621403 -1.45996899361161 22.8273188280298 -8.1599029296312 17.8189745974876 -8.12081208904683 9.54647566030214
Macropus_giganteus 2.48724422837826 -20.0482019097034 -26.2086856453664 -13.2210738874335 10.3660907702852 0.0414367929005676 -10.2612374704639 -5.05179683616865 -2.56545288874927
Macrotarsomys_bastardi 22.492651818907 -13.8235502800225 -20.133803573433 0.85927517323109 7.3973014583084 8.86745836205585 10.6043835236518 2.45630455588565 -4.48511019771351
Macrotis_lagotis -17.092796618032 -38.8320133166631 -29.7647124912113 -6.14302123992181 5.37909683387256 2.36909220848869 -9.19415885788575 1.51256539445287 4.71627340948157
Macrotus_waterhousii 43.1421112414912 -47.1833751062576 -9.63248839714752 -16.3222923486005 25.8945856247685 3.4549030289552 14.9824944788337 -3.82470302180098 13.3884452615575
Mandrillus_sphinx 99.3795990157072 15.0974656275259 -10.6494894933425 -45.5277713590138 -1.9197325686601 -20.843428075775 -7.81116715939381 4.56869978680374 -2.94183195233175
Manis_javanica -18.0120138247794 35.9406434280638 22.9451299402724 21.236578690967 -10.59527047342 -10.6253725633301 -0.815903632065822 -3.54817618647722 -2.89664231387322
Marmota_caudata 17.828381974072 -16.8420347851783 -5.74990269337087 -7.49472061045075 7.02164985037467 12.9596392082189 -9.79703169807742 6.78520073123266 1.6694461936243
Megacerops_coloradensis -35.7794103403363 -73.2420526929621 -13.5405215783702 19.2297236393711 -16.0896543883736 -11.268793084479 -10.7779550099905 -13.9499456364187 -5.57332250507219
Megaderma_spasma 6.64212172205403 -32.4482438444088 -29.9083207264343 -25.5919055562326 26.2783732779027 -10.8686254514399 9.53300931160973 -14.2706473400152 11.6648433125305
Megaladapis_madagascariensis 39.1433760073267 -0.681653441024296 4.38457502114535 -26.0832141585864 1.06823895871702 6.71765457891424 4.3588524880767 -3.25850052610363 -9.23557776341846
Megalagus_turgidus -0.314193609517918 -24.7599814472099 -12.818624423067 -31.6826612048274 18.2795625230025 7.88256415262868 1.03524903966183 4.05399989029849 9.95865971196582
Megalonyx_jeffersonii 47.0697279996198 -25.9342644587544 18.8897409495486 15.4785137841464 5.98882645481769 -20.0327943200786 -7.16981199577638 -6.99310595209434 -8.25693576600666
Megatherium_americanum 17.5739554013589 -29.6182692118593 38.6983205380788 -9.6279526465494 1.66450645244948 -20.3356869642171 -10.5718398578529 0.277387588603273 -2.38698426215446
Mellivora_capensis 13.3383929581494 41.1968468950392 -7.52759289117562 -31.9670587869427 -4.98714997989838 7.52887106613106 -12.2562962380494 2.0382833603987 -7.40272705303016
Mephitis_mephitis 51.101346978923 -1.24970042128237 0.12729424171132 -8.67003865120204 4.7383527896755 -0.101626128521932 -4.41436468547623 -1.85253182433039 -3.94410725684215
Meriones_libycus 25.8668802742223 -42.8587717423442 0.211885860786221 -13.2034039146796 -23.672990646485 37.1123267553425 10.2228444513179 -2.44218946597288 -4.28062212200384
Merychippus_severus -19.3036043931841 -58.4688882419656 -23.4767542171043 -13.8455278499967 -11.4700233699634 -5.07230548579034 -6.49885263898355 -4.58760000124067 6.00434365779534
Merycochoerus_proprius -41.7667644476389 -42.2134134799486 11.7366916910884 -13.7430968103957 18.501835566233 4.65913757156827 5.1320980179622 -14.0922023161675 10.0226270921834
Mesatirhinus_junius -70.4631759946985 -29.5515679373179 19.8725630461995 -4.91813304691519 18.7407011800931 5.40307950241749 6.24870541213214 -3.45272720525407 -0.0987879761219321
Mesogaulus_paniensis -17.9184457158968 -9.65122858303703 -26.9965376928268 2.99715791810459 7.16971390594817 8.73635338017234 9.57717879141521 7.00605790818101 3.31985957062348
Mesohippus_bairdi -30.4303311721168 -34.9100390775797 -15.9965834886431 -23.1299116580431 -5.1790493269944 -3.8535441118637 -0.763561866012337 -10.7182773703133 5.83372567326205
Microcebus_murinus 57.7337882585393 -15.4955555021097 -5.59849294177871 -12.5495820200714 -5.78226997983834 0.0662666735906515 -6.64713736156253 -3.67928836168874 2.78350531857361
Microchoerus_erinaceus 38.7711195015179 -31.6463504359951 -12.5329016581962 -16.5609399771411 -12.2775186898609 -4.49527383867388 -12.3184071175371 3.55684194907536 4.87794046588651
Microgale_drouhardi 39.7112343557949 -19.8967063277855 -15.870112559514 35.5554562792341 11.1063322001964 -1.75174007671314 16.0263974182474 7.09568117579375 -5.17702776526184
Micromys_minutus 55.028290928676 -25.2451700912414 -2.06300237462709 -10.0666735746813 9.20949045568125 14.8670373511342 7.77071167882494 -7.54515293422451 -4.79890850878193
Micronycteris_hirsuta 34.161726485054 -37.666182027441 -12.2333338283342 -17.4995630949974 12.0577790091008 -7.86599331481771 15.3147642692857 -8.61144532294177 10.9179262490357
Micropteropus_pusillus 2.10542991295093 -13.4863160199316 2.93645007275308 -0.528655934994333 8.84045461217951 1.87579108650473 -0.132448392584095 -3.25694581943473 -6.65132788475318
Microsyops_annectens -38.2113137931898 11.9173271993124 1.01658870954117 3.91930708593837 14.7799212525314 3.19206351874398 -8.31247915191435 4.8244487313205 4.10473001929469
Microtus_yuldaschi -1.72133383087845 -18.0231574324328 -20.6174822584345 18.1722612776257 -8.45708720994411 5.830161522687 11.1192072778772 9.86494335937789 -9.32816267923958
Miniopterus_schreibersii 15.2365685001552 -42.9491932462443 -19.8894045535033 9.5569576209264 10.625497159062 2.93579411031829 21.6896957164178 -2.65714094341775 6.38384886041588
Mirza_coquereli 65.3835701410691 -9.67045087997139 4.92333249919311 -15.7471056944526 -0.326117566014809 -5.62527447123748 1.01184195232795 -1.55733631133942 -1.40099214684323
Mixtotherium_sp -30.2196633757193 3.609111215221 27.8471496994447 3.62500480494049 44.4532594155314 17.6405934812593 12.8519295192023 -5.80454647521993 -4.21938285142697
Molossus_molossus 30.0284819648899 -32.5349310786406 -12.4585582356841 2.44706082594173 19.3737699457754 -1.59555353421914 23.713475627688 -1.93504824965677 4.803335090732
Monodelphis_domestica -29.6900857027784 -8.01080523290729 -9.70825190798762 11.9915931267772 14.5470154292563 4.19939747882631 3.02987267894289 0.339030863397414 -1.83681100331202
Monodon_monoceros 70.0226498673147 45.396323373057 15.8022792134948 47.3100620916759 -19.8143171132351 -6.56219962230054 -26.1591590928943 1.41879587179566 3.10477256858622
Mops_thersites 40.8308169416951 -20.9781612875382 -12.2776471223077 4.59567536415239 17.0652097279786 5.54420113401153 30.7913112455244 1.3929455282514 5.21158148139661
Mormoops_megalophylla 36.8274256692882 -30.0611305288852 -15.5576850755852 30.2708525563432 -9.69463773436283 1.79032374482743 25.5312342113636 -1.22560578151932 1.49265152464721
Mouillacitherium_elegans -10.4793252482971 -11.1009328542038 -11.7167663052239 -21.9112821649224 8.51423296477019 1.31704827275565 8.71883877467983 -7.78568880563711 0.618189512889754
Murina_cyclotis 47.6698304879511 -46.2102282011902 -14.7795256884997 -0.117833023644859 2.24242388575409 -7.43611815930586 25.5185477885941 -6.96807657000222 5.39488776415245
Mus_musculus 20.867059222535 -11.1424444243501 6.18160388816626 1.5288093729747 -0.711651888221427 19.2857820905825 7.67740232188747 -0.3895405586425 -4.38646531107227
Muscardinus_avellanarius 36.3657712937101 -19.9356795055575 -13.9572546021188 7.93682919496589 0.897475017506065 6.92251705446132 3.45949395661626 -6.1181003420853 -4.15964785074913
Mustela_nivalis 34.291642336021 29.034726924522 -0.48049251021584 -9.33171051896545 -17.8538868313687 5.32950481389945 7.26121327317645 0.49153549370233 -5.58103106000287
Mylodon_sp -3.38692391950277 -53.4716958414815 36.0868041002552 18.0725998551287 3.0684456425746 -10.9564748395295 7.3631749607623 -9.04403590867562 2.10926934550621
Myocastor_coypus -0.255853389242425 -13.9111435253815 -12.9615093550505 -11.4875061085143 9.04779755263551 10.8807095660325 0.0566834258201004 0.87340814406589 -7.95062091323691
Myosciurus_pumilio 43.3472108340366 -30.09437421025 -5.26844262153153 -4.75476666695771 -12.0114386624337 4.30273631954033 3.11559062228523 -4.05316760392029 1.42721139833282
Myospalax_myospalax -21.2121733842294 -50.8264783554808 -48.6948111637425 18.8188940508632 1.18653741623436 -6.14304729846284 -0.761744220198607 15.6575167180396 0.944352550308261
Myotis_adversus 24.3061063084627 -46.8398139657873 -28.729903355832 4.04974883161192 18.9580851075696 -1.52517435110967 23.8113786325439 -8.54072742053726 7.0555088016114
Myrmecobius_fasciatus 7.78823932160996 -14.5224712283096 -25.0390531999919 -3.45877156375689 11.8991917522089 -12.5517855711927 7.1026603938447 -6.14233139775092 1.76728437033457
Myrmecophaga_tridactyla -36.4103748512923 8.08646424584859 -4.80267450376001 -24.1209225706845 -7.78250640221288 4.98839708409846 -2.35768255292402 -4.88103527482564 -3.88537864058706
Mysateles_prehensilis 0.652581046968609 -18.6942115573992 -8.77944547679243 -15.921866792707 1.28976856240756 14.5457713998127 14.1691632965642 0.188322014678479 -3.38422584057048
Mystacina_tuberculata 48.027091701272 -39.1295439104441 -10.3667657030349 4.0520863500238 18.3680025514714 0.393028706959093 20.7209945517791 -1.86184620548634 1.55576360169831
Myzopoda_aurita 14.8244135192343 -30.714563871234 -4.6866597717008 10.7861799055174 12.0712941935134 9.7401945622255 29.3308266994515 -0.89153850082038 10.7126655851329
Nandinia_binotata 7.66549998996248 19.4429593316169 21.1296289744717 -24.3300377116361 -1.27278049850982 -6.78466981263242 -10.8206278602468 -4.70631996222407 -0.541810542539825
Nannospalax_leucodon -24.0031893186312 -1.44162845957658 -50.4518263514999 21.8195247193801 -3.94798573910573 1.13353910199258 2.4744269823144 10.6271765419338 3.34350796156603
Nasalis_larvatus 93.5971564677653 17.5147500395485 3.73585439018323 -35.0494872118018 -4.31939669376571 -14.9031196854879 -7.37288713399832 2.72128660255419 -0.423593971080247
Nasua_nasua 45.6285141437534 22.1520159428513 11.8073497659634 -28.1402036693032 -8.0101529321249 -2.96002556062159 -12.5808615252087 -0.00698949080142339 -0.157613395738004
Neacomys_spinosus 31.659176092867 -23.33729751506 0.684290398381394 -5.43153373567336 4.43750607434676 5.45290488872003 6.28554669130302 -5.53744768423666 -3.61243958927627
Necrolemur_antiquus 65.9374359899321 -38.9951087098339 -13.9827861221179 -19.6422198069781 -6.81969080871635 -1.00451996291005 0.0592388034817225 -4.79106207958085 11.640710233344
Neofiber_alleni 3.21703150366232 -4.24580263398452 -7.35965602664947 -3.73986592884757 -4.4354317042071 8.5144026356879 1.85056967536444 -3.55768763111963 -3.94772174631167
Neohelos_stirtoni -33.675715947688 -8.01931131877492 31.7751221398656 18.5276598804508 7.85927380470485 11.8708765558168 -15.6101913671645 -0.635245407720526 3.14763938855702
Neomonachus_tropicalis 67.0312752437949 75.1291455561175 49.0188836020958 27.7306560321538 -17.2283104913087 -21.1448214778178 -16.3578494546254 -3.1066681905902 -6.16164037793587
Neomys_fodiens 68.2509500529523 -18.9871834755203 -3.42772274396679 18.0800628980289 34.6825775942883 10.9568272468025 4.11147113933716 6.43307643571725 -9.95230276252383
Neotoma_lepida 27.4831938257151 -16.4042485738175 -22.2766340665525 0.734740633659716 1.44742201549279 1.73843507392149 5.06550636671566 -5.94292844564673 -3.40487898541792
Nesodon_imbricatus -96.0238708582354 -59.8630529293161 -29.3625853725328 13.0120301645357 -7.93068741482539 -25.8420439307732 -7.75625308068339 -18.7963066376994 -22.0665125458501
Nimbacinus_dicksoni -32.9474736849346 3.38135624619284 -11.7099932537479 2.10479286389012 13.7808719855933 -1.55379344079051 -7.84460308186476 -0.96026141112631 -11.0575329696882
Nimbadon_lavarackorum 15.1531651138881 6.13283590905941 26.1989737044606 -21.3557323665051 8.95242759072827 2.01598422117669 3.80024534606045 -1.91550162071194 -2.99173357112983
Niviventer_rapit 19.9782605952599 -15.5424208072142 -5.02607862378081 -10.0667540630142 6.21061227025958 2.10001261319129 0.578954697022289 -1.00301343764065 -6.84822092674404
Noctilio_albiventris 44.0904163877111 -17.3544001432864 -9.14039547030654 9.404514400176 17.0577960952224 -2.45729831640871 25.4470588245831 -7.10053844801565 2.37636099981375
Notharctus_tenebrosus -4.38212071423079 -2.02137312134268 6.74524556817159 -33.5626361782646 9.42367117013256 5.74065314049129 -2.19264169226695 1.59395833048988 5.22394529771535
Nothrotheriops_shastensis 45.5711898067113 -46.7460449291079 12.9609769667435 1.43306210209718 13.9806763232998 -4.53020710532876 -17.9253199701316 -2.86722695434095 18.8908400054738
Notoryctes_typhlops 78.3046027429035 -27.312549900698 -22.205641519755 2.89484696574701 3.83733926287017 -0.868524414876801 -5.62151966688226 0.63552069883624 -4.92576405560483
Nycteris_thebaica 13.6792577250846 -51.6101348579395 -26.7484360536028 -31.2423039666587 13.8805678681482 -8.22082692414447 16.9583836337878 -15.5526082099064 19.3174949552723
Nycticeius_humeralis 11.2920591407234 -28.8458752970609 -25.3876911667366 8.70281675625622 29.9487597411318 0.989426777281383 20.2739399820875 -1.07343033384064 0.868558303118185
Nyctiellus_lepidus 25.218514052468 -68.5527851490836 -20.5443949105291 12.3372794851935 15.5975164670344 13.1496652196646 26.5866777906428 -7.55284372025504 18.4439777692834
Nyctimene_rabori -9.23552022622142 -3.06929727895516 5.59532362609709 -2.6197394249387 0.0577396137203472 -1.93797730438204 -3.60132894169462 -7.36246869424832 -6.76303553996202
Obdurodon_dicksoni 36.7704374855908 48.0359049502471 6.38450178933513 1.28777976011795 -12.1524815329282 -10.6696704979309 6.62564376646693 1.89695604501161 -2.19099712434734
Ochotona_alpina -7.54874829167874 -20.0674679006344 -8.46891199033151 -12.2598907797174 2.60460491371641 20.2385655810084 11.1634502533016 -4.35199578340688 -2.02818887066613
Ochrotomys_nuttalli 38.0573597074602 -13.5538661136579 -12.4081758424417 2.42975524533814 -0.80947285807094 3.56744577112144 7.28007192197596 -0.690925053676551 -5.09661325327012
Octodon_degus -8.55083046323027 -36.5982398347331 -24.8888849624701 -15.1902728434616 -3.16504001625684 15.1401133059424 3.05436909458547 -13.0377361445533 1.34760532145836
Odobenus_rosmarus 70.5873629624972 38.3961210695277 27.989182282595 6.35030284691631 -21.5696040933107 -23.6859946996668 11.3180533616985 -2.16423486658118 -1.91388135909864
Odocoileus_hemionus 22.1375808627807 -22.9502049085766 -4.04568085232503 -28.4189935328422 -5.2532740694955 -13.290717430605 -12.4104199741764 -9.97437044096998 1.65286253826783
Okapia_johnstoni -20.437389932725 -0.0612109201166148 10.1480110256938 -22.8212742818286 -18.2274572555046 -13.3776752830703 -1.43313913781238 -0.678050145479584 1.21901472351215
Oligoryzomys_flavescens 44.1999512261011 -12.0510956689313 -2.79334860333 1.07569316788716 6.94000691533747 3.08129704247778 12.0617911467023 -0.83024981822011 -4.99197712824505
Orcaella_heinsohni 44.7478677083944 40.6587581292499 22.4461287751656 18.3278069089196 -22.2267791706459 -7.45721069295348 -13.4209280626388 6.18648529463105 0.502121444546647
Ornithorhynchus_anatinus 41.0603378637372 31.2496362637223 -7.85633860390516 3.24996632284747 -16.0223484935835 13.1724325851671 4.71078243462646 6.86128572355385 -4.63859850098075
Orycteropus_afer -21.0980333230283 -18.5788480856915 -0.0441368703731048 -33.7008852425932 29.2147857777954 9.57723146829421 -6.46711729942102 2.78556397689242 -5.53677983750909
Oryctolagus_cuniculus 15.6459582971658 -31.9899775902976 -11.5911507568096 -28.021761612473 6.68838840327248 16.6001162449472 5.04628125199619 7.93841553206838 0.235376827654628
Otolemur_garnettii 68.7871045620871 -21.0734111209252 -2.61537841564814 -33.7445542083304 -6.16023578023115 -8.090870316358 -12.7244332527572 -1.15108607894036 0.911063332859376
Otospermophilus_variegatus -0.12445416100077 -8.57143418164616 -5.59564380597789 -9.44462707968229 -3.17473042013659 6.58172974957774 -8.71177486105285 3.98437768670258 -4.974847781165
Oxydactylus_sp -31.6345099494555 -5.85130676720095 -9.92317079710246 -46.0545855918318 -5.46042974742117 -4.9164606343288 -0.382930274217648 -12.0055887606486 10.1385166492637
Palaeolama_sp 10.6520009406054 2.20044759096455 3.74025242586008 -31.5776266694101 14.3354087418707 -11.852544376563 -9.23251629924833 -8.12993468374009 4.91574915205014
Palaeosyops_sp -76.82498969557 -65.8477348402335 14.8625805136656 19.3246293850592 7.91207265753677 -2.46152421012273 5.1239735734285 -4.21078976423498 6.71713165409973
Pan_troglodytes 104.699393451807 7.99651037946031 14.8156428055995 -48.9682198196936 -1.8341420249839 -11.7967893391865 -6.23794822922599 4.78883031920562 3.21669665129489
Panthera_pardus 12.5138037819563 18.250085583351 25.6189387159422 -15.4417977497384 -6.2443107768933 7.94421397737627 -15.8354227243756 -6.57959189285157 3.9846596843514
Papio_hamadryas 110.148631856805 30.6452573693497 2.95305376406758 -48.0113603733699 -9.40709993104789 -18.2416261141928 -10.8353166880318 9.06118287739183 0.0497042677511852
Paracynarctus_sinclairi -0.991704383340805 19.127446078554 7.2584417518686 -22.6323845857968 -8.07893335841895 -7.89766077842299 -15.2013219141155 -3.40245114051971 -1.21725798799638
Paramylodon_harlani 2.55857151509985 -18.9044503301929 54.0586243734394 18.0895791406149 11.8532862169887 -0.882981818580889 1.17769776576827 -17.3194450100543 2.84233640780557
Paramys_delicatus -45.6852075536836 23.5170729606278 -11.1248043747993 -1.70891056322119 14.1110615671013 -9.88513913768028 -2.06531113663264 12.3841993526458 -0.530198137511062
Parapithecus_grangeri 107.93484141788 9.93471528643078 -12.7655390516301 -40.3863885637715 12.7875189150046 1.06412652807951 -17.1745413797942 -1.52638556323925 -0.829421518961513
Patriomanis_americana -13.9325126963582 24.6250581921229 2.4265748640292 -28.7516092143899 12.9824790864509 -8.2488413246069 21.0455840913727 -8.22473125502116 1.58272811825831
Pedetes_capensis 4.97071434078819 -39.9748152329431 -34.5143236197736 -2.02280269130834 -6.54286095522157 2.08736653690388 1.57366179014362 -2.89822902600505 -3.16221489378379
Pekania_pennanti 29.7228697875801 32.7857353639271 2.23608252712769 -28.710984151602 -17.7781320794213 -8.41421634840905 -8.75214686468373 -6.28816028941386 -1.47625368945985
Perameles_bougainville 51.256858033071 -37.0171674849202 -24.3351756507039 -8.67053302898256 13.1514182677402 0.614187421710147 -3.18496033336064 1.30467914018552 -0.921744330759351
Peromyscus_polionotus 45.2436301906065 -8.68051459647601 -9.72802374095622 4.13184039258256 1.83983050352979 6.92015335678577 7.65895884686836 0.183122392422015 -9.2193595208484
Petaurista_leucogenys 22.6367246790405 -25.7028725963688 -1.71125233130379 -18.3969088602494 -3.41230363892193 5.17222730199983 -4.57642522029791 0.460101989428129 0.662494880600112
Petauroides_volans -21.4803853879999 -23.5490482621367 -4.92006297054552 1.00829788281924 1.04856174413307 4.02223894161094 7.86116880711507 -1.56489560547783 -0.993869886325262
Petaurus_australis 24.4286821093575 2.34805578535175 2.72982038305084 -3.38171393061779 1.7427821051361 3.8437370321052 -4.66151826785994 9.54649446785793 3.74671664902147
Petinomys_setosus 33.8015555382297 -17.4989450472124 -11.0884405638226 -8.00241740115985 -6.12634486988369 0.322255560506507 1.84936275025586 -0.616633894312654 -7.23324317203958
Petromus_typicus 6.06600361688866 -35.5168285477386 -15.6984053577103 -11.7420597954821 7.26192727242541 5.6732207777262 15.0486331878949 -10.1438752816636 7.69828738543603
Phacochoerus_africanus -13.334828862037 -51.0758609179204 -3.34732609714131 -1.90771032846973 -8.92316825618067 -27.569356302319 -4.28112935213035 9.50378392662998 11.357454678387
Phalanger_orientalis 2.00398510005306 7.63708912099235 0.211231205584625 -14.6659051222854 16.4155464284156 -4.37463912230074 -5.56391606723764 2.18301742656165 1.58230593825275
Phascogale_tapoatafa 19.1411912859951 -7.75850575847981 -21.2195004682887 4.04888936701338 -2.09876707041472 -5.62444544365595 7.12795835938802 12.1507444598071 1.36839179109746
Phascolarctos_cinereus 3.94223281360511 -28.0804886628502 7.29132286003589 -9.19291513429454 8.65079587452447 12.5199865204624 -2.50757795545112 -3.95067090333623 -1.78731004419723
Phenacodus_primaevus -48.0487875587735 -2.13357737224724 46.8987838496613 -21.819536820018 -0.0492097807316543 8.85449818606164 -0.7063028610849 -4.5396940532198 6.87431888388444
Philander_opossum -4.48750963524096 -17.601763452361 9.14837746777237 0.614307715331709 15.3753499044772 -0.00467602345639313 -9.15226422045936 -2.81232283784301 -0.572542381727145
Phocoena_phocoena 57.2073285820437 87.6441499498037 57.7290035721103 27.4376649411185 -23.3100477615111 -22.408886984319 -19.6256443659067 6.13359502446186 7.6409124216354
Phyllostomus_hastatus 37.3051350994697 4.56719049458494 16.9101336319614 -20.9632742343443 28.1843296013559 2.7322575903116 6.35482191770604 3.86442617184758 8.69739442372932
Pipistrellus_hesperus 4.87904417053018 -38.0923111038567 -18.1791381297003 7.258954937606 26.2747208132818 13.6148570526449 27.395163187847 -4.60939329093014 -2.1529447016178
Pithecia_pithecia 94.4449720357019 15.6570375997772 -18.8018193581799 -35.7519590650632 3.61888070420676 -8.61520214272982 -12.2200773686749 -1.69237872452292 1.33444841544451
Planigale_ingrami 32.8598594306102 3.92404957639849 2.6128243342385 15.6668713648024 14.6465804163408 9.41547561143934 10.3757073346046 13.5211454271122 -2.20881901178926
Platacanthomys_lasiurus 21.0545501310914 -13.6775274587548 -8.2220023752386 -13.3859303005306 14.9876053874523 -2.67513474498372 2.38380194312849 -4.92108720655551 0.378819909447511
Platygonus_compressus -13.9945822338654 -18.5448412455137 -6.48310416266792 -7.88579713204411 -5.6245289696078 -22.8896058905003 0.703102889700911 -11.5980215185263 6.87526173765619
Plionictis_sp -5.29417954583471 29.1115000831646 4.90087140768739 -23.4661244420775 -11.5373670867652 -6.29045108734791 3.25869922520244 -14.027349306565 -3.61609073911489
Pongo_abelii 128.098639582771 13.096363966039 -1.55439330417743 -43.7338589010942 3.13569870551201 -20.4183526942592 -2.10972405928776 -2.72145758870773 2.36541605549587
Pontoporia_blainvillei 66.8168788587588 50.6984358920393 42.3829350809306 27.2742249176941 -21.1637426859233 -14.6058781178969 -6.27042088399959 27.6696116596458 -1.97995641000873
Potamogale_velox -11.1689347333975 -11.7006198657692 0.606038319081633 26.1415965721528 19.2052570516447 -13.4231405689729 5.62632981697837 -6.75144539927925 2.38183260796045
Potorous_tridactylus 36.9974304865202 -19.5827198158812 -15.9166857567832 0.310904686125909 6.57439078050045 2.08720950207564 -0.364393728735398 -3.40011618412635 -3.80913771202257
Prionodon_linsang -26.9797992754531 25.5016273629782 15.2890076946171 -18.3415230594558 -14.1463538891404 12.5316838481524 3.02013940991728 -14.2245746161595 -0.920550661266838
Procavia_capensis -10.5923643132225 -30.1783126857012 -5.06920529535709 -19.4862499106735 -9.72906089280439 -0.0589775379149616 -6.90026569240744 -12.5152929670678 3.5340399836739
Procyon_lotor 43.4726306147416 13.96856636759 -2.44393834936247 -31.895867053951 9.64348577276402 2.42688150377734 -17.7086874529592 4.47346475482672 -1.22731625749773
Promartes_olcotti 46.1274954047551 16.4352038079259 -0.328609986061324 -16.7354242189166 -4.88484274781474 -25.3839539135294 -16.308415185042 -3.06270658820182 -3.06345122857094
Prometheomys_schaposchnikowi -6.0595286029479 -22.1155343625915 -24.7377868131559 9.19290500553455 0.0439442422694042 -1.05135894561828 5.99368758219929 4.0044366880502 0.114115390318583
Pronolagus_randensis 6.58977977373056 -28.8658964032436 -32.1117037445113 -12.4166293199786 6.0766522090426 17.4531115838469 11.222364558726 5.14918340791987 -13.5516871829301
Propithecus_verreauxi 85.0267191936198 -18.2404980526464 -11.8706594350505 -28.2975328978046 6.98291546225806 -0.424087220368864 -6.68682949205726 -3.75490057325714 -4.32927058420858
Proscelidodon_patrius -1.12451858376753 -26.3480152801805 26.8361186329652 -3.7634797738143 -13.8571418297948 -12.2920152226152 2.20923829224885 -8.81047619071357 3.40327066470166
Prospaniomys_priscus -28.6784592870997 -14.4013235771941 -18.0682098763737 -12.6275997176546 6.13270724111165 15.1238620564503 3.77696767380599 -4.69899220864482 3.61477010023138
Proteles_cristatus -26.0413192463362 13.1004572317986 29.7176524461662 -18.663267986577 -18.5526560709216 4.63435163202143 -13.2938918560147 -0.0317056621909854 -0.963920757281863
Proterotherium_cavum -59.1428276768099 -38.291543181557 -15.5797755822111 -15.7721658617164 -8.89900651057232 3.10397422817434 -4.15036101997036 -24.5435627288375 -1.67639483931492
Protocetus_atavus -50.9170155232533 40.5212706529189 14.0861841286621 -13.6799403784225 1.89359546574918 -6.06012122603882 -8.33306100967857 7.11681318011207 3.6084977343295
Protosciurus_rachelae -1.40048029674842 -15.2023966415536 -21.1616966011023 -2.88933620591619 2.3548956729976 9.2914884330186 6.46152733944757 -2.15482967578286 1.26175295886627
Protypotherium_australe -16.9072531527724 -67.648002557092 -7.93395064748659 -6.85589894994821 -1.77547423099116 -1.93672067391144 19.3448726457751 -3.59696280789547 3.93051045515254
Pseudaelurus_validus -7.28047178821143 14.1541694428974 27.8000610445743 -28.425503065933 -14.5472333183072 5.11363159479369 -14.0517461800778 -5.36771502124371 5.31529197463888
Pseudhipparion_gratum -6.67718797619289 -66.8061210965292 -1.44524489065579 -14.7817432209329 -3.58129618621313 -5.68246711960217 -8.88961057405077 -6.55350737423908 2.98482175126659
Pseudocheirus_peregrinus -25.8525764579546 -7.38417480342883 -17.4795343639262 -9.76289714968249 6.04494924877143 -3.2970759457194 3.0927346856306 -0.0201956178481634 -2.95309321467625
Pseudochirops_cupreus -24.5695449430522 -15.3390483095054 -9.78218688009376 6.84893622243657 6.15221093262525 -4.78868139952104 1.0714659270192 -1.81755396892429 -2.26692822975436
Pseudotomus_horribilis -22.9937023608356 25.5333530443888 -14.2380025747306 -15.4312276196363 29.6306401838363 -6.1261797814723 -5.9270547111039 9.65568681098634 3.03908432485176
Pseudotypotherium_pseudopachygnathum -33.5954720378576 -52.5722197458523 -12.2482311444023 1.40441640162121 -2.75445124543162 4.31208127700505 3.4706925123492 -6.66635201633282 -0.201850695037355
Pteromys_volans -5.78080251949482 -25.4829793500362 -18.210672808752 -9.73504745450619 -5.91648588191758 -4.09938116983169 -2.67157365172324 -11.085808040785 -8.6977493351949
Pteropus_giganteus -15.1866973694634 -6.88915845087581 6.93876115682296 -28.8580081849918 1.53039779753969 0.0243852278261967 -16.1043255815637 -10.7599794569418 2.02865463509616
Ptilocercus_lowii 29.4315219443172 -14.0565919494837 -5.84272043891209 -7.70901504367562 15.0272647337135 3.5835736686635 -2.52405719084088 -6.36271715769445 0.0261922184735963
Quercygale_angustidens -61.9444332943157 29.0136272036279 10.3651266539052 -7.7412358418962 -6.5008300191707 9.85120306994398 -5.06578034232168 -7.9733780752771 0.95839463993814
Rapamys_atramontis -34.2082520219119 -19.5923657784966 -9.24736533238204 -12.3541390111747 1.76646278181821 14.9173502015059 -2.1213542718273 2.24243347612304 -0.0815020129192858
Redunca_arundinum -35.5690297646054 -41.660821441041 8.8871004535709 -31.6502036667408 -2.84475108556418 -12.1683929373539 -18.647474423107 3.27511451019549 -2.28427108270247
Rhinolophus_affinis 30.1765722651626 -30.3435729756844 -2.13082828201494 -27.2760145169179 14.3457469228467 -2.00700824648064 20.5807657024032 -14.8097070991415 12.7839301472076
Rhinophylla_fischerae 50.0611053193991 -22.5510064655689 -3.45308923316896 -5.30704661914203 20.8738105454187 -7.05848342831783 17.6908450621416 -3.39842726240621 3.06782735183783
Rhinopithecus_roxellana 115.663192090266 12.5394276142788 -3.69917894650708 -43.7954068407835 8.73294654903522 -15.9583252008327 -14.9562336549037 3.94320252051359 1.91848657774889
Rhinopoma_hardwickii -13.2821002282476 -45.8816155069302 -24.1465305006809 -17.3664791484482 26.6940242124834 6.58859163887578 21.0428498267842 -11.0146707511737 10.9565802495811
Rhipidomys_fulviventer 38.8856142869075 -5.03123359645896 -0.953094074053979 -15.927705901992 8.11857359259513 1.62464418635181 2.51254673977459 -4.81035387802585 -2.91610841441011
Rhizomys_sinensis -67.0550108250502 -21.2644532126657 -41.5929975507604 -5.48045333290075 5.08651112264077 -8.86268383459559 -9.39071356990276 7.30622763900905 -2.46089199900655
Rhynchocyon_petersi 12.2310186132808 -53.3220621656243 -21.2470558250677 -17.2341993712748 8.57358715098411 1.09063399001329 -0.0901234545576366 -2.13643246842006 8.97308535354227
Romerolagus_diazi 23.3393924794231 -21.2063006167253 -22.6476826168873 -16.630089906649 2.90531218690678 12.325281351195 6.74019107411218 1.58464301684392 -4.99207389058907
Rooneyia_viejaensis 51.9106095947706 -29.3285342839236 -11.6053393013811 -18.3722606390669 -3.91923780850096 -3.27660336086533 -7.22486512773789 3.35546394650347 3.6572694255306
Rousettus_aegyptiacus 6.34145069016413 -25.5090318578513 -11.0300974074314 -9.94175074546289 2.50178616675118 1.53840217328624 -1.15971890008844 -8.26910123564289 -5.1019927285121
Saiga_tatarica -6.59600481452959 -12.9490027517051 7.67114884296266 -9.09149867961797 -18.2604034233781 -10.1404881771553 -10.3620475339484 -6.08293899136815 -7.23163137316241
Saimiri_boliviensis 117.219574323317 24.6523152416425 -23.0087354139129 -44.9563853739596 -1.08682081671908 -13.3425969526851 -16.4296911879194 3.45130367300681 1.55423989915586
Sarcophilus_harrisii -28.108902451509 -22.669096697879 -13.3895465314853 8.99390762325207 15.7975642197605 -7.73571486819616 0.415451434643716 3.62824745583343 -3.62663987941399
Scalopus_aquaticus 10.7869892806051 -35.3685133410131 -26.5260937150736 7.52433169501465 -0.798496725250998 8.68919841099956 15.1829364774335 -0.65303884939842 -4.70601272336773
Scapteromys_tumidus 37.115083681881 -2.3159280170891 1.8521872844938 -6.89763816926281 2.80236383813278 7.75983071436872 1.47607704656702 0.048604532313693 -4.77581502998063
Sciurus_vulgaris 0.213751635550085 -16.3974207144559 -11.6525490759229 -17.0380583584537 -14.1336508674682 4.17829776453133 -4.61938841124915 -4.68705377833629 2.27008315482498
Scotonycteris_zenkeri 4.12793509159548 -34.5953066262548 -16.6699695486004 -0.544200438394636 0.454092417342984 3.99247732672806 -2.75501856994194 -9.75826336732318 -9.50572363544348
Semnopithecus_entellus 74.9634525811116 15.0516848312306 -18.4768956460274 -34.9907426832358 6.75561513649908 -9.58383481489704 -7.34070012516174 2.36144445263264 -2.42214441065461
Setonix_brachyurus 16.47227597266 -14.1476362016045 -18.8447117476899 -19.3738186153209 11.7482115510067 -5.19216761718559 -9.06690070282417 -3.47206914645592 0.585585636939514
Sicista_concolor 42.8742691799205 -21.8847912649303 -4.89173998632363 5.91649000700191 6.16573587450188 10.0583602496998 5.15198158708014 0.459211515962619 -6.58830303680692
Sigmodon_hispidus -16.4913267486297 0.882698303840955 -8.94673784581781 -13.3725165617192 -3.26065242948312 11.7732712035306 0.386539811666999 -9.117223548088 -2.12591569309868
Silvabestius_johnnilandi -36.9417597236677 -7.43067535505768 7.042775152981 -13.1826665149842 14.1221081910314 1.78215216625741 -5.38491374810305 6.38173244273568 3.29082235847197
Simosthenurus_occidentalis 11.97333457216 -22.6144331199599 -7.31124998377138 -7.54412845056136 10.0247021497606 1.36851458794079 0.30559383340087 4.64924343752054 -5.87280722306446
Smilodectes_gracilis 28.3413429200278 -33.5724118799567 1.5438776701245 -18.6624416326583 12.8994853278702 11.5576123321067 -7.53985060689095 10.2228578748766 4.02053584757425
Smilodon_fatalis -64.8987006225306 10.5612186140756 58.5253783893237 2.130769319503 -15.309113150658 -1.23684537962094 -18.2614446431111 -10.0705958657028 0.606991111616953
Sminthopsis_macroura 12.3055298726118 -6.02045672269766 -16.6775658468434 19.2616692209491 0.464626890051216 -1.38483257658002 12.6364278919756 5.56308808067275 -2.9815049552296
Smutsia_gigantea -5.59358449620723 24.8382887424309 23.5828820115192 -9.85794745124758 -4.53394664133123 -12.3176170625885 2.77959423862434 -3.50255439196731 -6.99088016317711
Solenodon_paradoxus -11.0529599368006 -28.6684411996698 13.5974566565384 -5.1191404205793 10.6727217252173 4.23765999216702 0.829727591098938 -3.88316319754076 5.11376102177385
Sorex_araneus 87.6629348806006 -36.8061410181321 -0.485954735982388 9.32630085509188 21.5234230823087 0.506205645189206 -1.93787016491596 -4.70467034899937 -12.5875996330173
Spalacopus_cyanus 8.58438426640581 -29.6448295239644 -26.3265427062197 6.35550069718323 3.19988353659053 9.7568715385543 16.2970294927994 -1.20209262670216 -5.48032662933758
Speothos_pacivorus 15.5303229785347 20.9934395171251 5.98254601684021 -15.164417786721 -15.5528104065431 -0.095757083466243 -15.4492243497898 -3.00041376042249 -0.751853268591604
Steatomys_pratensis 31.2775944414654 -5.51931278940468 -13.7770439782507 12.6759911713307 3.62873453046647 13.9771514243895 10.1683943571067 0.487311515882649 -10.3600767626939
Sturnira_ludovici 49.7221051762039 -10.9717849054498 7.31642847580854 -12.4226408890463 5.48312937366825 -13.3003317466449 16.0943768328682 -1.17904522693859 2.47408937920764
Suncus_murinus -10.5245414203026 -22.133887646347 2.89400672938562 17.1584894441796 29.3054711064708 14.2465705306931 0.97543578316312 2.34371572789781 2.41502976940472
Sundamys_muelleri -5.84264083533002 -10.4620029774719 -16.1791885387232 -7.08696063890011 -1.1739067697628 -0.763903074255303 2.3527080078016 -3.14127165796377 1.45655296412797
Sundasciurus_juvencus 30.3528510515003 -22.0487472972641 0.918751732850938 -12.7898478776038 1.96961039144352 6.64455170687312 -6.92110013509038 2.22808222574652 0.89258214502917
Sus_scrofa -14.2206741199986 -23.5437690281325 -22.1576557083495 7.6781612066252 -11.8842202825532 -23.9514795731965 -2.53704951112387 -4.19812247311592 6.45203002247843
Sylvilagus_bachmani 20.4620230018184 -39.2726022989729 -32.6189515384932 -13.0701496128064 5.38782901430367 6.43092852171539 5.22973180153781 -3.89210216656888 -7.45669647815754
Tachyglossus_aculeatus 43.7878518373827 49.4522007171279 8.74525669341336 -12.3495521524983 -8.87259779263637 -7.7969701579907 0.964370293013286 12.1877863625238 0.413958573094488
Tachyoryctes_splendens -59.8172556371318 -8.06578542894093 -33.3914887751375 -8.86755686143531 2.57296081540885 6.28281017803667 -1.10084750874516 3.38506716155151 -2.60776272434182
Tadarida_brasiliensis 11.575394746873 -57.9381917800407 -21.4160846914943 2.59915899177827 15.6396608111609 13.5867192053553 27.3238038583598 -9.06704177434193 2.5773496510214
Talpa_europaea 83.0431025648142 2.64616341512431 13.9625783872095 -17.5925078531973 13.4952527742876 -8.62361674502219 0.0425500093929573 10.3810188831598 -13.5084082523082
Tamandua_sp -9.00648465433686 -3.82354905374149 -0.122178602386503 -17.0460823631499 -2.35656150352646 3.54262370856977 -0.831709193621755 -5.9299336784898 -6.70917372692162
Tamias_striatus 18.8608996113308 -16.1732537882142 -6.9479705871878 3.66723289413275 -6.98248194468349 1.45384466177478 -1.50592771407809 1.6608064009076 -8.44495375889864
Taphozous_melanopogon -8.37421565658543 -26.4438215652241 2.50663167662668 -15.6985152269226 18.5283585001783 10.0110109253244 20.8755283937186 4.23819433146558 10.9355889599951
Tapirus_terrestris -58.511958349539 -71.9949549481629 3.77779284203072 -10.7495584166262 -6.74399981164979 -9.77624677019304 -9.82517973817634 -3.96613608136248 -0.184449039362589
Tarsipes_rostratus -3.98971592769922 0.811947232808547 -16.5366223118771 1.60977765219008 2.19353881566305 4.62365381955504 9.96416852773551 6.18929306877789 -8.49461100040712
Tarsius_tarsier 100.016987825885 -3.14687138703457 -9.11958405976826 -38.0738336205749 3.04496136677255 -6.52011910965533 -1.788145459666 0.985059438083546 7.59118812137203
Tayassu_pecari -2.90848231961613 -21.9559958614763 -12.2431557568179 -0.315328979179939 -6.43894595507861 -9.9896995481586 -6.03884754401966 -2.47821866111001 3.16269996826877
Tenrec_ecaudatus -21.2939810013741 -13.6613242572589 -26.8706467610355 16.2432492485607 16.2592641820836 -14.699445421193 7.1604188895127 12.0019744481041 -0.00577091869223238
Thalassocnus_natans 52.0806113255137 -15.258207626099 25.5974708604485 0.137412517466716 -0.723115277572477 -13.0163237108688 7.33377482495947 -11.3412615820322 -1.56564465782173
Theropithecus_gelada 101.968817805667 1.66124038999133 -17.1647202397725 -42.0613457168976 -0.783340293371283 -13.8335030220639 -10.3565026141424 5.38172094330477 -1.04340771653137
Thryonomys_swinderianus -36.4984438141346 -25.6262703450494 -20.6356379815694 -9.20007416677027 4.87971180290887 -0.0904062803162402 2.18620768644298 -2.69445553362733 1.14114193748728
Thylacinus_cynocephalus -22.1927899368787 -13.5743731931915 -2.41957336230077 -12.729594583655 5.53900500085272 -4.65074114394816 -2.41142371038559 0.33779720694236 -6.56767745104731
Thylacoleo_carnifex 13.8497830668201 -22.2554951189873 9.08567252415936 -6.2485695317789 5.32837453825471 4.11497597513168 -14.0780200593006 7.21586358320085 -5.49782969723029
Thylogale_stigmatica 9.25201639564418 -9.39956770935168 -19.2913697227044 -8.61595747461998 11.1690364284437 0.551036385024916 -0.562404330749175 -3.90213701642503 -5.06324328178974
Thyroptera_tricolor 48.3814985728367 -24.1517264929623 -7.16888650468277 -25.6714744883166 21.6649977993757 1.38250303469977 7.43109163451903 -2.80721272912699 16.2765315095731
Titanoides_primaevus -102.522673526937 21.1744777567435 22.7806024492891 8.53142939753283 9.47595478182042 -20.7530795861819 22.0831725346493 2.54097118720578 4.02371317941329
Tomopeas_ravus 25.9247313479397 -44.068413516899 -8.0935196809843 -8.60757152686236 7.47892515738198 6.24659012394768 25.8412191353817 -3.20547986984418 10.9261307214935
Tragelaphus_scriptus 5.82207622231002 -31.7065497436758 -11.2447842338233 -21.4577623445261 -2.20535586601867 -5.23744109030028 -2.00597032748896 -6.34845412083301 1.69355698172314
Trichechus_senegalensis 5.21604918161476 -28.5394836553674 7.35836498417929 -29.046732338544 1.60093295786667 -3.75989616586132 -4.01438006628177 2.89722611854434 4.82938385791435
Trichosurus_vulpecula -12.093204545654 -12.1022718902572 -4.34094426232403 -10.5459712715221 7.73011208720982 -4.40461684196336 0.0543980581245413 0.855692859464776 -0.691645959627492
Trinomys_iheringi 24.4719335302487 -31.9338073088826 -8.16886705348789 -17.4689708328982 6.33437425956751 9.42437742060831 6.22223520572442 -10.4902842027493 0.968021644556578
Trogosus_hillsii -48.6126958824609 -27.1106002880229 35.3309050301119 -5.27895326262544 0.00238122652176126 3.65902004645591 -11.5658563586469 -6.43379311300181 2.66036109775534
Tupaia_belangeri 15.766114639539 -14.7798684496079 -8.74637031628544 -9.14453718382697 2.45916390274264 -4.09282261213894 0.294126524046699 -0.124203187424469 -8.12584991892641
Tylomys_nudicaudus 12.6744188160034 -13.319326380662 -7.56526985989985 -19.9802350736635 15.4610555362507 7.22495476588734 6.32142052733426 -5.38260889738462 1.44114899219881
Typotheriopsis_sp -73.0619475040979 -40.0866687739689 -38.484688497784 -2.89326007673699 11.8421542773489 -10.1188687604083 5.14919312556984 -12.4964614956801 14.7938535229134
Uintatherium_anceps -72.6820280647772 -42.9790977208712 -2.08911137427251 84.820493763345 -18.3342817271471 -9.13862402855741 26.028204176843 6.54452669967391 7.3858006493385
Urocitellus_columbianus 2.10417436476487 -15.4329654348797 -13.2599911130353 -8.04459664201648 -7.18740387612139 -1.97869865920061 -4.2137123242872 4.27180714939357 1.1275412377812
Urocyon_littoralis 30.8739780886817 9.59243541377034 3.25886433157844 -26.2193813691901 -12.6665131299197 -10.5329546497301 -14.9992224085391 1.22821054326888 -6.39820993332399
Uromys_caudimaculatus -3.50421403827726 -4.47494036736827 -12.0789649013015 -3.87225147175789 8.70046201256037 -0.832891971984755 -7.53613315371029 2.07104274280496 -0.973259061714666
Uropsilus_gracilis 121.221987275353 -18.5251130763725 -5.85462671918892 18.8351668094153 13.042703831212 -6.2025017492006 11.5348198309961 3.89683025564805 -15.0156234115666
Ursus_arctos -15.432081771491 25.6758351813588 19.5323350154153 -5.18632609955573 6.23108229559647 15.6015684611797 -19.0247426744512 -2.0744902384377 -1.4526406783942
Ustatochoerus_profectus -43.7235414199703 -7.75195468424604 -8.45763237859657 -38.5908501394768 0.122237900499643 1.1924073480441 -6.74564071010003 -5.9697890292479 6.48625000162691
Vampyrum_spectrum 15.3730622669666 -2.57111687776727 16.4689203238031 -15.0205628608032 12.6585093054125 -19.3467194206143 2.73489664323257 2.78927890822851 3.24071154206868
Vandeleuria_oleracea 22.1986878261547 -7.63261198158955 -12.8495344538697 -6.69159538919713 2.79134357754073 0.320655430044499 13.3324426101234 0.109541286674086 -4.30310315233971
Varecia_variegata 52.2145014884663 -7.98394949930033 0.834354308984647 -25.9428576989494 -9.09888713337726 -2.01363225561076 -0.138959774861832 -1.04171250948881 -4.0146280218809
Vombatus_ursinus 7.01426252071603 -14.7918036115599 -10.5704029108342 2.45806568123956 6.98404024377778 -5.96540019196466 -3.52735512284054 7.03489415253654 -3.07227780680727
Vulpes_lagopus 30.6118284128035 17.4431565306323 18.4148389737883 -16.7109813303376 -2.5361204193414 -13.3298837914386 -24.0410717183227 2.18529344159267 -9.46119472136777
Wallabia_bicolor 23.4490576348272 -15.328468191761 -5.57140806007013 -4.90668759318768 2.89139661748069 8.8951753780006 -5.56715840583795 -1.0706992153124 -2.60258401310773
Yalkaparidon_coheni 30.6074449553946 -20.8764456886138 -11.5931947587952 23.0893874587737 2.08818353716192 -2.51011429567927 4.81043987411198 8.01269604941784 -3.46534906381461
Zaglossus_bartoni 68.3999740290186 52.8400914690856 17.7421797830343 14.6035135745605 -1.51218971309887 -14.7821394183192 -5.47921632506952 15.7398955756745 -4.13825773827583
Zalophus_californianus 38.7797788950904 90.8091912575174 38.109415321876 15.5559786241804 -24.4617506034372 7.55356852211129 -19.19634673583 -11.3317386605582 0.281236375465983
Zapus_hudsonius 21.804834790896 -21.6132926381212 -17.6624496514859 7.58016169050791 15.1055172894677 3.2758143709651 8.7417076762644 -1.18500621564661 -4.9755767388284
Zenkerella_insignis 4.21119742903582 -19.4222109559942 -14.4103764181093 -12.0326249266378 3.15896154240118 -0.73913871396462 -0.994747650023225 -4.60573152168397 2.08546942829657
Zodiolestes_daimonedlixensis 10.4554622084229 40.6357785088763 17.6715096633653 -13.966310273866 -18.6824630538367 -5.61369759453111 -4.31926994522987 0.498137409608178 -2.06904170376734
Zygodontomys_brevicauda 18.6369928330447 -5.28976825567432 -4.97978585361964 1.08697406364019 -3.86796941051794 5.24768676584177 2.82561687611337 -5.69681247169903 -8.1420425364666
Zygomaturus_trilobus 21.0869170355604 -2.03485776626769 15.6231100526488 25.0437995320202 -10.1583323798167 11.6776757695671 -20.8171391478602 -1.08793962171245 1.51285121061003
